1656267168.png,0.15428147092461586,-0.13988181948661804,-0.003463387489318792,-0.04019862413406372,-0.021784871816635187,-0.05156928300857544,-0.08078882098197948,-0.018319427967071533,-0.09452648460865012,-0.020516365766525213,0.09401122108101845,0.0561007261276244,-0.09401122108101846,-0.056100726127624456,0.06111690402030945,0.23819977045059204,-0.034358695149421685,0.32283622026443476,0.13545295596122747,0.001523435115814431,0.2727616354823113,-0.016082882881164662,-0.12260554730892181,0.4584242701530459,-0.06136290635913609,0.5728712677955625,0.2686212211847305,-0.06846594810485862,0.29329051729291683,-0.1453249454498291,0.08987224102020275,-0.07248902320861794,0.10650852322578419,-0.023327231407165527
1656267169.png,0.1657903492450714,-0.09921459853649134,-0.008554726839065552,-0.0462283492088319,-0.01533067226409901,-0.050405621528625544,-0.08051043748855591,-0.024834722280502264,-0.09042674303054826,-0.02689367532730108,0.06148684024810791,0.05512861907482158,-0.06148684024810791,-0.05512861907482153,-0.007216542959213201,0.24755090475082386,-0.0526481196284294,0.3475641310214996,0.18299025297164906,-0.014060020446777344,0.34373750537633896,0.006811022758483998,-0.11518222093582153,0.5361396074295043,-0.10871890187263489,0.6234550178050995,0.2890238761901855,0.02565050125122048,0.31771904230117803,-0.0379411578178408,0.0831491649150849,-0.22955518960952737,0.09660124778747547,-0.1512883901596066
1656267170.png,0.15033201500773433,-0.09257213771343231,-0.002240419387817383,-0.04337859153747564,-0.015022397041320745,-0.04592245817184454,-0.07521378993988037,-0.031908065080642756,-0.08311124145984655,-0.04169154167175293,0.07111379131674761,0.0365786999464035,-0.07111379131674761,-0.0365786999464035,0.01859961450099959,0.24632209539413447,-0.0013127252459526478,0.31781831383705134,0.13127359747886647,-0.04911088943481445,0.28367486596107483,-0.04210829734802246,-0.06312617659568778,0.4731361269950863,-0.03996130451560023,0.5418728888034818,0.2119295746088029,-0.02910429239273038,0.23809275403618818,-0.1268531084060669,0.08276924490928655,-0.1611359119415282,0.04752728343009943,-0.061502814292907604
1656267171.png,0.15724152326583862,-0.049267858266830555,-0.006753265857696478,-0.04333177208900452,-0.009859055280685425,-0.04308342933654785,-0.0635376274585725,-0.026981711387634166,-0.06552368402481085,-0.02977052330970753,0.07418504357337952,0.05974408984184271,-0.07418504357337954,-0.05974408984184271,0.010177075862884466,0.232766032218933,-0.11344140768051143,0.31109309196472157,0.07875213027000422,0.0013320446014402076,0.33694067597389227,0.011170148849487416,-0.14738281071186066,0.4534108042716979,-0.14469983428716654,0.5589213371276853,0.3189218193292618,-0.03265446424484231,0.3296455666422844,-0.03887945413589455,0.010085344314575084,-0.011908292770386075,-0.019055336713790838,-0.0187188982963562
1656267172.png,0.1572935357689858,-0.05049434304237366,-0.007020145654678456,-0.045173436403274536,-0.011637419462204035,-0.04528573155403137,-0.06708338856697077,-0.027294456958770696,-0.06725898385047913,-0.031120270490646418,0.07007984071969992,0.05898883938789373,-0.07007984071969986,-0.05898883938789373,0.02810019254684437,0.22231590747833263,-0.11003297567367555,0.3045461177825929,0.0634270608425141,-0.0029027462005614124,0.3299291580915451,0.012552022933960183,-0.1587470173835755,0.4356018304824828,-0.15154024958610535,0.541170060634613,0.3292265832424164,-0.011465728282928356,0.3489513248205185,-0.023862242698669323,0.0186881422996521,-0.02688211202621482,0.0002631843090056818,-0.018467664718627597
1656267173.png,0.15650911629199982,-0.05233760178089136,-0.006952077150344849,-0.04572790861129761,-0.010694831609725952,-0.04702043533325201,-0.06698194146156311,-0.028151273727416937,-0.06640210747718805,-0.029228419065475353,0.06946887075901031,0.0583614856004715,-0.06946887075901031,-0.05836148560047144,0.03039371967315674,0.2213945984840393,-0.11032851040363315,0.3061350882053377,0.06287488341331476,-0.00034654140472389905,0.3308991938829422,0.01173168420791626,-0.1562660187482834,0.43662196397781383,-0.13989627361297607,0.5403365790843964,0.33132047951221466,-0.03008830547332786,0.33829653263092035,-0.025551915168761985,0.014077603816986084,-0.00813496112823453,0.018786251544952448,-0.050059914588928334
1656267174.png,0.15970327705144882,-0.055275991559028625,-0.008436799049377441,-0.04835170507431025,-0.01135718822479248,-0.048645466566085815,-0.06710568070411693,-0.024276405572891235,-0.0678118765354156,-0.02622714638710022,0.06690525263547892,0.05582965910434723,-0.06690525263547897,-0.05582965910434723,0.03466242551803583,0.22378551959991466,-0.10696122795343398,0.30622681975364674,0.0649142861366272,-0.000530540943145974,0.326039157807827,0.011517345905303955,-0.15097850561141965,0.4391866326332091,-0.15243665128946304,0.5496102273464204,0.3051089048385619,-0.013223409652709961,0.36221929639577866,-0.034387052059173584,0.033805549144744984,-0.02401965856552124,-0.013429135084152222,-0.046761155128479226
1656267175.png,0.14529058337211614,-0.08049890398979187,-0.0050371587276459295,-0.04434633255004894,-0.01667752861976629,-0.0455184280872345,-0.06890535354614269,-0.012842863798141313,-0.08061501383781433,-0.019994497299194336,0.0748349130153656,0.056009382009506226,-0.0748349130153656,-0.05600938200950617,0.034170329570770264,0.22479474544525146,-0.11074641346931456,0.3119838237762452,0.051088571548461914,0.0035602450370789684,0.32676735520362854,0.0066295266151426,-0.13115717470645896,0.43667030334472645,-0.13314685225486755,0.5502784848213196,0.27628757059574116,-0.028785645961761475,0.3265137970447541,-0.06235867738723766,0.01670747995376587,-0.006912410259246493,0.007610529661178533,-0.02012389898300171
1656267176.png,0.14871073514223104,-0.0747588574886322,-0.008910864591598566,-0.04528248310089111,-0.0180949866771698,-0.04665800929069519,-0.07087799906730652,-0.017291069030761663,-0.08162999153137218,-0.02195098996162409,0.07592017203569412,0.055686295032501165,-0.07592017203569418,-0.055686295032501165,0.03018286824226374,0.22952222824096702,-0.11392509192228313,0.3120926022529601,0.05416914820671087,0.00016540288925170898,0.33274320513010025,0.006983578205108865,-0.1354112178087235,0.4412229061126711,-0.13666886836290354,0.5404462218284606,0.2798540443181991,-0.01066642999649059,0.33359503000974655,-0.050517082214355136,0.01892983913421642,-0.02628147602081321,0.005728304386138916,-0.018905222415924183
1656267177.png,0.15206529945135128,-0.08818617463111883,-0.009900331497192438,-0.04223355650901783,-0.020797282457351685,-0.041884034872055,-0.0730056762695312,-0.005755662918090876,-0.08551147580146795,-0.009302735328674372,0.07621892541646957,0.05391696095466614,-0.07621892541646955,-0.05391696095466608,0.030734300613403376,0.2282220721244812,-0.11246795952320097,0.3117487430572508,0.0535467267036438,0.0018031597137451172,0.32971605658531183,0.00429600477218639,-0.14548803865909574,0.44092607498168945,-0.1333524659276008,0.5483943819999693,0.2893376499414445,-0.028095364570617565,0.32946991175413126,-0.058800935745239036,0.018152296543121227,-0.005602300167083962,0.021885305643081776,0.008042454719543457
1656267178.png,0.15017285197973257,-0.0906544178724289,-0.008622795343399048,-0.04340428113937378,-0.01902064681053167,-0.04306215047836304,-0.07213887572288519,-0.009337395429611206,-0.08394524455070496,-0.013653725385665894,0.07450198382139206,0.05793093144893657,-0.07450198382139203,-0.05793093144893652,0.030683636665344294,0.2185711860656736,-0.1143504604697227,0.30907860398292547,0.05636343359947199,0.002097606658935769,0.3378799930214882,0.006487131118774414,-0.14208981394767756,0.4443846344947814,-0.13516557216644287,0.5486217439174652,0.28782737255096447,-0.04090541601181019,0.3291880935430527,-0.06039392948150646,0.018190562725067028,-0.008296191692352406,0.021936476230621282,0.005669772624969482
1656267179.png,0.14871147274971014,-0.08943904936313651,-0.00773498415946966,-0.04412412643432606,-0.017941981554031317,-0.04410290718078602,-0.07150703668594355,-0.00937199592590332,-0.08337888121604925,-0.016304880380630493,0.07311567664146418,0.057348594069480896,-0.07311567664146418,-0.05734859406948095,0.03263932466506969,0.2177731394767759,-0.11628495156764984,0.3074389994144438,0.05981066823005676,0.002033233642578014,0.3371794670820235,0.006688952445983998,-0.14481349289417259,0.43005037307739247,-0.13726042956113815,0.5440901815891266,0.2920794039964675,-0.028371334075927845,0.329621486365795,-0.059213578701019176,0.017138063907623402,-0.00639432668685902,0.0047197639942170855,0.010041236877441295
1656267180.png,0.14984606951475138,-0.08414438366889948,-0.007429510354995672,-0.04423603415489197,-0.01809525489807129,-0.04451513290405279,-0.07194745540618902,-0.00969591736793518,-0.08353865146636957,-0.016555905342101995,0.07489579170942312,0.05577790737152094,-0.07489579170942307,-0.05577790737152094,0.033088862895965465,0.22452205419540416,-0.11322756856679916,0.31199073791503895,0.05247941613197332,0.003092169761657604,0.3311765864491464,0.005300045013427845,-0.14478184282779702,0.4384329915046694,-0.14610623568296432,0.5487290024757385,0.2874258905649185,-0.012444555759430043,0.33986578136682516,-0.0602855682373048,0.004377841949462891,-0.02325505018234275,0.008122205734252874,-0.018260478973388672
1656267181.png,0.15131989121437073,-0.09140944480895996,-0.008867263793945257,-0.04301196336746205,-0.01899746060371399,-0.04302546381950373,-0.07186838984489441,-0.008047163486480824,-0.08417701721191406,-0.014234781265258789,0.0735907256603241,0.05844876170158392,-0.0735907256603241,-0.05844876170158392,0.03201478719711298,0.22052073478698742,-0.11525147408246993,0.3101380467414857,0.054956614971160944,-0.00029742717742931024,0.3359569832682609,0.006165444850921631,-0.14136998355388639,0.4435405135154724,-0.14700981229543686,0.5464242100715636,0.2856775373220444,-0.023131728172302246,0.3400126323103905,-0.05824673175811734,0.004978358745575062,-0.02665466070175182,0.0066359043121339,0.00979912281036377
1656267182.png,0.1535685881972313,-0.09231217205524439,-0.010689377784729004,-0.041756331920623724,-0.01931330561637884,-0.04187992215156561,-0.07231229543685913,-0.007473170757293701,-0.0849588513374328,-0.013395547866821234,0.07285761088132858,0.060238733887672424,-0.07285761088132861,-0.06023873388767237,0.01894417405128479,0.22465819120407127,-0.11611112952232358,0.3136380016803741,0.0692312121391297,-0.003978669643402322,0.3381712883710861,0.007140398025512806,-0.14097976684570312,0.4474511146545411,-0.1487346291542053,0.5531928837299345,0.28654107451438904,-0.011965811252594105,0.343354120850563,-0.03419739007949818,0.019877135753631592,-0.019561529159545787,0.020019769668579157,-0.020336866378783958
1656267183.png,0.15386667102575302,-0.09462024271488184,-0.011446595191955622,-0.041415333747863825,-0.018708676099777166,-0.0414875745773316,-0.07300838828086847,-0.0054435729980469305,-0.0859664678573609,-0.011055231094360352,0.07301097363233561,0.05937911570072174,-0.07301097363233566,-0.05937911570072174,0.021749317646026722,0.22251731157302834,-0.1150892823934555,0.3114953339099885,0.06696334481239308,0.00989264249801669,0.33746895194053644,0.006947457790374423,-0.15456239879131306,0.4476114511489868,-0.14931578189134598,0.5508492887020109,0.29979301989078516,-0.025571942329406627,0.33938249200582504,-0.05939221382141102,0.004361152648925781,-0.027800023555755837,-0.010806381702423096,0.011570692062378263
1656267184.png,0.15115764737129211,-0.09102106094360357,-0.009063303470611572,-0.043501317501068115,-0.018421083688736017,-0.04328635334968567,-0.07216811180114746,-0.009557366371154785,-0.08371996879577631,-0.016505271196365356,0.07209879159927363,0.06014946103096014,-0.07209879159927368,-0.06014946103096014,0.02074924111366272,0.22152912616729714,-0.11579199880361556,0.31262165307998635,0.06795713305473333,-0.0022722482681272194,0.33834757655858994,0.005359292030334584,-0.14051055908203117,0.44608944654464733,-0.1485043540596962,0.5510622859001156,0.28739774227142345,-0.025865554809570646,0.33894292265176773,-0.05917692184448209,0.01977783441543557,-0.028692662715911754,0.0055235326290130615,0.00779515504837025
1656267185.png,0.14555414021015173,-0.09216725826263428,-0.007665991783142201,-0.04551076889038086,-0.017808109521865845,-0.04525080323219299,-0.07535946369171137,-0.013071298599243164,-0.08079051971435552,-0.022365838289260864,0.07510764896869654,0.05996540188789368,-0.0751076489686966,-0.05996540188789373,0.03335362672805786,0.2189429998397826,-0.11468400061130524,0.312129557132721,0.05827948451042181,0.0010434389114380993,0.338502511382103,0.008157849311828613,-0.1398526579141616,0.4475840926170349,-0.13311094790697098,0.5553429126739504,0.2832786291837692,-0.022729575634002686,0.3261783495545387,-0.061413228511810636,0.019983947277069092,-0.02610135078430198,0.023965924978256226,-0.022741436958312766
1656267186.png,0.13712147623300552,-0.08504910767078394,-0.008375465869903564,-0.044994205236434937,-0.014550328254699652,-0.04757148027420044,-0.07146897912025452,-0.019729107618331854,-0.07480433583259588,-0.022156774997711237,0.0761775746941567,0.04932893812656397,-0.07617757469415665,-0.04932893812656397,0.0366550087928772,0.23027610778808583,-0.10597676038742067,0.30956527590751637,0.060152381658553966,0.007388591766357755,0.33805583417415613,0.008857667446136586,-0.12527044117450717,0.4490100145339968,-0.12317942082881926,0.5517345964908601,0.2572477310895921,-0.02268254756927479,0.323062002658844,-0.05492997169494673,0.023165464401245006,-0.03138720989227306,0.008504390716552679,-0.025347173213958407
1656267187.png,0.15215253829956055,-0.07733844220638281,-0.009710371494293213,-0.046274334192276056,-0.013899266719818115,-0.04642727971076965,-0.070376455783844,-0.017900913953781017,-0.07126125693321228,-0.02219796180725092,0.07451930642127991,0.058405354619026184,-0.07451930642127991,-0.058405354619026184,0.024390697479248047,0.227286398410797,-0.11282998323440553,0.31526848673820485,0.06980219483375544,-0.005450248718261608,0.3401009440422058,0.004285871982574574,-0.14166992902755737,0.4530209898948667,-0.13186568021774292,0.5589251816272736,0.28882211446762085,-0.009780108928680309,0.3321832716464997,-0.0335543155670166,0.020599424839019775,-0.0180680751800536,-0.015427768230438343,-0.019315719604492188
1656267188.png,0.14797181636095041,-0.09811942279338842,-0.010300129652023315,-0.04336142539978022,-0.019744127988815308,-0.04496419429779047,-0.07543271780014038,-0.007236689329147339,-0.08286994695663447,-0.012757271528244019,0.07467669993638987,0.058137550950050354,-0.07467669993638992,-0.0581375509500503,0.02383345365524292,0.22114789485931385,-0.11520053446292877,0.31413629651069624,0.0709790587425232,8.487701416026727e-05,0.34171411395072937,0.003948926925659291,-0.1414758116006851,0.448321998119354,-0.13314183801412582,0.5533510744571681,0.27335669100284576,-0.018910586833953746,0.32794479280710215,-0.08415752649307218,0.021242976188659668,-0.0265211462974545,0.023177653551101796,-0.0007453560829164818
1656267189.png,0.1468032374978066,-0.09451688826084131,-0.010850131511688288,-0.04233187437057501,-0.0182292759418487,-0.04225331544876104,-0.07520312070846558,-0.01092663407325739,-0.08119353652000438,-0.016335278749465942,0.07393521815538406,0.058110788464546204,-0.07393521815538404,-0.05811078846454626,0.03331425786018383,0.2221527099609375,-0.12296806275844571,0.31480887532234186,0.059797465801239014,-0.0012484192848207787,0.3483841121196746,0.003913164138794056,-0.14166332781314847,0.44963985681533813,-0.13510616868734357,0.5525900423526766,0.27185384929180145,-0.019936859607696422,0.3273090496659279,-0.056293368339538796,0.02143159508705139,-0.02690696716308627,0.008596688508987482,-0.024541616439819225
1656267190.png,0.1482453346252442,-0.09423233568668371,-0.010497242212295643,-0.043270230293273815,-0.018158435821533314,-0.04334327578544617,-0.07519865036010737,-0.011600345373153798,-0.08180144429206848,-0.01741290092468256,0.0731429755687713,0.05656708776950836,-0.07314297556877133,-0.05656708776950842,0.03312110900878906,0.22227638959884655,-0.1178470700979233,0.3080283105373384,0.06175392866134638,-0.0035809874534609154,0.34320364892482763,0.006214499473571555,-0.14191579818725578,0.4473443031311033,-0.1357052549719811,0.5487714111804962,0.29336705803871166,-0.037956893444060946,0.33062558621168137,-0.08439391851425182,0.003310978412627952,-0.007004141807556263,0.02325958013534546,-0.0011420845985410377
1656267191.png,0.1473028883337974,-0.0956689864397049,-0.009723037481307983,-0.04378551244735723,-0.01873564720153814,-0.042326509952545166,-0.07560759782791143,-0.008729696273803655,-0.08201012015342712,-0.01603260636329651,0.07364865392446518,0.05801798403263092,-0.07364865392446518,-0.05801798403263092,0.032863020896911566,0.22181165218353271,-0.12353269755840306,0.3155118525028229,0.061668157577514704,-0.0022734403610230602,0.34953755140304565,0.0014520883560181774,-0.14282250404357916,0.44857794046402,-0.1362436786293984,0.5518402755260466,0.2908264398574829,-0.019643843173981046,0.32882579416036606,-0.05638343095779397,0.0028107166290283203,-0.0029633045196532093,0.022104024887085016,0.00492405891418457
1656267192.png,0.14673025906085962,-0.09137128293514252,-0.009948492050170787,-0.042923569679260254,-0.01858946681022644,-0.04341018199920654,-0.07418218255043035,-0.012661188840866089,-0.08210566639900202,-0.01824840903282171,0.07438422739505762,0.0580853670835495,-0.07438422739505768,-0.0580853670835495,0.022449076175689753,0.22475904226303078,-0.11629666388034822,0.312839537858963,0.07083603739738464,-0.0031210780143735573,0.34216128289699554,0.005368828773498535,-0.142098993062973,0.44983744621276855,-0.1355692520737648,0.5532871186733246,0.2724457383155823,-0.01901632547378518,0.3290267065167427,-0.05721020698547363,0.019632816314697266,-0.0045773983001712315,0.022768795490264893,0.004815280437469371
1656267193.png,0.15010143816471094,-0.08206717669963837,-0.009520739316940308,-0.04746457934379583,-0.017999470233917236,-0.04767954349517822,-0.0763584971427918,-0.01641812920570368,-0.08204588294029236,-0.02242705225944519,0.0731398612260819,0.05829589068889618,-0.07313986122608193,-0.058295890688896235,0.035016179084777665,0.22149932384490967,-0.11691947281360625,0.30944803357124323,0.06052881479263306,-0.003188610076904297,0.3427798599004746,0.006778001785278209,-0.14208754897117626,0.4457181096076963,-0.13645344227552408,0.5501365959644318,0.2905188798904418,-0.018307089805602805,0.3297689780592919,-0.05519747734069824,0.0058411359786988415,-0.026171445846557506,0.0076728165149688166,-0.024836361408233643
1656267194.png,0.14845336228609074,-0.09349830448627472,-0.008191466331481878,-0.04477718472480774,-0.018617719411849976,-0.04428422451019293,-0.07726624608039856,-0.009985715150833074,-0.08362147212028498,-0.01571345329284668,0.07341999560594559,0.057500556111335754,-0.07341999560594559,-0.0575005561113357,0.03374093770980835,0.21757042407989502,-0.11652754992246633,0.30999287962913497,0.06286963820457453,0.002609074115753174,0.34236303716897964,0.004651069641113392,-0.14073401689529424,0.44356846809387207,-0.13581614196300512,0.5475380718708036,0.2861774265766144,-0.038008213043213,0.3272520303726196,-0.08154720067977883,0.003241240978240967,-0.006014227867126354,0.012151598930358942,-0.02348572015762329
1656267195.png,0.14550755918025965,-0.09372580051422114,-0.007536232471466009,-0.046026200056076105,-0.017963945865631048,-0.045281767845153864,-0.07617098093032842,-0.010940223932266235,-0.08353796601295477,-0.01901915669441223,0.07383467257022863,0.058895111083984264,-0.0738346725702286,-0.05889511108398432,0.022974580526351762,0.217385232448578,-0.11783535033464429,0.3108043670654295,0.0718680620193482,0.0040898919105528675,0.3422267809510231,0.00615835189819347,-0.14113897085189822,0.4425157904624939,-0.13585483282804486,0.5485959053039549,0.2853293716907501,-0.03609347343444824,0.3238949701189994,-0.07919925451278687,0.004254758358001709,-0.007697701454162598,0.02603012323379522,-0.0016851425170896217
1656267196.png,0.14733795076608647,-0.09573645889759058,-0.008517324924468939,-0.044526249170303456,-0.01912766695022583,-0.04387238621711742,-0.0766592025756836,-0.0088739395141601,-0.08365675806999201,-0.014534592628478948,0.07354230433702469,0.0584324449300766,-0.07354230433702472,-0.058432444930076655,0.031716883182525524,0.217138171195984,-0.11498335748910905,0.30731126666069036,0.06320294737815868,0.0027052760124205433,0.33887689560651774,0.007502198219299205,-0.14069496095180523,0.44210827350616444,-0.13624760508537295,0.5495374500751495,0.2833262234926223,-0.016890764236450195,0.32519562542438507,-0.054344475269317516,0.005204796791076771,-0.025052130222320557,0.01062542200088501,-0.024112224578857422
1656267197.png,0.14839350432157522,-0.09822534024715418,-0.009592860937118586,-0.04398074746131908,-0.018935352563858088,-0.04288950562477123,-0.07682618498802185,-0.008415937423706,-0.0834729373455047,-0.014836400747299194,0.07324161380529404,0.05724130570888519,-0.07324161380529404,-0.05724130570888514,0.03343406319618225,0.2168620228767395,-0.11324152350425722,0.3061226904392241,0.061819642782211304,0.004479527473449818,0.3380150347948074,0.007270097732544278,-0.13960796594619754,0.4409952759742739,-0.13520711660385132,0.5457011759281156,0.28477564454078685,-0.03401470184326194,0.324397161602974,-0.05067056417465199,-0.01124340295791637,-0.0032599568367004395,0.008908510208129827,-0.02437591552734386
1656267198.png,0.14490296691656113,-0.08493345975875854,-0.0056950449943543036,-0.04666802287101757,-0.01604849100112915,-0.04778993129730219,-0.07637903094291681,-0.016942977905273382,-0.08212298154830938,-0.023538589477539174,0.07414605468511581,0.059057533740997314,-0.07414605468511587,-0.059057533740997314,0.024003356695175115,0.21778947114944447,-0.11513652652502054,0.310379922389984,0.07024911046028148,0.0015367865562437855,0.33955461531877523,0.006903529167175404,-0.14130523800849917,0.4432109594345093,-0.13599341362714762,0.550320506095886,0.2833116054534913,-0.018526017665863037,0.3244020119309426,-0.05508774518966664,-0.008404850959777832,-0.024074733257293812,-0.00464159250259405,-0.022844135761260986
1656267199.png,0.16108969599008555,-0.05859152972698212,-0.008615642786025945,-0.04791414737701416,-0.010982394218444824,-0.046884179115295466,-0.0652002096176148,-0.02575367689132685,-0.06651845574378956,-0.02791905403137207,0.06916625052690506,0.05761657655239105,-0.06916625052690503,-0.05761657655239111,0.02853173017501831,0.22124916315078746,-0.12314929813146594,0.3099022209644318,0.07090213894844061,-0.007466554641723855,0.3419861271977424,0.0013942718505858265,-0.15206307172775269,0.4462761878967285,-0.1534121707081795,0.5480608642101288,0.3053556978702545,-0.02269917726516746,0.36261453479528427,-0.03119039535522461,0.020120859146118053,-0.02813780307769742,-0.01121112704277033,-0.052361905574798695
1656267200.png,0.16306750476360327,-0.04893444478511805,-0.0044666230678558905,-0.04616874456405634,-0.010822981595993042,-0.044892787933349665,-0.07020840048789967,-0.030041575431823897,-0.07051831483840942,-0.03452607989311213,0.06867189705371851,0.06119047105312342,-0.06867189705371851,-0.06119047105312342,0.020384520292282216,0.23008656501770042,-0.12506190687417984,0.3127410113811494,0.07903528213500977,-0.014252424240112416,0.3447508588433265,0.0017341375350949928,-0.1703380048274993,0.4462112784385682,-0.16717429459095,0.5533606112003328,0.32398849725723267,-0.013171672821044922,0.3587288409471512,-0.03214401006698642,0.021002471446990967,-0.019716203212738037,0.005107581615447998,-0.0531249642372128
1656267201.png,0.16515269875526428,-0.04546800255775446,-0.00414109230041515,-0.046606630086898804,-0.011148393154144287,-0.04562968015670782,-0.07424443960189808,-0.03343114256858831,-0.07523167133331299,-0.03879418969154358,0.06822633743286138,0.0605849027633667,-0.06822633743286133,-0.060584902763366644,0.02626368403434748,0.22519993782043446,-0.12482485175132749,0.3116465210914611,0.07354497909545887,-0.008318662643432506,0.3458266854286194,0.004893243312835582,-0.16904152929782876,0.4328264594078062,-0.15638288110494614,0.5505356192588806,0.34323792159557354,-0.013616204261779341,0.36687513440847397,-0.03247344493865978,0.017386794090270885,-0.02730137109756503,0.020726233720779474,-0.060160279273986705
1656267202.png,0.16257133334875112,-0.05202843248844152,-0.005207031965255793,-0.04740244150161732,-0.012250661849975641,-0.046023488044738714,-0.07384946942329407,-0.03038007020950323,-0.07640251517295843,-0.036050051450729426,0.06799023598432541,0.058602944016456604,-0.06799023598432538,-0.058602944016456604,0.02583667635917669,0.22166508436202992,-0.12600219994783407,0.3131110966205596,0.07005146145820612,-0.0033962130546568714,0.34580945223569864,0.0025293827056885876,-0.15297517180442807,0.43178588151931774,-0.15347142517566684,0.5466237366199496,0.3252129852771759,-0.012170910835266224,0.38032874464988703,-0.02621167898178156,0.017363011837005615,-0.026603162288665994,0.003894329071045033,-0.0620681047439573
1656267203.png,0.1652252823114394,-0.04917272925376892,-0.004038274288177379,-0.0461103618144989,-0.00714212656021096,-0.04457888007164007,-0.06953412294387823,-0.028714805841445923,-0.07322305440902716,-0.03244638442993153,0.06828357279300695,0.059613436460494995,-0.06828357279300692,-0.059613436460494995,0.021503925323486273,0.227239191532135,-0.1236295700073242,0.30176323652267456,0.07816502451896662,-0.019763469696044922,0.34338134527206426,0.007065415382385143,-0.16943980753421792,0.44441622495651245,-0.1558508053421974,0.5493698716163635,0.3239053040742874,-0.026784121990203857,0.3488786891102791,-0.035371363162994385,0.024838030338287354,-0.032954931259155384,-0.015536576509475764,-0.05625635385513306
1656267204.png,0.16343951970338816,-0.05029001832008356,-0.0043309032917022705,-0.04537302255630499,-0.010823547840118408,-0.044700682163238636,-0.07107973098754883,-0.031392574310302734,-0.07149371504783625,-0.03603559732437128,0.06755477935075765,0.06153625249862671,-0.06755477935075768,-0.06153625249862671,0.02711355686187733,0.22148799896240223,-0.1206680834293365,0.3133177161216736,0.07458826899528498,-0.007559061050414817,0.33927218616008753,0.0027102231979370117,-0.16951330006122595,0.4310426712036134,-0.1591074168682098,0.5523773431777952,0.3399286419153213,-0.013376176357269398,0.36488686501979833,-0.032149553298950306,0.0048580169677734375,-0.05739051103591897,0.006672292947769165,-0.05623334646224942
1656267205.png,0.15434464812278753,-0.11034403741359705,-0.008796840906143188,-0.03474804759025574,-0.019395709037780817,-0.041669160127639715,-0.07173830270767212,-0.021344423294067327,-0.08300873637199396,-0.024527668952941895,0.08257231116294861,0.05252106487751007,-0.08257231116294861,-0.052521064877510015,0.06863203644752497,0.2262505888938905,-0.038797698915004744,0.2937337458133698,0.0452689528465271,-0.22922396659851085,0.31958209723234177,-0.20669257640838623,-0.07419154047966,0.46049201488494884,-0.05523952841758728,0.5633764564991,0.2670368552207947,-0.07479798793792736,0.24899214506149292,-0.13982319831848178,0.05774295330047596,-0.05233412981033325,0.06125372648239141,-0.02489352226257313
1656267206.png,0.16871453821659094,-0.05799420177936565,-0.004876077175140492,-0.034615457057952714,-0.00976356863975536,-0.036470741033553966,-0.06433787941932673,-0.034039407968521174,-0.07094651460647583,-0.039417147636413574,0.0701775997877121,0.052551642060279846,-0.0701775997877121,-0.052551642060279846,0.047060221433639526,0.21944165229797352,-0.08156126737594604,0.32221826910972584,0.07403028011322021,-0.21839946508407582,0.2705595195293426,-0.027536094188690186,-0.09849253296852115,0.43244624137878407,-0.08496166020631792,0.5388287603855134,0.3270999789237976,-0.21516126394271828,0.28895223885774607,-0.12781649827957164,-0.004032075405120739,0.06882613897323575,0.012984842061996571,-0.02829831838607788
1656267207.png,0.16801857203245174,-0.04363383352756506,-0.0034599602222443737,-0.03706106543540949,-0.010039478540420699,-0.038152009248733465,-0.06725567579269409,-0.03499799966812134,-0.06826215982437128,-0.03789040446281433,0.06898315995931625,0.0438450425863266,-0.06898315995931623,-0.043845042586326655,0.04019886255264277,0.2144308090209961,-0.09080532193183899,0.31287714838981623,0.07952582836151123,-0.19976037740707397,0.29465676844120015,0.012796342372894398,-0.10800956189632419,0.4260447025299071,-0.0962495729327202,0.5092796385288239,0.3041113466024399,-0.20909714698791504,0.27550373226404185,-0.12196314334869374,-0.011262595653533936,0.07418608665466331,0.008664608001709095,0.012406945228576882
1656267208.png,0.16448355466127385,-0.046698406338691656,-0.0033141076564788263,-0.037099629640579335,-0.009108871221542358,-0.03768736124038696,-0.06644070148468023,-0.036106616258621105,-0.06641259789466852,-0.039501965045928955,0.07104144245386124,0.0484789758920669,-0.07104144245386126,-0.0484789758920669,0.03950929641723622,0.20998936891555797,-0.09109678864479069,0.3166073262691498,0.07654786109924322,-0.20451050996780407,0.2828811556100845,0.008023440837859996,-0.11374253034591678,0.42099720239639316,-0.0963302925229073,0.5286128222942351,0.303657203912735,-0.20520591735839877,0.27393331378698343,-0.13972014188766457,-0.007804870605468639,0.029300570487976185,-0.005187094211578369,0.01372021436691273
1656267209.png,0.16516232490539556,-0.04539363086223602,-0.0028893649578095593,-0.03698325157165522,-0.008725881576538197,-0.03756037354469294,-0.06598398089408869,-0.03784850239753723,-0.06450161337852472,-0.039829701185226496,0.07093971967697144,0.047942355275154114,-0.07093971967697146,-0.047942355275154114,0.03836923837661749,0.21130663156509422,-0.09158509969711301,0.31693848967552196,0.07310757040977472,-0.20484387874603294,0.3002589344978333,0.012745380401611106,-0.113390251994133,0.4232868552207948,-0.09648964554071422,0.5284794867038726,0.20405538380146027,0.027091383934020774,0.2723432555794717,-0.11867350339889504,0.0906304121017456,-0.20267319679260243,-0.0018653273582459606,-0.007723093032837136
1656267210.png,0.16464809328317642,-0.04639324545860296,-0.002880930900573675,-0.03719934821128845,-0.009417116641998291,-0.038043111562728826,-0.0661004781723023,-0.03824225068092352,-0.06573346257209783,-0.040937900543212946,0.0713878646492958,0.04799479246139532,-0.07138786464929578,-0.04799479246139532,0.03786790370941162,0.211622953414917,-0.09235207736492158,0.31727904081344604,0.07302185893058777,-0.20524388551712047,0.30033707618713373,0.011842429637908825,-0.11326232552528381,0.43564385175704945,-0.09638826549053191,0.5303829908370971,0.20347696542739874,0.016090989112854004,0.2731653451919555,-0.12107610702514648,0.10016164183616633,-0.14928293228149414,-0.00304380059242243,-0.008485496044158825
1656267211.png,0.16358373314142238,-0.04727490246295929,-0.0032232999801636852,-0.03756338357925415,-0.009286254644394087,-0.037790328264236506,-0.065816730260849,-0.03764992952346807,-0.0660713911056518,-0.04065868258476252,0.07221169024705887,0.049352243542671204,-0.07221169024705884,-0.049352243542671204,0.03583228588104248,0.21178841590881337,-0.09315846860408782,0.3196655809879303,0.07344987988471985,-0.20584332942962635,0.3017467558383943,0.012218236923217773,-0.11435689032077784,0.4359830617904663,-0.09560578316450116,0.533385306596756,0.23305131494998932,0.01786285638809204,0.2857064083218574,-0.12284940481185902,0.06922551989555359,-0.1500893235206604,-0.016175895929336548,0.00628143548965443
1656267212.png,0.16252455115318293,-0.04782004654407496,-0.003117859363555797,-0.03816416859626787,-0.01013720035552973,-0.03828215599060064,-0.06632590293884277,-0.03512364625930775,-0.06818702816963196,-0.03999781608581543,0.0722903311252594,0.048738762736320496,-0.07229033112525937,-0.04873876273632044,0.03738570213317871,0.20900696516036987,-0.09308749437332157,0.3187933266162872,0.07693231105804443,-0.20428788661956787,0.2704106569290161,-0.023376166820526234,-0.10294514894485476,0.4191020131111147,-0.0936290472745896,0.512509673833847,0.2914253771305084,-0.20940983295440696,0.27105005085468303,-0.10183787345886242,0.000767827033996582,0.09098207950592052,0.010542392730712835,-0.012659251689910889
1656267213.png,0.1627423688769341,-0.04733046889305115,-0.0028246939182282604,-0.03671476244926447,-0.009164065122604481,-0.037464827299117986,-0.06603914499282831,-0.037234574556350764,-0.0669609904289245,-0.04114964604377752,0.07200061529874807,0.04849785566329956,-0.07200061529874802,-0.04849785566329956,0.03898391127586365,0.21100765466690052,-0.09148896485567092,0.31676214933395375,0.0755247175693512,-0.2057305574417112,0.28403567522764206,0.006869792938232422,-0.11207136511802679,0.4226486682891849,-0.09406162053346635,0.5312939286231992,0.30053505301475525,-0.20623779296875022,0.271116815507412,-0.12145972251892068,0.0023216605186462402,0.08604145050048806,-0.0038497149944305975,-0.007946610450744629
1656267214.png,0.16272879391908646,-0.04768033325672161,-0.003305286169052124,-0.037248879671096746,-0.009029746055602972,-0.03749632835388178,-0.06509289145469666,-0.03745079040527344,-0.0651291310787202,-0.04069516062736511,0.07298154383897776,0.04780797660350794,-0.07298154383897781,-0.04780797660350794,0.03544506430625921,0.2102242112159729,-0.09221243113279343,0.31741222739219654,0.07693079113960266,-0.20249247550964355,0.3003293946385384,0.012412071228027233,-0.10239404439926136,0.4213590025901792,-0.09351129829883575,0.5126789510250092,0.21888044476509083,0.03329885005950939,0.27073949575424194,-0.10251802206039429,0.06112292408943182,-0.1512202024459839,-0.003522098064422552,-0.00824195146560669
1656267215.png,0.16492324322462076,-0.05161453783512121,-0.004594594240188599,-0.036442905664443914,-0.009854435920715277,-0.03670036792755127,-0.06494927406311035,-0.03559011220932001,-0.06705063581466675,-0.03883242607116694,0.07290982455015182,0.048862800002098083,-0.07290982455015185,-0.04886280000209814,0.038697749376297,0.21415168046951294,-0.09337530285120008,0.31830754876136785,0.07456263899803156,-0.2084866166114807,0.26947318762540806,-0.011871516704559215,-0.10258832573890689,0.4177272915840148,-0.09435887634754177,0.5124234855175018,0.2931741774082184,-0.207436442375183,0.28390163183212286,-0.10464829206466664,-0.00021344423294067383,0.09726339578628529,-0.0019639730453491766,-0.006863653659820557
1656267216.png,0.16427123546600342,-0.05221877992153173,-0.004731178283691462,-0.03700935840606695,-0.009549319744110163,-0.03723710775375361,-0.06475949287414545,-0.033958673477172796,-0.06596958637237549,-0.036695897579193115,0.07236677408218384,0.049429163336753956,-0.0723667740821839,-0.0494291633367539,0.03850525617599487,0.21131300926208474,-0.09409686923027036,0.31837657094001776,0.0751845240592956,-0.2050504684448241,0.28506121039390564,0.006411373615264893,-0.10263508558273318,0.41887390613555875,-0.09507854282855982,0.5300980508327484,0.2948637604713441,-0.20871198177337613,0.28462545573711395,-0.12270671129226685,0.00853961706161488,0.09871661663055409,-0.0020158588886260986,-0.0057530999183654785
1656267217.png,0.16415098309516912,-0.05048161745071422,-0.004124760627746582,-0.035941958427429255,-0.010354846715927235,-0.03660634160041809,-0.06634873151779186,-0.03631353378295893,-0.06795158982276905,-0.03977420926094061,0.07259833812713623,0.051044195890426636,-0.07259833812713623,-0.05104419589042669,0.039698630571365356,0.21259254217147816,-0.0945316106081009,0.31901568174362155,0.07346042990684515,-0.21029019355773915,0.2842606455087662,0.006632208824158048,-0.10453304648399356,0.4291819334030149,-0.09610531479120257,0.532432436943054,0.28464725613594055,-0.08826780319213856,0.2837156429886818,-0.12103939056396484,0.0182836651802063,-0.03438180685043335,-0.001991719007492121,-0.007891416549682284
1656267218.png,0.1658417358994485,-0.05089512467384344,-0.004018306732177734,-0.036110877990722545,-0.006852626800537165,-0.03629946708679199,-0.06492874026298534,-0.0346959531307221,-0.06769418716430664,-0.03738135099411005,0.07182876020669937,0.050034165382385254,-0.07182876020669934,-0.0500341653823852,0.04054290056228643,0.21145504713058472,-0.09377399832010268,0.3209089636802673,0.07488921284675598,-0.20843380689620972,0.26809426397085184,-0.005686283111572266,-0.10249720513820637,0.42945361137390103,-0.09543211758136748,0.5310716032981873,0.28051538765430445,-0.056468784809112105,0.2677706480026245,-0.09388232231140137,0.01257169246673584,-0.04603695869445801,-0.0027833878993988037,-0.01677227020263683
1656267219.png,0.1676271110773087,-0.052237585186958424,-0.004466533660888727,-0.036303102970123124,-0.010268747806549183,-0.03588843345642073,-0.06600871682167048,-0.03414222598075878,-0.06689628958702082,-0.03788745403289806,0.07159312069416046,0.05005760490894329,-0.07159312069416049,-0.05005760490894323,0.0408383607864381,0.2138913869857787,-0.09416133165359496,0.3197284042835235,0.07545542716979975,-0.20984286069870006,0.2713532149791717,-0.004503726959228405,-0.10225591063499453,0.4179205894470214,-0.0965020433068275,0.5317089855670929,0.2936347723007202,-0.20969462394714367,0.28394449502229696,-0.12057924270629872,-0.0016916990280151367,0.10004937648773216,-0.00010535120964061395,-0.007629811763763317
1656267220.png,0.16847386211156845,-0.051626965403556935,-0.005097448825836182,-0.03792881965637207,-0.011163592338561956,-0.03789961338043207,-0.06773450970649719,-0.03218582272529602,-0.06832575798034674,-0.03627517819404602,0.07258488982915878,0.046850129961967524,-0.07258488982915878,-0.046850129961967524,0.039064824581146296,0.21563559770584095,-0.09543643891811372,0.3209705650806427,0.0765537023544311,-0.20592260360717785,0.2730386853218079,-0.004192233085632435,-0.10859483480453491,0.42745631933212247,-0.09903457015752795,0.5160230696201323,0.294452428817749,-0.2064957022666929,0.2872505858540535,-0.1052180528640746,0.0003724098205566406,0.09405064582824718,-0.0001220703125000555,-0.008615612983703502
1656267221.png,0.16601527482271194,-0.05319546163082123,-0.004500985145568848,-0.038138419389724676,-0.011754631996154896,-0.03831362724304205,-0.06698277592658997,-0.03224083781242376,-0.06897747516632075,-0.039363652467727606,0.0729195848107338,0.04995064437389374,-0.0729195848107338,-0.04995064437389374,0.03722715377807617,0.21103411912918102,-0.09499938040971757,0.32274261116981495,0.07697162032127386,-0.20634168386459373,0.2706615552306176,-0.011305749416351318,-0.10887384414672849,0.4230552315711976,-0.09972263872623442,0.5349310934543609,0.2866873741149901,-0.0811474919319155,0.2890076041221619,-0.12376523017883301,0.018913507461547963,-0.03047621250152588,-0.0015746057033539929,-0.008450746536254883
1656267222.png,0.16848407685756683,-0.06933027505874628,-0.0053572952747344416,-0.03786322474479681,-0.010211765766143799,-0.036148279905319214,-0.06693542003631592,-0.028789967298507635,-0.0621052086353302,-0.031412363052368275,0.07427088916301727,0.05034318566322327,-0.07427088916301727,-0.05034318566322332,0.02913069725036621,0.22460442781448364,-0.094632551074028,0.3202385306358337,0.07102590799331665,-0.22656536102294922,0.34837754070758825,-0.22196662425994862,-0.1016687750816345,0.42646098136901844,-0.08288184553384781,0.5280362963676455,0.2969360053539276,-0.2166602015495298,0.2892612591385841,-0.19988232851028465,-0.0175248384475708,0.038947343826293834,0.11997044086456315,-0.00967741012573231
1656267223.png,0.1666228547692299,-0.06426362693309784,0.0002607107162475586,-0.03552436828613281,-0.007989317178726196,-0.03470015525817871,-0.06637886166572571,-0.03756752610206604,-0.06544050574302668,-0.0405428409576416,0.07568959146738052,0.04860304296016693,-0.07568959146738052,-0.04860304296016693,0.0384757816791535,0.23110830783843994,-0.086265929043293,0.3181510269641876,0.05895534157752985,-0.22013676166534413,0.33755555003881454,-0.21820849180221558,-0.08427597582340238,0.42185842990875255,-0.07508716732263564,0.5345148742198944,0.2585860341787338,-0.01873999834060658,0.2860954627394677,-0.07350027561187733,0.034459471702575684,-0.10365986824035678,0.005823582410812267,-0.0750125050544741
1656267224.png,0.1662076823413372,-0.07705864310264576,-0.0020498037338256836,-0.04280245304107666,-0.010220736265182495,-0.045547425746917725,-0.07408833503723145,-0.0365819931030274,-0.07800468802452093,-0.04238337278366083,0.060783278197050095,0.04971355199813843,-0.06078327819705011,-0.04971355199813837,-0.016467928886413546,0.24856728315353405,-0.025800421833992004,0.32616919279098516,0.1156524419784545,0.0896146297454834,0.30128527432680136,0.0011134147644041859,-0.08551234006881714,0.47563189268112205,-0.07836329936981201,0.5744751095771787,0.2564075589179992,-0.006800830364227406,0.3093529567122459,-0.006327629089355136,0.23740029335021978,-0.21418333053588867,0.06044492125511175,-0.2219659686088563
1656267225.png,0.16538703441619867,-0.08483952283859253,-0.005436271429061779,-0.047976076602935736,-0.008534461259841808,-0.04897969961166382,-0.07221356034278875,-0.03092133998870855,-0.07743167877197277,-0.035017579793930054,0.056949228048324585,0.06353875994682312,-0.056949228048324585,-0.06353875994682312,-0.01352083683013916,0.2445201277732849,-0.0569547936320305,0.3275267481803894,0.13291946053504944,0.01827663183212269,0.30638744682073593,0.01538097858428955,-0.14141622185707092,0.47968560457229636,-0.12787557020783424,0.5896091461181641,0.2966869771480561,0.01102137565612793,0.3225149847567082,-0.0063173770904541016,0.10833656787872309,-0.06849819421768188,0.06350108981132502,-0.05248439311981201
1656267226.png,0.16605652123689657,-0.08021767437458038,-0.0021584331989288885,-0.04575195908546448,-0.009036004543304499,-0.047276049852371216,-0.0751221776008606,-0.033142358064651545,-0.07882869243621826,-0.03819128870964056,0.06293139606714249,0.05382151901721954,-0.06293139606714249,-0.0538215190172196,0.014079481363296453,0.24786996841430675,-0.04197634011507033,0.327048569917679,0.08703261613845831,0.01807117462158181,0.2603828236460686,-0.016171455383301003,-0.11705939471721649,0.47160875797271695,-0.1056731529533863,0.5756862461566927,0.29248826205730444,-0.0266373753547664,0.33936941996216774,-0.02161836624145541,0.07388645410537703,-0.08933860063552868,0.026907324790954645,-0.1281647682189938
1656267227.png,0.16290722787380213,-0.050773054361343384,-0.0055649578571319025,-0.045617640018463135,-0.009229868650436346,-0.044841170310974066,-0.0651289820671081,-0.03012150526046753,-0.06459832191467285,-0.033394753932952936,0.07409550249576563,0.05688035488128673,-0.07409550249576569,-0.05688035488128668,0.015314638614654597,0.21079677343368508,-0.1175409108400345,0.31032776832580583,0.05725988745689403,-0.007471024990081787,0.29238457977771753,-0.02065640687942516,-0.16918992996215815,0.4208545684814453,-0.14026730507612228,0.5315671563148499,0.29423660039901733,-0.023274660110473855,0.33129312843084335,-0.07817089557647705,0.05554506182670593,-0.09984731674194325,-0.021715223789215088,-0.1749567985534668
1656267228.png,0.16343509405851359,-0.04586386680603027,-0.005222737789153942,-0.04576182365417486,-0.009471327066421509,-0.04545599222183222,-0.06705209612846375,-0.030529201030731146,-0.06528195738792414,-0.0337017178535462,0.07312142103910446,0.06156608462333679,-0.07312142103910443,-0.061566084623336736,0.014510244131088257,0.21041840314865112,-0.11666139960289004,0.315996766090393,0.0667981207370758,-0.004188358783721924,0.30287377536296844,-0.007566213607788086,-0.14956103265285492,0.4347435235977173,-0.12730482965707784,0.5454947352409363,0.28999803960323334,-0.017499208450317383,0.34997992962598795,-0.048844099044799805,0.013294577598571777,-0.04331064224243164,-0.01083323359489441,-0.16339898109436046
1656267229.png,0.1659738793969155,-0.05201107263565069,-0.00930526852607727,-0.04440152645111073,-0.014587461948394775,-0.044954508543014415,-0.07123836874961853,-0.03179055452346807,-0.0724865198135376,-0.03424403071403509,0.07504377514123917,0.056464582681655884,-0.07504377514123914,-0.05646458268165594,0.017255455255508423,0.22250616550445557,-0.113354317843914,0.31909471750259394,0.06938925385475164,-0.005551993846893533,0.29521075636148447,-0.019505858421325573,-0.1490073055028915,0.44413113594055187,-0.13450549542903897,0.5575627684593198,0.3072050362825395,-0.016642391681671143,0.3626591265201568,-0.06146687269210804,0.021526277065276878,-0.11810737848281883,0.002563387155532948,-0.1590448021888733
1656267230.png,0.16149342060089106,-0.05188529193401342,-0.004871368408203125,-0.046345323324203436,-0.012174338102340754,-0.04702934622764582,-0.07050955295562733,-0.030311733484268244,-0.0710051655769347,-0.032549262046813965,0.07453668117523193,0.05369429290294647,-0.07453668117523196,-0.05369429290294647,0.01875835657119762,0.22413629293441784,-0.11422048509120941,0.3205886185169221,0.05634328722953785,-0.004177331924438588,0.30925925076007843,-0.01610356569290161,-0.15045431256294248,0.4301452636718749,-0.1371669918298721,0.5401974618434905,0.2962014377117157,-0.017113089561462402,0.34575317800045013,-0.048116087913513184,0.03493112325668335,-0.10035789012908924,0.012244462966918945,-0.15934908390045144
1656267231.png,0.16434050351381296,-0.051884144544601496,-0.005672544240951538,-0.045251160860061646,-0.009892612695693914,-0.04493618011474604,-0.06949707865715027,-0.02773499488830561,-0.07144579291343683,-0.029685974121093806,0.07487792521715164,0.0506419837474823,-0.07487792521715167,-0.0506419837474823,0.014994293451309149,0.22482711076736428,-0.11327182501554488,0.3171851038932799,0.07152077555656439,-0.002834796905517356,0.29743573814630514,-0.021689176559448242,-0.1491253077983856,0.43330466747283936,-0.12420076876878737,0.5393446087837221,0.2923769950866699,-0.016223549842834473,0.35193269699811924,-0.04421138763427779,0.009209871292114258,-0.02495265007019054,0.0031397342681885876,-0.16591525077819813
1656267232.png,0.1676089242100715,-0.05187080800533289,-0.008824467658996471,-0.04386252164840704,-0.012682974338531494,-0.04351747035980236,-0.0687640905380249,-0.029319882392883356,-0.06999707221984863,-0.031531125307083074,0.07537642866373062,0.04949198663234711,-0.07537642866373068,-0.04949198663234716,0.015426933765411377,0.22661733627319336,-0.11432944983243938,0.3138313591480257,0.05900973081588745,-0.004093348979949951,0.3089131489396095,-0.01569461822509799,-0.15231537818908691,0.4338286519050597,-0.13659102469682688,0.5354149639606478,0.2938905656337738,-0.015617191791534424,0.3205096051096917,-0.22651982307434093,0.011492192745208851,-0.05965298414230347,0.04679784178733809,0.020995378494262473
1656267233.png,0.16465374082326895,-0.0425074845552445,-0.005486935377121027,-0.045670121908187866,-0.008381217718124445,-0.04477784037590021,-0.06590989232063288,-0.030907243490219116,-0.06653839349746704,-0.032147377729415894,0.0736674889922142,0.06031407415866852,-0.07366748899221418,-0.06031407415866852,0.011484086513519343,0.215531587600708,-0.11547586321830754,0.31604865193367004,0.06445735692977905,-0.005334734916687012,0.31335841119289404,-0.0060929059982302025,-0.1652391403913498,0.4398390054702759,-0.14077003300189975,0.5448147356510161,0.30728696286678314,-0.015291750431060791,0.3444580137729644,-0.04763680696487427,-0.004438340663909912,-0.05060940980911266,0.01994365453720104,-0.16083240509033192
1656267234.png,0.1651016995310784,-0.04364396631717676,-0.00576052069664007,-0.04599177837371832,-0.00909450650215149,-0.04529264569282532,-0.06600356101989746,-0.030077040195465088,-0.06702861189842224,-0.031093835830688532,0.07393916696310038,0.05898334085941309,-0.07393916696310043,-0.05898334085941309,0.012040287256240845,0.2141554355621339,-0.11621119827032089,0.3179028332233427,0.06485930085182195,-0.005097150802612305,0.3164171054959297,-0.012482643127441295,-0.16787903010845182,0.42406272888183594,-0.14152869582176208,0.5411638319492341,0.29489634931087505,-0.01885700225830056,0.34480945765972143,-0.04732972383499179,0.050693184137344305,-0.10354220867157005,0.022086769342422374,-0.16136509180068936
1656267235.png,0.1680722832679748,-0.06790255010128027,-0.009638071060180609,-0.038604587316513006,-0.01516950130462641,-0.03992223739624012,-0.06806749105453491,-0.019501864910125788,-0.06988045573234558,-0.018702417612075917,0.07275721430778503,0.04135461151599884,-0.07275721430778503,-0.041354611515998785,0.03827250003814697,0.21034812927246094,-0.10624552518129347,0.3131526410579682,0.06706568598747253,-0.19686871767044067,0.2943911030888557,0.005252838134765625,-0.12166181206703183,0.4028801918029784,-0.09501637518405913,0.4802981317043306,0.2983807325363159,-0.18200880289077748,0.27516297996044164,-0.13942915201187156,-0.07114744186401367,0.046018898487091175,-0.04092594981193548,-0.009791314601898304
1656267236.png,0.16444981843233114,-0.04679824411869049,-0.003374993801116888,-0.0356608927249909,-0.00970122218132019,-0.035066634416580145,-0.06907755136489874,-0.02452740073204035,-0.06827014684677124,-0.02979478240013128,0.06968621164560318,0.04370911419391632,-0.06968621164560315,-0.04370911419391632,0.032081276178359985,0.2121105194091797,-0.12051983177661894,0.3141708076000215,0.06840482354164124,-0.19059509038925182,0.29228532314300537,0.004392266273498424,-0.137490227818489,0.38310617208480835,-0.13285546004772186,0.44278404116630554,0.30288083851337444,-0.1679729223251344,0.29356178641319275,-0.10541802644729625,-0.07051774859428417,0.04871523380279541,-0.037202805280685425,-0.03236985206604004
1656267237.png,0.164469912648201,-0.05071139335632319,-0.0068210661411285956,-0.03664952516555786,-0.009791582822799683,-0.036563754081726074,-0.06659317016601551,-0.02414339780807495,-0.06936672329902649,-0.025313913822174128,0.06680662930011744,0.041050225496292114,-0.06680662930011746,-0.04105022549629206,0.03951293230056774,0.21246832609176625,-0.12378485500812535,0.3149080872535704,0.06564420461654652,-0.18403202295303334,0.28039519488811493,-0.005036592483520175,-0.13128632307052607,0.40826058387756325,-0.13108451664447784,0.4979848861694334,0.29745519161224365,-0.18157756328582741,0.29151903092861176,-0.13837188482284535,-0.05025607347488409,0.041661620140075795,-0.025397181510925293,-0.028989553451537975
1656267238.png,0.15945029258728033,-0.04855172336101532,-0.0030730068683624823,-0.03467828035354609,-0.007994711399078425,-0.036863893270492554,-0.07085207104682922,-0.031997114419937245,-0.07619160413742071,-0.03405603766441345,0.06795972585678095,0.04084412753582001,-0.067959725856781,-0.04084412753582001,0.03672930598258978,0.21472615003585827,-0.12000654637813568,0.30782487988471974,0.06562632322311401,-0.19628602266311668,0.2821833938360215,0.005534172058105691,-0.12668669223785398,0.38164973258972157,-0.11478009819984435,0.4388923943042754,0.2962649762630464,-0.1635811924934384,0.2791361212730407,-0.10206204652786255,-0.05601125955581676,0.03818964958190885,-0.040761768817901556,-0.0478895902633667
1656267239.png,0.16817405074834824,-0.05216594040393824,-0.004702717065811213,-0.036849826574325506,-0.009721100330352839,-0.035747796297073364,-0.06836688518524159,-0.024213612079620472,-0.06898379325866699,-0.027005672454833984,0.06714560836553574,0.04334448277950281,-0.06714560836553576,-0.04334448277950281,0.03915157914161671,0.21218180656433128,-0.12153808772563932,0.314318746328354,0.06611776351928728,-0.19035524129867565,0.29552921652793884,0.004094481468200684,-0.13186295330524445,0.3860533833503723,-0.13096895068883893,0.5005622804164885,0.3033588081598282,-0.172740638256073,0.2952491119503975,-0.1632617712020874,-0.07647705078124994,0.04118037223815918,-0.04058566689491272,-0.045876502990722545
1656267240.png,0.1600842848420143,-0.045440658926963806,-0.0007018148899077814,-0.03794446587562561,-0.007307291030883845,-0.03660073876380915,-0.06782394647598272,-0.023994058370590154,-0.06765231490135193,-0.02804183959960954,0.06810150295495987,0.04276026785373688,-0.06810150295495992,-0.04276026785373682,0.03788274526596069,0.21240144968032826,-0.12358792126178736,0.31677147746086104,0.06646400690078735,-0.18670850992202748,0.28094294667243963,0.002101898193359375,-0.1208605915307999,0.40467023849487294,-0.11888100206851952,0.48468789458274825,0.28418467938900005,-0.18418782949447632,0.27528133988380427,-0.1444140076637267,-0.05068102478981029,0.04440850019454978,-0.037072777748107855,-0.02116650342941273
1656267241.png,0.16112986952066433,-0.04946303367614746,-0.0026636123657227118,-0.036395132541656494,-0.010112166404724232,-0.034662812948226984,-0.06628105044364929,-0.022235542535781805,-0.06806927919387812,-0.02806141972541809,0.06964362412691116,0.04245719313621521,-0.06964362412691114,-0.04245719313621521,0.04195272922515875,0.21230077743530273,-0.12310479581356047,0.3168395757675172,0.059957206249237116,-0.18542492389678966,0.2830745577812195,-0.02616780996322665,-0.12230302393436424,0.3903622031211853,-0.11711453646421431,0.48394399881362926,0.2819989174604416,-0.16694021224975597,0.2756354883313179,-0.1438947916030886,0.0043108463287353516,0.00818568468093872,-0.038780421018600464,-0.029999315738677645
1656267242.png,0.15647383779287333,-0.04326975345611572,0.00045949220657354184,-0.037574529647827204,-0.0076206326484679066,-0.0365179181098938,-0.06544050574302668,-0.025961309671401978,-0.06884628534317017,-0.030077308416366577,0.07090821117162704,0.041744858026504406,-0.07090821117162704,-0.041744858026504406,0.03776159882545471,0.21485042572021495,-0.1221197172999382,0.31543976068496704,0.06500089168548578,-0.1899036765098573,0.29391337186098093,-0.02391958236694358,-0.12477703392505646,0.4071969985961915,-0.11753623932600023,0.4848130941390989,0.2791779190301896,-0.1894512176513673,0.27639473229646677,-0.14373135566711415,-0.06486660242080705,0.05176883935928356,-0.0370294153690337,-0.04774087667465221
1656267243.png,0.15874979645013798,-0.04824203252792364,-0.0010643899440763716,-0.039292484521865845,-0.008086830377578569,-0.0369198322296142,-0.06733444333076483,-0.023602813482284546,-0.07134541869163524,-0.027285218238830566,0.07006938010454178,0.04110726714134216,-0.07006938010454178,-0.04110726714134216,0.03321972489356989,0.2223721146583556,-0.12379281967878339,0.3157934546470642,0.06659173965454113,-0.1931791305541991,0.29631922394037247,-0.02684986591339089,-0.13512758910655973,0.4113791584968567,-0.12023555487394334,0.486314356327057,0.2922637611627579,-0.19376617670059215,0.26687265187501913,-0.12906014919281017,-0.04851627349853521,0.048669397830963246,-0.027058213949203547,-0.04040712118148804
1656267244.png,0.1627857238054276,-0.047735914587974604,-0.002939850091934315,-0.036052376031875555,-0.009826213121414185,-0.03480497002601607,-0.06641221046447748,-0.02421200275421148,-0.06765088438987737,-0.02731227874755865,0.0687638372182846,0.04221324622631073,-0.0687638372182846,-0.042213246226310674,0.04353836178779602,0.21273130178451538,-0.12401163578033446,0.31725320219993586,0.0642313063144685,-0.1902601122856139,0.29707491397857666,-0.02723628282547008,-0.11923740804195404,0.4082857370376586,-0.11823252588510515,0.4853146374225616,0.27853940427303314,-0.19266843795776356,0.27729288488626486,-0.14520782232284535,-0.04934144020080572,0.04802161455154408,-0.038427054882049616,-0.022175908088684193
1656267245.png,0.15999378263950348,-0.0435886830091477,-0.0005157589912416216,-0.03723913431167597,-0.008065640926361084,-0.03655263781547552,-0.06839028000831587,-0.02545380592346197,-0.06796586513519293,-0.0284870564937591,0.06832014024257665,0.04248426854610443,-0.0683201402425766,-0.04248426854610443,0.034877240657806396,0.21867877244949352,-0.12442316114902495,0.3174878656864166,0.06953364610671992,-0.19184982776641857,0.29656811058521276,-0.02591508626937855,-0.12162791192531588,0.40876102447509755,-0.11983881890773773,0.486187845468521,0.28403155505657207,-0.19542044401168823,0.264384761452675,-0.1265413761138917,-0.06665423512458812,0.05266284942626953,-0.04052099585533159,-0.040032029151916504
1656267246.png,0.16069887578487396,-0.04321917891502375,-0.002169579267501831,-0.03645640611648565,-0.006356954574584961,-0.0372600257396698,-0.06438493728637701,-0.02812924981117254,-0.06632095575332647,-0.030022531747818104,0.06504766643047327,0.04248529672622681,-0.0650476664304733,-0.04248529672622686,0.04351326823234564,0.20948076248168945,-0.12414031475782397,0.31635493040084856,0.07054510712623596,-0.18579000234603882,0.28547643870115286,-0.024864554405212402,-0.12741383910179138,0.41136401891708374,-0.12090423703193666,0.4883005023002624,0.29501751065254217,-0.19875729084014893,0.2674962878227234,-0.10673743486404419,-0.06498178839683533,0.0528489351272583,-0.027252018451690674,-0.0630139708518982
1656267247.png,0.16178367286920547,-0.03959374129772186,-0.003175914287567194,-0.035631775856018066,-0.006148576736450195,-0.034709423780441284,-0.0659414529800415,-0.029213070869445745,-0.06751543283462519,-0.033137768507003895,0.06338626891374582,0.045940205454826355,-0.06338626891374585,-0.0459402054548263,0.044289141893386896,0.21798658370971657,-0.12613737583160403,0.3218401968479156,0.07094329595565796,-0.1954364776611326,0.29633237421512604,-0.02512115240097057,-0.1267056018114089,0.4126522541046145,-0.12333201617002493,0.4961780607700345,0.2945399731397629,-0.20091748237609874,0.266663558781147,-0.10808205604553212,-0.05039557814598089,0.04814112186431874,-0.04041162133216858,-0.06248289346694946
1656267248.png,0.1578665450215339,-0.03824315965175623,0.000614166259765625,-0.03884419798851024,-0.007329881191253607,-0.03904345631599426,-0.0626106858253479,-0.027953147888183538,-0.0679264664649964,-0.03133416175842291,0.06786168366670609,0.04570658504962921,-0.06786168366670609,-0.04570658504962927,0.033486068248748724,0.2169560194015504,-0.12536509335041046,0.3215246498584748,0.0740859210491181,-0.19415640830993675,0.2959149479866028,-0.025104045867919922,-0.12220272421836861,0.40790319442749023,-0.12231571972370148,0.4921086728572847,0.2911944091320039,-0.19503718614578258,0.279205322265625,-0.12555623054504428,-0.07246577739715582,0.05187344551086426,-0.039371103048324585,-0.04420381784439065
1656267249.png,0.15966414660215378,-0.03956316411495214,-0.0015931129455565851,-0.036638021469116155,-0.0059888362884521484,-0.03583565354347229,-0.0648700892925263,-0.03014123439788824,-0.06744229793548584,-0.033629149198532104,0.06473618000745773,0.042172595858573914,-0.0647361800074577,-0.042172595858573914,0.04288715124130249,0.21024352312088002,-0.1261617094278336,0.31704017519950844,0.07164782285690302,-0.1864684224128722,0.28637227416038524,-0.024892866611480602,-0.1273947358131409,0.41086673736572243,-0.13366875797510147,0.5369760096073151,0.29590943455696117,-0.20108884572982755,0.2929578050971031,-0.17713356018066417,-0.06701716780662559,0.051732778549194225,-0.041983008384704645,-0.0423159599304197
1656267250.png,0.161141738295555,-0.03864185512065893,-0.0028093457221983753,-0.03546392917633051,-0.006305813789367509,-0.03467231988906855,-0.06558984518051142,-0.030428141355514637,-0.06750741600990301,-0.03601223230361933,0.06434176862239832,0.04563365876674652,-0.06434176862239838,-0.045633658766746465,0.04268252849578863,0.20848703384399414,-0.1255497932434082,0.3199965655803681,0.07018461823463434,-0.18576163053512573,0.28423729538917547,-0.023637473583221547,-0.12928874790668485,0.40975123643875144,-0.12191328406333925,0.4949459731578824,0.29876090586185455,-0.20125794410705589,0.26443067193031317,-0.1059000492095944,-0.06737086176872259,0.05243420600891113,-0.024142980575561634,-0.06806236505508434
1656267251.png,0.1664082333445549,-0.03698228299617773,-0.003873437643051203,-0.038008213043212835,-0.007608592510223389,-0.03554320335388178,-0.07077902555465687,-0.030159294605255182,-0.07197645306587219,-0.03524869680404663,0.0659165307879448,0.04151414334774006,-0.0659165307879448,-0.04151414334774012,0.03952559828758234,0.2123168706893922,-0.12464420497417451,0.31565055251121504,0.06741511821746826,-0.18557536602020264,0.29628813266754145,-0.026269376277923473,-0.13125343620777133,0.4114534258842466,-0.13388654589653018,0.5225640833377838,0.29601554572582234,-0.19532567262649525,0.29011423885822285,-0.13984227180480957,-0.06126806139945973,0.05085885524749767,-0.03763705492019642,-0.054580152034759744
1656267252.png,0.16561630368232733,-0.03495644032955164,-0.003283560276031494,-0.03803753852844233,-0.008446156978607233,-0.035329341888427734,-0.06903913617134105,-0.02895084023475658,-0.07014080882072454,-0.03481784462928772,0.06468945741653442,0.04470606148242945,-0.0646894574165344,-0.04470606148242945,0.04165604710578913,0.2106807827949525,-0.12487967312335972,0.31974688172340393,0.06713703274726873,-0.1831708550453186,0.2835408896207809,-0.022858262062072865,-0.13062162697315216,0.4109624624252318,-0.12280408293008808,0.493578404188156,0.2967463582754135,-0.1966910958290099,0.27740130573511124,-0.10538536310195912,-0.06329932808876038,0.0544169545173645,-0.0368323028087616,-0.06618237495422352
1656267253.png,0.16634410619735718,-0.035601735115051325,-0.005070239305496216,-0.03622114658355702,-0.008332848548889105,-0.03541302680969233,-0.06872716546058649,-0.03285574913024908,-0.07091963291168224,-0.037555426359176636,0.06485351920127869,0.042087674140930176,-0.06485351920127869,-0.042087674140930176,0.043169617652893066,0.21091556549072277,-0.12545659393072128,0.31612300872802734,0.06710445880889893,-0.18530064821243308,0.28510772436857224,-0.025870978832245095,-0.12871207296848297,0.4069654941558839,-0.12073381245136261,0.4854758381843569,0.29806990921497345,-0.1926432251930239,0.28086696565151215,-0.1236248016357423,-0.04858684539794911,0.05024296045303356,-0.043736785650253296,-0.04682421684265137
1656267254.png,0.1678963080048561,-0.035910084843635615,-0.0030508637428283136,-0.0382793247699737,-0.007582873106002808,-0.03551504015922535,-0.07181155681610119,-0.030584692955017145,-0.07319268584251398,-0.0360352396965028,0.06464693695306778,0.044261202216148376,-0.06464693695306778,-0.04426120221614832,0.0425559282302857,0.21087557077407826,-0.12397539615631105,0.314539521932602,0.0663007497787475,-0.18782347440719593,0.2838865369558334,-0.023387312889099343,-0.13105124235153198,0.40373635292053234,-0.1202223300933838,0.4866019189357758,0.30079320073127747,-0.1945304274559022,0.25985886156558996,-0.09989720582962058,-0.05112624168395996,0.04953199625015259,-0.005371540784835871,-0.056176960468292236
1656267255.png,0.16609662026166905,-0.03910739719867706,-0.0037015378475187544,-0.03793933987617498,-0.007758855819701982,-0.03544712066650396,-0.0713721215724945,-0.029744565486908014,-0.07331627607345587,-0.033830136060714666,0.06738840788602829,0.04627202451229101,-0.06738840788602829,-0.04627202451229101,0.034526437520980835,0.215315282344818,-0.12474454194307329,0.31540438532829285,0.07180532813072193,-0.19987970590591442,0.28236692398786545,-0.005585968494415283,-0.13569764792919162,0.3989259600639342,-0.13262851536273956,0.48562166094779957,0.3090678006410599,-0.19200968742370605,0.2707411348819733,-0.09726929664611805,-0.06087350845336903,0.04967767000198364,-0.016704350709915272,-0.04234802722930908
1656267256.png,0.16341765969991684,-0.0346493273973465,-0.0030172765254975475,-0.03761658072471613,-0.00902971625328064,-0.035207241773605236,-0.0712472796440124,-0.030754387378692682,-0.07233807444572449,-0.03766667842864996,0.07216506451368332,0.041597709059715215,-0.07216506451368335,-0.041597709059715215,0.031084716320037953,0.2172161340713502,-0.12417494505643845,0.31487724184989907,0.06553068757057162,-0.19057464599609375,0.2835060730576515,-0.0252072215080259,-0.1428842842578888,0.38770538568496715,-0.11806906014680858,0.48082312941551186,0.2988939583301544,-0.16811132431030273,0.25802817195653915,-0.09745919704437245,-0.07698610424995422,0.04941409826278664,-0.03476575016975397,-0.057214677333831676
1656267257.png,0.16586799919605255,-0.03604407608509064,-0.0036379694938659113,-0.03810262680053711,-0.007836788892745916,-0.035571485757827814,-0.07233750820159918,-0.02889430522918701,-0.07435160875320446,-0.03353962302207936,0.0695501416921615,0.04253922402858734,-0.06955014169216153,-0.042539224028587286,0.03165659308433533,0.21490859985351562,-0.12543423473834997,0.3175010383129118,0.06911197304725653,-0.18945926427841187,0.2849818617105484,-0.026264786720275768,-0.14288230240344996,0.38943374156951893,-0.13461353629827502,0.48234459757804865,0.3056006282567978,-0.1763927936553955,0.2725697085261345,-0.09657752513885498,-0.06891560554504389,0.050807714462280384,-0.03194132447242737,-0.05704247951507557
1656267258.png,0.16380617022514343,-0.034727588295936584,-0.003062665462493952,-0.03839325904846197,-0.008360564708709717,-0.03623613715171814,-0.07132062315940851,-0.031096607446670477,-0.07394847273826605,-0.03694981336593628,0.07106238603591919,0.042418763041496166,-0.07106238603591919,-0.04241876304149622,0.03242915868759155,0.21583092212677013,-0.1253991574048996,0.316673070192337,0.06545114517211914,-0.18911528587341309,0.31199671328067785,0.005851566791534313,-0.14457720518112188,0.38990849256515514,-0.13429121673107147,0.4825094640254975,0.30222404003143316,-0.17331916093826283,0.271236166357994,-0.09593355655670188,-0.07884582877159119,0.05023658275604237,-0.030190557241439764,-0.05909419059753418
1656267259.png,0.16203159093856806,-0.035888731479644775,-0.002805888652801458,-0.03789266943931585,-0.009166508913040106,-0.03595155477523804,-0.06953287124633795,-0.031167715787887462,-0.0723198652267456,-0.03807988762855541,0.07298162579536438,0.04300859570503235,-0.07298162579536438,-0.04300859570503229,0.026387304067611694,0.22532379627227783,-0.12402021139860155,0.3150410652160645,0.0702413022518158,-0.19671177864074707,0.28116016834974283,-0.015120983123779408,-0.1353050321340561,0.40063822269439686,-0.11868667602539065,0.4845187067985533,0.29921357333660115,-0.18514049053192128,0.25702357292175293,-0.09931278228759766,-0.08738347887992848,0.0621640682220459,-0.03041005134582514,-0.05829811096191395
1656267260.png,0.16365486383438116,-0.034225568175315746,-0.003398984670639149,-0.0384122133255006,-0.00852063298225414,-0.036014467477798406,-0.07242935895919794,-0.029400467872619518,-0.07271754741668696,-0.03556415438652055,0.07092192769050598,0.042540326714515686,-0.07092192769050601,-0.04254032671451563,0.032991200685501154,0.2162631154060365,-0.12590850144624707,0.3170710504055025,0.06495326757431019,-0.1901381015777588,0.28348232060670847,-0.00855553150177002,-0.14301063120365146,0.38720577955246005,-0.13529921323060987,0.4617126286029815,0.31077589094638824,-0.173334062099457,0.2739177420735359,-0.07659047842025746,-0.07685050368309015,0.05199521780014027,-0.0329890251159668,-0.05789148807525646
1656267261.png,0.16440396755933767,-0.033788651227951105,-0.00328898429870611,-0.037767708301544134,-0.009046077728271651,-0.035431623458862194,-0.07211649417877203,-0.030300229787826594,-0.07259997725486744,-0.03685253858566284,0.07142370194196701,0.04128706455230713,-0.07142370194196701,-0.041287064552307184,0.03220364451408381,0.2182435393333435,-0.12496777623891829,0.3150799274444582,0.06480810046195995,-0.19009852409362793,0.28468770533800125,-0.0261787772178651,-0.14378717541694644,0.3887719511985779,-0.13394269347190857,0.4609730243682862,0.31079724431037914,-0.17247837781906128,0.2716503292322159,-0.07702112197875965,-0.07645028829574602,0.05037969350814819,-0.03132057189941406,-0.05778807401657127
1656267262.png,0.16276723891496658,-0.03436745703220356,-0.002907007932662964,-0.03744542598724376,-0.009585678577423096,-0.035351514816284346,-0.0715822279453277,-0.03083661198616028,-0.07316452264785772,-0.037723451852798406,0.07243112474679947,0.04163949191570282,-0.07243112474679947,-0.041639491915702875,0.028934657573699896,0.22767281532287598,-0.12381142377853394,0.31399950385093695,0.06852093338966375,-0.19806528091430664,0.30997441709041595,0.006228804588317871,-0.14456805586814883,0.3864893913269042,-0.13295127451419836,0.46030929684639005,0.3093988299369812,-0.1699534058570863,0.27252045273780834,-0.07891058921813987,-0.07705610990524286,0.050537168979644886,-0.03303009271621715,-0.05703693628311168
1656267263.png,0.16222935914993292,-0.03519642353057867,-0.0030951201915740967,-0.037593364715576116,-0.009818941354751587,-0.0358223021030426,-0.07083514332771301,-0.03011178970336925,-0.07367908954620361,-0.03642049431800837,0.07332694530487055,0.04065695405006409,-0.07332694530487055,-0.04065695405006414,0.025684773921966664,0.22638463973999023,-0.12409194558858871,0.3132010102272034,0.0715832114219665,-0.20144188404083252,0.28279339522123337,-0.02644425630569447,-0.1480468362569808,0.3870505690574645,-0.13387830555438995,0.4407994151115417,0.3095240741968156,-0.1667819619178771,0.27113331854343414,-0.057352960109710804,-0.06970807909965526,0.06003999710083019,-0.04833355545997625,-0.059496641159057506
1656267264.png,0.16489610075950628,-0.03417910635471344,-0.003380566835403498,-0.03809025883674616,-0.0076731145381928045,-0.035671174526214655,-0.07148540019989014,-0.030466228723526056,-0.07297703623771667,-0.0351710021495818,0.07016730308532715,0.04183293879032135,-0.07016730308532712,-0.04183293879032135,0.0309626162052154,0.21645987033843994,-0.12502378225326544,0.3151532709598541,0.07104834914207464,-0.19247043132781982,0.28430774807929987,-0.025793373584747203,-0.14294417202472687,0.38738662004470825,-0.1340164840221405,0.4610213339328765,0.3126980811357498,-0.17004996538162231,0.2723053097724914,-0.07623374462127674,-0.07582846283912664,0.04953324794769276,-0.031487941741943304,-0.05864143371582031
1656267265.png,0.16281531751155848,-0.03272010385990143,-0.003227621316909679,-0.03744906187057495,-0.00961232185363764,-0.035465657711029,-0.07151854038238536,-0.03236067295074457,-0.0728688538074494,-0.037961363792419545,0.07281707227230072,0.03980405628681183,-0.07281707227230072,-0.03980405628681183,0.029470443725585993,0.2182561755180359,-0.1244797930121422,0.31233087182044994,0.06838873028755177,-0.19184762239456177,0.28390105813741673,-0.02675306797027599,-0.14500162005424497,0.387189745903015,-0.13252897560596466,0.47623524069786094,0.3013909161090851,-0.1681441068649291,0.2709234803915023,-0.09416216611862194,-0.0675200223922729,0.05005514621734608,-0.03275993466377253,-0.05936551094055176
1656267266.png,0.1613789871335029,-0.034178420901298634,-0.002947896718978771,-0.03719228506088251,-0.009822368621826116,-0.03572893142700184,-0.07146182656288153,-0.0322803258895874,-0.07392728328704834,-0.03761672973632818,0.07505021244287491,0.04004530608654028,-0.07505021244287494,-0.04004530608654028,0.020357578992843572,0.2276320457458495,-0.12471634149551389,0.3123922049999238,0.07278656959533703,-0.19552510976791382,0.28393037617206573,-0.025881409645080566,-0.15157423913478854,0.3862236142158507,-0.13281626254320145,0.45706763863563526,0.30247344076633453,-0.16724419593811035,0.27130653709173214,-0.07628512382507313,-0.0674772560596465,0.050483405590057484,-0.0319755375385285,-0.05731934309005737
1656267267.png,0.16129981726408,-0.03262650966644287,-0.0028742551803587757,-0.038255989551544134,-0.009074598550796509,-0.035502672195434515,-0.07104673981666576,-0.03209084272384649,-0.07253775000572199,-0.03805807232856756,0.07327546924352646,0.040716320276260376,-0.07327546924352646,-0.04071632027626043,0.023976445198059138,0.22755694389343262,-0.1254967749118805,0.3145384788513185,0.07044246792793268,-0.1988847851753236,0.312361553311348,0.0081765055656432,-0.13660497963428497,0.3879957199096681,-0.13212804496288302,0.47903710603713995,0.29140712320804596,-0.16743552684783924,0.2708670794963838,-0.09465360641479481,-0.07578548789024353,0.06028759479522683,-0.03069609403610235,-0.05812340974807739
1656267268.png,0.1626261472702027,-0.03562225401401509,-0.003104418516159113,-0.03856959939002991,-0.008355796337127686,-0.03606697916984564,-0.07096695899963379,-0.031131088733673096,-0.07267728447914129,-0.037049114704132025,0.07274952530860906,0.04202018678188324,-0.07274952530860906,-0.042020186781883184,0.02625009417533869,0.2256928086280825,-0.12566556781530375,0.3153702318668368,0.07078638672828674,-0.19635093212127686,0.312861941754818,0.00835943222045854,-0.1459002941846848,0.40440297126770064,-0.13329128921031946,0.4823600351810456,0.30118317902088165,-0.18449550867080722,0.2701651901006698,-0.09583139419555664,-0.06397941708564764,0.058573126792907604,-0.0430635511875152,-0.0445096492767334
1656267269.png,0.16055966168642039,-0.03575460612773895,-0.0026932358741760254,-0.038471132516860906,-0.01009386777877802,-0.036613613367080744,-0.07039117813110346,-0.030111968517303522,-0.07418656349182123,-0.035063028335571234,0.07609391957521439,0.04042316973209381,-0.07609391957521441,-0.04042316973209381,0.018903523683547974,0.22728896141052246,-0.12442969530820844,0.31374648213386525,0.07324066758155823,-0.19579231739044178,0.31310413032770157,0.006302058696746937,-0.13954079151153562,0.3876470923423767,-0.1197336912155151,0.4800637066364286,0.2897462248802185,-0.1671770215034486,0.25853775441646576,-0.09694540500640858,-0.06489360332489019,0.05891472101211559,-0.030372679233551025,-0.05875319242477395
1656267270.png,0.15999134629964834,-0.03425462543964386,-0.002482116222381703,-0.03822058439254761,-0.009562373161315862,-0.03607788681983942,-0.06973028182983398,-0.03168231248855591,-0.07276704907417308,-0.037472367286682184,0.07525628060102463,0.0407022386789323,-0.07525628060102463,-0.040702238678932245,0.022016525268554688,0.2162187695503235,-0.1258488148450851,0.3152287304401398,0.07098665833473211,-0.18424367904663097,0.2848889529705047,-0.027217209339141957,-0.139874204993248,0.38604331016540516,-0.12139889597892761,0.46145138144493086,0.291607603430748,-0.16555637121200562,0.2596728056669236,-0.0781174898147583,-0.06403383612632751,0.05925363302230846,-0.030403435230255238,-0.05822288990020741
1656267271.png,0.162608653306961,-0.034082040190696716,-0.0033315718173979603,-0.03844624757766718,-0.009073793888091986,-0.03623506426811218,-0.07088866829872142,-0.030763447284698597,-0.07240867614746099,-0.03713223338127131,0.07249128818511968,0.04048870503902435,-0.07249128818511968,-0.04048870503902435,0.028887420892715454,0.21829968690872203,-0.12579325586557383,0.314635008573532,0.06960797309875477,-0.19315129518508922,0.29725197702646255,0.0018656253814700596,-0.14694590866565704,0.3891963958740233,-0.13458105921745295,0.45925161242485046,0.31142608821392054,-0.16803359985351562,0.27301105856895447,-0.07526010274887096,-0.09050184488296498,0.050804197788238636,-0.048315554857254084,-0.058500468730926514
1656267272.png,0.1608048602938652,-0.03616864979267115,-0.0033103823661803644,-0.037560194730758834,-0.00988349318504339,-0.036317408084869496,-0.07025322318077099,-0.030489474534988237,-0.0739713311195373,-0.03590077161788935,0.0752656981348992,0.041865959763526917,-0.07526569813489914,-0.04186595976352686,0.021336764097213745,0.2270311713218689,-0.12453140318393709,0.31478735804557784,0.07097786664962757,-0.1962578296661377,0.29908624291419983,0.0008760094642641381,-0.15059879422187814,0.38690102100372314,-0.11910662055015563,0.4816791117191313,0.3090677857398987,-0.1685156226158142,0.2574133723974228,-0.09886425733566273,-0.07667407393455505,0.05103534460067738,-0.031012028455734253,-0.059137344360351674
1656267273.png,0.16010867804288864,-0.03565269708633423,-0.002736985683441162,-0.0375638902187348,-0.010163515806198065,-0.03553879261016846,-0.07058390974998474,-0.030874341726303045,-0.07401672005653392,-0.036713361740112305,0.07664477080106735,0.04017189145088196,-0.07664477080106732,-0.040171891450882014,0.02236089110374445,0.21885907649993896,-0.12470252066850666,0.3125606775283814,0.06842440366744995,-0.18735146522521984,0.29545583575963974,-0.02660149335861206,-0.14196072518825534,0.3844121694564817,-0.11872511357069018,0.47645300626754766,0.29893912374973297,-0.16411173343658425,0.2578902915120125,-0.09385192394256603,-0.07649159431457514,0.05313235521316528,-0.03236609697341919,-0.05967205762863148
1656267274.png,0.16321753710508358,-0.03336693346500397,-0.0034485757350922186,-0.038367986679077204,-0.008175104856491089,-0.03599408268928528,-0.07123628258705145,-0.029709309339523315,-0.07361429929733282,-0.03416666388511663,0.07181214541196823,0.040754422545433044,-0.0718121454119682,-0.040754422545433044,0.031018495559692383,0.21784186363220204,-0.12703919410705566,0.3160228431224822,0.06769716739654547,-0.19245928525924683,0.2855119258165359,-0.026874065399169922,-0.1448850482702255,0.38708120584487915,-0.1342462748289108,0.4400302469730376,0.31119491159915924,-0.16778326034545898,0.2731627225875854,-0.05666637420654286,-0.08944475650787348,0.05174136161804188,-0.04917922616004944,-0.05789130926132202
1656267275.png,0.16193750500679022,-0.03474010527133936,-0.0033375918865203302,-0.037530809640884455,-0.009943097829818726,-0.03579384088516241,-0.07194232940673834,-0.03004500269889837,-0.07418406009674067,-0.035469710826873724,0.07539868354797363,0.03978879749774933,-0.0753986835479736,-0.039788797497749384,0.024190962314605713,0.21860885620117188,-0.12430319190025328,0.3124043643474577,0.06834426522254955,-0.18587803840637218,0.28323766589164734,-0.026410400867461936,-0.14142695069313047,0.38516753911972046,-0.13304176181554792,0.43978759646415716,0.3007793426513673,-0.16441309452056896,0.27233933657407755,-0.060063719749450684,-0.07542771100997936,0.05105721950531017,-0.03305333852767939,-0.056922852993011586
1656267276.png,0.1621972173452378,-0.03387676179409027,-0.0027606189250946045,-0.03671145439147938,-0.010413616895675715,-0.03565046191215515,-0.07127362489700323,-0.03181803226470964,-0.07544636726379395,-0.03739079833030706,0.07542081177234644,0.03995446860790253,-0.07542081177234644,-0.03995446860790247,0.020575731992721558,0.2278869152069093,-0.12504533678293234,0.3118890225887297,0.07262840867042547,-0.19564908742904674,0.2953663840889931,-0.02601557970046975,-0.14076839387416837,0.3862096667289734,-0.13282629102468496,0.4573769867420196,0.3015325516462326,-0.1594069004058838,0.25986354798078537,-0.07391518354415905,-0.07432806491851796,0.05602794885635376,-0.0231245756149292,-0.06081146001815796
1656267277.png,0.16255085170269007,-0.03347657620906841,-0.0032293498516081653,-0.03753370046615595,-0.009646296501159501,-0.03564441204071045,-0.07059329748153692,-0.032070785760879406,-0.07351607084274303,-0.03752613067626942,0.07336346805095667,0.040380582213401794,-0.07336346805095673,-0.040380582213401794,0.02871894836425798,0.21854662895202626,-0.12560513615608215,0.31463924050331105,0.06750020384788497,-0.18551361560821522,0.2847773730754853,-0.026668012142181396,-0.14729624986648557,0.38654649257659923,-0.1327580288052559,0.45770153403282166,0.3120310306549071,-0.16457271575927745,0.2718171253800392,-0.07614344358444225,-0.07805684208869923,0.048819899559020996,-0.03337857127189642,-0.05779963731765736
1656267278.png,0.16105559468269348,-0.03501307964324957,-0.00315934419631958,-0.03763416409492504,-0.009912222623825073,-0.03606653213500982,-0.07030647993087774,-0.031578570604324174,-0.0733377635478974,-0.03714901208877558,0.07468846440315247,0.040677338838577215,-0.0746884644031525,-0.040677338838577215,0.02289488911628723,0.22758388519287132,-0.12488289177417755,0.3134566545486448,0.07156205177307129,-0.19597125053405784,0.2835819572210312,-0.02600806951522816,-0.1520208716392517,0.38735753297805775,-0.13379420340061188,0.47731608152389526,0.30471131205558777,-0.16786307096481312,0.2702524513006211,-0.09376645088195812,-0.07716095447540289,0.060532331466674694,-0.03017780184745794,-0.05911576747894287
1656267279.png,0.16222555935382843,-0.035037934780120905,-0.0029368102550507147,-0.03665688633918757,-0.009967476129531916,-0.03587952256202692,-0.07099449634551996,-0.03238329291343689,-0.07467001676559443,-0.03760746121406544,0.07478843629360205,0.04111608862876892,-0.07478843629360199,-0.04111608862876892,0.02069535851478571,0.22625017166137695,-0.1250426098704338,0.31348693370819103,0.07377314567565918,-0.19516253471374512,0.29502239078283315,-0.026730597019195668,-0.14190256595611575,0.38716381788253773,-0.1198926717042923,0.48034512996673573,0.30183058977127075,-0.16251176595687855,0.25690995156764984,-0.09689611196517922,-0.07266229391098017,0.05624717473983787,-0.02952873706817627,-0.04477912187576316
1656267280.png,0.1655792742967605,-0.07058702409267426,-0.0068930089473723255,-0.04032215476036066,-0.010866463184356634,-0.04062515497207636,-0.0666496753692627,-0.02731847763061529,-0.06902313232421875,-0.02771499752998352,0.07563842833042145,0.045964583754539434,-0.07563842833042145,-0.045964583754539434,0.048031151294708196,0.21255213022232056,-0.09465716034173965,0.3225733935832976,0.0673743188381195,-0.20308583974838257,0.30453018099069595,0.005483150482177734,-0.10520116984844213,0.4406719207763671,-0.09183961898088455,0.5312884747982026,0.23844332993030554,0.020829498767852894,0.27233356982469553,-0.11383914947509777,0.0222834050655365,-0.18533992767333962,-0.00788056850433344,0.002071380615234264
1656267281.png,0.14697344601154333,-0.09133182466030115,-0.008644014596939087,-0.04189783334732067,-0.013203561305999811,-0.04271498322486883,-0.07109797000885015,-0.019604921340942327,-0.07361215353012085,-0.023827195167541504,0.08488745987415314,0.04720549285411835,-0.08488745987415314,-0.04720549285411835,0.04955190420150757,0.24232649803161632,-0.07926181703805925,0.3211856186389923,0.08340340852737432,-0.010973989963531494,0.3297965601086616,0.0012742877006531872,-0.09686544537544248,0.4454478621482848,-0.06472618132829666,0.5532488524913787,0.30889025330543507,-0.10673290491104126,0.30622587352991104,-0.22995275259017933,-0.013232409954070934,-0.10532176494598378,0.07034352421760559,0.04195469617843628
1656267282.png,0.1401289775967599,-0.08949337899684906,-0.006254822015762496,-0.04402291774749756,-0.010031551122665516,-0.04578784108161926,-0.0689727365970611,-0.030750751495361328,-0.06795713305473333,-0.0356468260288238,0.08875442296266556,0.04821006953716278,-0.08875442296266556,-0.04821006953716278,0.032572090625762995,0.23524737358093262,-0.06970497965812684,0.31413963437080394,0.01528683304786671,-0.003524303436279408,0.2429073303937912,-0.025261700153351052,-0.08286774158477783,0.4234949946403501,-0.03834606707096101,0.5467885434627533,0.2819909453392029,-0.08642119169235207,0.3222928643226624,-0.20095980167388927,0.010098099708557129,-0.008554279804229847,0.019582986831664873,0.028765499591827615
1656267283.png,0.14444424957036966,-0.09118680655956263,-0.007478207349777166,-0.036859661340713556,-0.013713568449020386,-0.044942051172256525,-0.07191812992095953,-0.02334064245223999,-0.07608723640441889,-0.026204288005828857,0.06683366745710373,0.05813486874103546,-0.0668336674571037,-0.05813486874103546,0.052840590476989746,0.21552658081054699,-0.069894477725029,0.2988697588443756,0.04921939969062811,-0.23850828409194957,0.3374547064304352,0.0412234663963319,-0.09693253040313723,0.43916934728622437,-0.08473871648311618,0.5605615079402921,0.2877366840839385,-0.0058795809745789684,0.2751603424549103,-0.08223843574523904,0.05230194330215465,-0.10911965370178212,0.021349161863327026,-0.06922543048858631
1656267284.png,0.14893106371164327,-0.0859837681055069,-0.006531476974487305,-0.034281373023986816,-0.013014733791351263,-0.037837833166122437,-0.0693804621696471,-0.028349101543426514,-0.07567590475082403,-0.033811211585998535,0.0713404193520546,0.04658009111881256,-0.07134041935205457,-0.04658009111881256,0.04807576537132263,0.21877247095108043,-0.07013344764709471,0.31641075015068054,0.049591183662414606,-0.2309088706970216,0.30565913021564484,0.01123046875,-0.08956226706504816,0.44835495948791493,-0.0828178748488426,0.5488382279872892,0.2757931649684905,-0.024065434932708962,0.2537049427628517,-0.07651305198669411,0.02261871099472057,-0.09023129940032926,-0.007494300603866522,-0.04359322786331177
1656267285.png,0.14965149760246277,-0.08586709201335913,-0.00579872727394104,-0.03445079922676081,-0.013166546821594294,-0.03901743888854975,-0.07200750708580017,-0.03034287691116333,-0.07703462243080134,-0.03553101420402527,0.07105514407157892,0.04737235605716705,-0.07105514407157892,-0.04737235605716711,0.04798349738121033,0.21696078777313244,-0.07322214543819434,0.3179616034030915,0.05085036158561712,-0.22980338335037254,0.27025483548641205,-0.02018296718597412,-0.10401827096939079,0.451496720314026,-0.08522659540176399,0.5511046946048737,0.27013394236564625,-0.002386331558227539,0.25419518351554876,-0.07906252145767212,0.04293936491012584,-0.09938120841979992,-0.0244620442390443,-0.038268864154815785
1656267286.png,0.15187926590442652,-0.0819398164749146,-0.007476449012756292,-0.0376165509223938,-0.0120819211006164,-0.039439231157302856,-0.07298693060874939,-0.030858993530273493,-0.07472223043441772,-0.03446123003959656,0.06928215920925146,0.04618909955024725,-0.0692821592092514,-0.04618909955024725,0.047098845243453924,0.21890288591384877,-0.07625102251768112,0.3188663125038147,0.05276796221733093,-0.22963720560073853,0.3101428076624871,0.00904560089111317,-0.08978061378002178,0.4498225450515744,-0.08556621521711351,0.5493306517601015,0.25410498678684235,0.016468405723572,0.2654440030455589,-0.07879328727722179,0.04751932621002203,-0.11720389127731323,-0.01869982481002802,-0.0431445837020874
1656267287.png,0.1520368456840515,-0.08157937228679657,-0.007008343935012762,-0.037119150161743164,-0.012772917747497503,-0.03976476192474371,-0.07240617275238048,-0.031721293926239014,-0.07504439353942877,-0.03589433431625361,0.06984558701515198,0.046029314398765564,-0.06984558701515195,-0.046029314398765564,0.05041149258613581,0.21779394149780285,-0.07595138996839527,0.3175061643123628,0.050331622362136896,-0.2290552854537964,0.27109699696302414,-0.021250784397125577,-0.09087258577346805,0.44866883754730236,-0.08466726541519168,0.5472007691860199,0.2767926752567291,-0.028960227966308594,0.2650884687900544,-0.07564812898635864,0.02441406249999989,-0.07303810119628917,-0.020180255174636952,-0.044120967388152965
1656267288.png,0.15206003189086914,-0.0839854478836059,-0.007033973932266291,-0.03630244731903082,-0.012240320444107056,-0.03905671834945679,-0.07271197438240051,-0.03046479821205139,-0.07429087162017828,-0.034490287303924616,0.0700859427452088,0.046404510736465454,-0.07008594274520874,-0.046404510736465454,0.04898586869239807,0.21831154823303212,-0.07463767379522326,0.3176041841506958,0.05105838179588312,-0.22955626249313343,0.26996704190969467,-0.019945919513702393,-0.09302414953708654,0.449329853057861,-0.08567837625741959,0.5484588742256165,0.260593369603157,-0.02561426162719682,0.2656330540776253,-0.07839483022689842,0.03728461265563959,-0.11062204837799094,-0.019490540027618408,-0.04195427894592263
1656267289.png,0.15099755674600596,-0.08212003111839289,-0.00681072473526001,-0.03688091039657593,-0.012627959251403809,-0.039985477924347035,-0.06991866230964655,-0.030782580375671442,-0.07452297210693354,-0.03571254014968861,0.07040483504533768,0.04600703716278076,-0.0704048350453377,-0.046007037162780706,0.04654696583747864,0.21894192695617676,-0.07621644437313077,0.3182062506675721,0.05206316709518438,-0.23009562492370605,0.3094373345375061,0.009011030197143444,-0.09313702583312991,0.45053225755691506,-0.08489602804183957,0.5488111376762392,0.2745279371738434,-0.006141185760497714,0.2631114572286605,-0.05312025547027621,0.027586042881011963,-0.09539800882339489,-0.01664951443672169,-0.06889683008193959
1656267290.png,0.1515976339578628,-0.08135811984539032,-0.007413178682327215,-0.03707718849182129,-0.012462198734283336,-0.03962966799736023,-0.07111957669258118,-0.030251622200012263,-0.07465273141860967,-0.03472998738288874,0.07125137746334076,0.04536677896976471,-0.07125137746334076,-0.045366778969764765,0.04530325531959539,0.22207772731780995,-0.07508032023906708,0.3199723064899445,0.05139064788818354,-0.2312965989112854,0.3095956593751907,0.007812082767486572,-0.09297326207160947,0.452212154865265,-0.08320476859807968,0.5489378273487096,0.2759999930858611,-0.002591848373413197,0.2625444754958153,-0.052706658840179776,0.025182902812957875,-0.09811550378799438,-0.016908526420593317,-0.06766915321350098
1656267291.png,0.16093681007623672,-0.06751661002635956,-0.0049014985561371405,-0.03726795315742487,-0.00865188241004955,-0.038780450820922796,-0.06487146019935608,-0.032268404960632435,-0.06655615568161005,-0.03296101093292242,0.06843537837266922,0.048344358801841736,-0.06843537837266925,-0.048344358801841736,0.05365687608718872,0.2005559206008911,-0.08303330838680266,0.31948181986808766,0.05612292885780329,-0.20428723096847534,0.2706475257873535,-0.02434873580932606,-0.11405965685844421,0.4371015429496766,-0.09860846400260921,0.5494103133678436,0.2565676271915435,-0.021594583988189586,0.2704263776540756,-0.10260707139968872,0.03154933452606207,-0.12713766098022472,-0.0032108426094055176,-0.028118133544921986
1656267292.png,0.1636658981442451,-0.0673184096813203,-0.005620837211608942,-0.03523862361907937,-0.010973125696182251,-0.03679460287094105,-0.06620466709136957,-0.03275969624519359,-0.06795883178710943,-0.03407090902328486,0.06768316775560379,0.04597735404968262,-0.06768316775560382,-0.04597735404968267,0.06060567498207081,0.1916050910949707,-0.08383557200431827,0.3164339065551757,0.051858276128768976,-0.192995846271515,0.27061681449413305,-0.02196979522705067,-0.11635904014110574,0.4380657076835631,-0.10373175889253619,0.5311663746833803,0.2794966846704482,-0.05739736557006814,0.2748695835471153,-0.084056377410889,0.010319113731384388,-0.10712146759033214,-0.018377512693405207,-0.023765444755553977
1656267293.png,0.15847621858119965,-0.06906001269817363,-0.007573515176773071,-0.041844457387924194,-0.012791574001312311,-0.043399691581726074,-0.06825962662696838,-0.030022621154785156,-0.0712327361106872,-0.034246563911438044,0.07040835916996002,0.041597530245780945,-0.07040835916996005,-0.041597530245781,0.05226483941078186,0.19968247413635232,-0.07976229488849639,0.3094808161258698,0.06098228693008434,-0.19330400228500355,0.26955498754978185,-0.023903787136077992,-0.11853395402431488,0.4547172188758849,-0.09983440488576885,0.5395725667476652,0.25890173017978674,-0.035234272480010875,0.2608261927962303,-0.09466755390167203,0.03283202648162836,-0.10216057300567627,-0.00452190637588501,-0.024766504764556996
1656267294.png,0.1565049514174462,-0.06694296002387995,-0.008400499820709284,-0.0427590310573579,-0.012357205152511763,-0.04335272312164312,-0.06991368532180786,-0.026981592178344616,-0.07263883948326105,-0.031347453594207764,0.06912627071142197,0.03826117515563965,-0.06912627071142197,-0.038261175155639704,0.05299380421638494,0.20146113634109508,-0.08156055212020874,0.31192058324813837,0.07094237208366388,-0.18142569065094005,0.2558832913637161,-0.008650779724121094,-0.11446794867515561,0.4442141652107241,-0.09802459180355072,0.5222240090370176,0.254160314798355,-0.013364553451538197,0.25894531607627874,-0.07807934284210194,0.04476326704025274,-0.11380773782730125,-0.005085408687591608,-0.0266990065574646
1656267295.png,0.16190416365861893,-0.05904999375343317,-0.006808221340179499,-0.03516009449958807,-0.011778712272644098,-0.035184979438781794,-0.06666898727416992,-0.026519984006881714,-0.07105392217636097,-0.02945378422737116,0.06270615011453623,0.04258349537849426,-0.06270615011453629,-0.04258349537849426,0.04888692498207098,0.2010657787322998,-0.10191074758768083,0.3085845708847045,0.06235420703887945,-0.19782060384750366,0.2543307766318322,0.009646236896514782,-0.1260280162096023,0.4256237149238584,-0.12117084115743638,0.5018132328987122,0.26374422013759624,-0.0749271512031553,0.26050058752298355,-0.07970756292343151,0.03330826759338368,-0.09583711624145519,-0.037508487701416016,-0.029282867908477783
1656267296.png,0.1640253141522408,-0.06439219415187841,-0.006387114524841364,-0.03464621305465687,-0.013504087924957331,-0.03758445382118225,-0.07017606496810919,-0.02632400393486034,-0.07306182384490967,-0.026434272527694647,0.06317842751741409,0.042689248919487,-0.06317842751741412,-0.042689248919486944,0.055952250957489014,0.19193124771118164,-0.09974755346775052,0.30701169371604914,0.0550118088722229,-0.1881360411643983,0.2576213777065277,0.011035919189453014,-0.12438352406024933,0.43807917833328247,-0.11807917058467864,0.5060626566410067,0.2632343024015427,-0.04668623208999645,0.2622230648994446,-0.08128911256790194,0.031785100698471014,-0.09676754474639893,0.0063098967075348456,-0.007585406303405651
1656267297.png,0.16338040679693222,-0.06463606655597681,-0.006555944681167658,-0.03403431177139277,-0.013147115707397516,-0.03679618239402771,-0.06972384452819813,-0.025973349809646662,-0.07267922163009644,-0.025598973035812378,0.06452461332082748,0.04200346767902369,-0.06452461332082748,-0.04200346767902369,0.05403935909271246,0.1940101981163026,-0.1036941632628441,0.31380245089530945,0.055131942033767645,-0.18921631574630737,0.25974927097558975,0.004677534103393666,-0.12872396409511572,0.4260980486869813,-0.11966646462678908,0.5030919015407561,0.2663136869668962,-0.07693326473236084,0.2628701254725456,-0.08075451850891102,0.015268862247466986,-0.06995248794555653,-0.0065440833568573,-0.0016066431999207653
1656267298.png,0.1620752364397049,-0.06524293124675745,-0.006503075361251831,-0.03439807891845714,-0.012920260429382324,-0.036395788192749134,-0.06860360503196727,-0.02631479501724243,-0.07140859961509699,-0.02631932497024525,0.06376032531261444,0.04148416221141815,-0.06376032531261441,-0.04148416221141815,0.05399861931800848,0.1936245560646056,-0.10146679729223254,0.30876025557517994,0.05800354480743397,-0.1883695125579833,0.2477132603526115,0.009377300739288441,-0.12629066407680517,0.42420339584350586,-0.11818362772464756,0.500391572713852,0.2642739564180374,-0.07300287485122692,0.26072289049625397,-0.07907772064208995,0.014594435691833607,-0.0703682303428651,-0.006968438625335693,-0.0014633536338806152
1656267299.png,0.16321922838687897,-0.06583945453166973,-0.006107062101364247,-0.033820211887359675,-0.012195557355880848,-0.036101400852203314,-0.06785321235656716,-0.02499145269393921,-0.06973510980606074,-0.024550825357437245,0.06354008615016932,0.04142729938030243,-0.06354008615016937,-0.041427299380302485,0.0549761056900025,0.19296514987945546,-0.10055533796548845,0.3074270784854887,0.05872821807861328,-0.18879258632659912,0.2553099468350411,0.00914120674133323,-0.12654729187488548,0.4254649281501768,-0.11984284967184067,0.5022549331188202,0.2641519755125046,-0.07685303688049305,0.2621429190039634,-0.08071309328079246,0.014842778444290106,-0.06808924674987793,-0.006060540676116888,-0.00402182340621926
1656267300.png,0.1619155257940293,-0.0633378773927688,-0.005679458379745483,-0.03404626250267029,-0.012218505144119207,-0.0363535881042481,-0.06849542260169983,-0.02662304043769842,-0.07072600722312933,-0.02670985460281372,0.06395073235034943,0.041098788380622864,-0.0639507323503494,-0.04109878838062281,0.053528815507888905,0.1930273175239563,-0.10186079144477841,0.30759581923484786,0.05605426430702204,-0.18702322244644165,0.2559608519077301,0.009840011596679799,-0.1279802173376083,0.4262985587120057,-0.11932815611362456,0.502632826566696,0.26501239836215973,-0.0745631456375121,0.26085807383060455,-0.07902270555496216,0.016498327255249023,-0.05224549770355236,-0.0059481859207152765,-0.003386259078979492
1656267301.png,0.16121210157871235,-0.06401680409908306,-0.005576610565185547,-0.03470590710639937,-0.013382494449615367,-0.036934912204742376,-0.06894886493682861,-0.026569724082946833,-0.0739223062992096,-0.027555942535400335,0.06417511403560638,0.042143985629081726,-0.06417511403560641,-0.042143985629081726,0.05381530523300171,0.19138902425766002,-0.10185145586729054,0.30949661135673523,0.0560319423675536,-0.18631380796432506,0.25680380314588547,0.00815892219543446,-0.12685395777225503,0.4242236614227296,-0.11881628632545474,0.5024244487285614,0.22782413661479947,0.03649276494979814,0.2613705694675445,-0.07913124561309814,0.06531447172164923,-0.18485587835311856,0.006372570991516169,-0.006104290485381969
1656267302.png,0.1630340069532395,-0.06418611109256755,-0.005656003952026367,-0.03407847881317122,-0.01240378618240362,-0.03624388575553883,-0.06904268264770513,-0.0268238782882691,-0.07072305679321289,-0.02639484405517578,0.06390167772769928,0.041948214173316956,-0.06390167772769925,-0.04194821417331701,0.054329186677932684,0.19233709573745728,-0.10083363205194476,0.3094169795513155,0.0567377507686615,-0.18828296661376964,0.25663707405328745,0.008294880390167014,-0.12663708627223969,0.4242926239967345,-0.11992103606462481,0.5026706159114838,0.2639025896787643,-0.07441306114196755,0.2623316124081612,-0.07872968912124634,0.016360819339752197,-0.05353313684463523,-0.006758600473404042,-0.004195153713226207
1656267303.png,0.1631598323583603,-0.06430386006832134,-0.00656503438949585,-0.03596287965774536,-0.013108134269714355,-0.03619706630706776,-0.06945449113845825,-0.0233553647994994,-0.07243788242340088,-0.024961769580841064,0.06437341868877411,0.03992156684398651,-0.06437341868877411,-0.039921566843986456,0.05269351601600647,0.19524312019348145,-0.10296493768692018,0.31084159016609186,0.05632424354553217,-0.1871686577796936,0.26003295183181757,0.005952298641204945,-0.12833438813686374,0.42775857448577903,-0.12019792199134827,0.5031263530254364,0.2649305909872055,-0.07538890838623069,0.2639651000499725,-0.08133733272552501,0.01528105139732372,-0.05231446027755737,0.006325930356979426,-0.006238996982574241
1656267304.png,0.16332959383726126,-0.0635939091444015,-0.00597667694091808,-0.03593304753303539,-0.011742174625396784,-0.03572487831115739,-0.06788653135299677,-0.023399949073791504,-0.06992268562316895,-0.025626540184020885,0.06381063908338547,0.04119415581226349,-0.06381063908338547,-0.041194155812263544,0.054102241992950384,0.1942417025566101,-0.10131979733705519,0.31054326891899114,0.05681613087654114,-0.1876787543296815,0.2559356912970543,0.008082032203674316,-0.12676322460174563,0.4274062514305115,-0.11882554739713669,0.48594781756401056,0.263313353061676,-0.17187470197677623,0.26129216700792307,-0.06367087364196788,0.015557408332824596,0.02431052923202537,0.005352467298507746,-0.006154179573058749
1656267305.png,0.1593003049492836,-0.0649137794971466,-0.006169587373733465,-0.03426611423492437,-0.013700038194656428,-0.036432176828384455,-0.06845945119857794,-0.02594438195228571,-0.07395896315574646,-0.028023719787597545,0.06539688259363174,0.04154244065284729,-0.06539688259363174,-0.04154244065284729,0.04959473013877863,0.19412565231323253,-0.10204988718032837,0.31069034337997437,0.057690918445587214,-0.1882517933845521,0.25818027555942535,0.007588505744934082,-0.13066741824150085,0.4263566732406616,-0.11967478692531587,0.5039968490600587,0.2648108303546905,-0.07506221532821666,0.26209148764610285,-0.08125990629196189,0.013758301734924316,-0.06926459074020386,-0.006679296493530218,-0.0023668408393859863
1656267306.png,0.1575664803385735,-0.06582812964916235,-0.004156857728958185,-0.03302782773971563,-0.012088596820831299,-0.03553012013435369,-0.06733185052871704,-0.026124954223632812,-0.07376891374588018,-0.02885067462921148,0.0654798075556755,0.04186628758907318,-0.0654798075556755,-0.04186628758907318,0.05064231157302862,0.19244301319122303,-0.10098750889301301,0.3096676766872404,0.055927962064742986,-0.185374617576599,0.25714093446731573,-0.000946342945098877,-0.12839299440383917,0.41014748811721813,-0.11874521523714064,0.4834958016872404,0.26175460219383245,-0.1545122265815737,0.265459768474102,-0.0835440158843993,0.016227036714553833,0.02382785081863381,0.030181556940078735,-0.0006427764892577015
1656267307.png,0.16071844100952137,-0.06566940248012548,-0.006883144378662054,-0.034771531820297186,-0.013182431459426824,-0.03641608357429499,-0.06824368238449091,-0.025584042072296143,-0.07324644923210144,-0.028269469738006647,0.06505897641181946,0.04006369411945354,-0.06505897641181949,-0.040063694119453486,0.05412662029266346,0.19696080684661854,-0.10495942831039431,0.3123303949832917,0.054489016532898005,-0.19163888692855846,0.32548102736473083,0.01644718647003185,-0.11789712309837347,0.4286597967147828,-0.10894355922937397,0.5247147977352145,0.2858756184577942,-0.010460257530212402,0.2713524177670479,-0.08447074890136741,0.02573072910308838,-0.11566734313964877,0.050661623477935736,-0.048704326152801514
1656267308.png,0.1623063758015632,-0.06557844579219824,-0.00596740841865534,-0.03537547588348383,-0.013027280569076538,-0.03566759824752802,-0.06829363107681274,-0.02266755700111389,-0.07218590378761292,-0.02565500140190119,0.06491465121507645,0.04223160445690155,-0.06491465121507645,-0.04223160445690155,0.05198821425437927,0.1940813660621643,-0.10237376391887665,0.31204232573509205,0.05614185333251953,-0.1899385452270509,0.2575668096542359,0.007252037525176891,-0.1304993182420731,0.4109663963317869,-0.12031360715627672,0.48298379778862,0.26120252907276154,-0.15622180700302102,0.26275772601366043,-0.06116139888763439,0.01748830080032343,0.024902045726776123,0.01983687281608576,-0.020586371421813854
1656267309.png,0.16382670402526855,-0.06325846910476685,-0.005733042955398615,-0.03540363907814026,-0.012320578098297175,-0.03574001789093023,-0.06917980313301081,-0.0247039794921875,-0.07126215100288391,-0.02704980969429016,0.0638146698474884,0.04264757037162786,-0.0638146698474884,-0.04264757037162786,0.05392724275588989,0.19299596548080433,-0.10153931379318237,0.3101919889450073,0.055419981479644775,-0.1880841851234436,0.25816890597343445,0.0083274245262146,-0.1299313306808472,0.41108250617980924,-0.12191645801067351,0.48381716012954723,0.26303818821907043,-0.1564086079597471,0.2650891393423081,-0.06071084737777721,0.016438513994216863,0.023165881633758656,0.03358209133148188,-0.023874998092651367
1656267310.png,0.16515159606933583,-0.044176593422889765,-0.001478642225265392,-0.035458296537399236,-0.006403625011443925,-0.03413787484168995,-0.06752392649650579,-0.03618514537811285,-0.06674614548683178,-0.04047533869743358,0.06169503927230835,0.04707609117031086,-0.06169503927230832,-0.04707609117031092,0.054450005292892456,0.19914859533309948,-0.10238593816757205,0.3074280917644499,0.06746220588684088,-0.18006008863449086,0.2516147196292878,-0.006447970867156982,-0.13944223523139954,0.39720064401626576,-0.13550803810358053,0.4749144613742828,0.27480918169021606,-0.15574723482131936,0.2849795892834663,-0.08083105087280285,0.01663330197334295,0.02168506383895874,-0.003813952207565252,0.018973708152771107
1656267311.png,0.1654631346464156,-0.04555542767047871,-0.0022112131118774414,-0.035766452550888006,-0.007384240627288763,-0.03351199626922624,-0.0652922391891479,-0.033642470836639515,-0.06965065002441401,-0.04031160473823536,0.06212510168552399,0.04606364667415613,-0.062125101685524015,-0.04606364667415613,0.05577546358108515,0.18989288806915294,-0.10180445760488512,0.3082607686519623,0.06487083435058599,-0.17325836420059215,0.2529679760336876,-0.004610657691955677,-0.13905292749404913,0.3982389569282534,-0.13574330508708957,0.4750187695026399,0.27515783905982966,-0.15106040239334118,0.27442069351673126,-0.07564967870712291,0.0008268952369692162,0.03823786973953258,0.006765156984329224,0.01627504825592041
1656267312.png,0.16434025764465332,-0.04623167216777796,-0.0022782981395721436,-0.03570842742919916,-0.007087349891662653,-0.033463031053543035,-0.06477284431457514,-0.033262878656387385,-0.06928816437721247,-0.04022693634033209,0.06186482310295105,0.0461751371622085,-0.061864823102950994,-0.0461751371622085,0.056913942098617554,0.19001257419586193,-0.10252591222524648,0.3095470964908599,0.06353342533111572,-0.17333900928497314,0.2534152194857597,-0.006183981895446555,-0.13880933821201324,0.3990633487701417,-0.13676525652408605,0.4762049615383147,0.2735483795404433,-0.15197461843490612,0.2778234332799911,-0.07905393838882435,0.003175795078277699,0.03847402334213257,-0.02141067385673523,-0.026695191860198975
1656267313.png,0.16505666077136993,-0.04763869941234583,-0.0022849738597869873,-0.03550040721893305,-0.0077847242355346125,-0.03282672166824341,-0.06550860404968262,-0.03201472759246832,-0.06976434588432318,-0.03918272256851202,0.06219382584094996,0.04590152204036718,-0.062193825840949984,-0.04590152204036718,0.05689606070518499,0.18954569101333618,-0.10246769338846208,0.3088956177234652,0.0638864934444427,-0.17335033416748047,0.24517572671175003,-0.005384802818298562,-0.13814130425453183,0.3984604477882385,-0.13655905425548556,0.47477129101753246,0.27338674664497375,-0.15184533596038818,0.2768585234880447,-0.07733368873596203,0.0016899108886719305,0.038794755935668945,0.006929248571395874,0.016023993492126687
1656267314.png,0.16361633688211447,-0.0462976992130279,-0.0022335052490235485,-0.03545486927032471,-0.007459372282028198,-0.03335881233215321,-0.06501114368438715,-0.03333696722984314,-0.0694984495639801,-0.040202766656875666,0.0627472773194313,0.045435696840286255,-0.06274727731943128,-0.0454356968402862,0.05512011051177984,0.18921470642089855,-0.1024979501962662,0.30851811170578,0.06465855240821827,-0.17269623279571533,0.25381126999855036,-0.008120059967040905,-0.13682281970977778,0.3998692631721501,-0.1348814368247986,0.47573506832122797,0.2746033668518066,-0.154352486133576,0.27349726855754847,-0.057996511459350586,-0.0004594326019286554,0.0397322177886964,0.00838774442672735,-0.005722761154174916
1656267315.png,0.16325872391462326,-0.04537960886955261,-0.002379119396209717,-0.03549584746360779,-0.007088720798492487,-0.0335934460163117,-0.0648833811283111,-0.0334571897983551,-0.06966635584831232,-0.04021042585372919,0.06257974356412888,0.046040624380111694,-0.06257974356412885,-0.046040624380111694,0.05491650104522705,0.1906301975250243,-0.10296899080276492,0.30984526872634877,0.06401529908180242,-0.17330187559127797,0.2452238351106643,-0.006810724735259899,-0.13707146048545837,0.4011288881301879,-0.13359839469194418,0.47834330797195435,0.27126416563987726,-0.1520901322364806,0.2725281938910484,-0.07878577709197998,0.019406616687774658,0.03384113311767578,-0.005037099123001043,0.01855933666229248
1656267316.png,0.16436640918254847,-0.045748189091682434,-0.0020212829113006037,-0.035852670669555664,-0.007079184055328314,-0.03362873196601868,-0.06504637002944941,-0.03287774324417114,-0.06996893882751465,-0.039775401353836004,0.0618695467710495,0.04651089012622822,-0.0618695467710495,-0.04651089012622828,0.05344873666763306,0.19671773910522472,-0.10352522134780884,0.3089852035045621,0.06590831279754644,-0.17999356985092163,0.24442002177238464,-0.0047037601470946155,-0.13736051321029663,0.4029418230056765,-0.13541486114263535,0.47984698414802535,0.27192434668540943,-0.15473806858062766,0.27589689940214157,-0.08188867568969727,0.04046356678009044,-0.01142454147338856,-0.021404147148132324,-0.009408116340637207
1656267317.png,0.1646636575460434,-0.047136262059211786,-0.002378910779953003,-0.03558424115180964,-0.007889032363891602,-0.03309541940689076,-0.06567275524139399,-0.032167464494705256,-0.07028919458389282,-0.03948086500167852,0.062140390276908875,0.046644046902656555,-0.0621403902769089,-0.046644046902656555,0.05301648378372198,0.19772624969482433,-0.10333339124917981,0.3101753294467925,0.06661671400070185,-0.18150460720062278,0.24649847298860555,-0.006059825420379639,-0.13754951953887945,0.40079712867736794,-0.13578012585639954,0.4790952503681185,0.27342686057090765,-0.1536087393760679,0.27593016624450684,-0.08046221733093284,0.001645445823669489,0.03696626424789429,0.006469279527664129,0.015764951705932617
1656267318.png,0.16315814107656484,-0.04710529744625103,-0.0023730993270874023,-0.035786837339401134,-0.007138103246688898,-0.033665776252746415,-0.06339636445045488,-0.03194451332092285,-0.06812873482704163,-0.03868851065635681,0.06217905133962631,0.0472743660211562,-0.06217905133962631,-0.047274366021156256,0.05600264668464666,0.18906480073928844,-0.10216085612773894,0.30852589011192305,0.06421846151351923,-0.17335182428359985,0.24382370710372925,-0.005263686180114635,-0.13783945143222812,0.3983467221260071,-0.13577618449926376,0.47696623206138594,0.27408285439014446,-0.15335023403167714,0.27639902383089066,-0.07974708080291748,0.0021374523639677845,0.039089202880859264,-0.03745874762535095,-0.009036004543304221
1656267319.png,0.16230163723230356,-0.04869942367076874,-0.0028338134288787287,-0.036017090082168635,-0.008610576391220037,-0.03496432304382313,-0.06418079137802124,-0.030599683523178045,-0.06791603565216064,-0.03639304637908952,0.06253678351640701,0.0475039929151535,-0.06253678351640699,-0.0475039929151535,0.05433529615402216,0.1888039708137511,-0.10271779447793965,0.30956462025642384,0.06357058882713312,-0.1735839843749999,0.24416290968656545,-0.0055245161056517444,-0.13978682458400724,0.3986034989356997,-0.13515100628137594,0.47837790846824646,0.27299459278583516,-0.15279054641723677,0.2754651829600335,-0.08105832338333119,0.04227587580680858,-0.010753452777862327,-0.021120786666870173,-0.00951051712036155
1656267320.png,0.1622281968593598,-0.04560448229312891,-0.0027632117271423895,-0.036510944366455134,-0.007519930601119995,-0.03489196300506603,-0.06418362259864807,-0.03315958380699163,-0.0690982341766358,-0.040224879980087225,0.061844199895858765,0.04734177887439728,-0.06184419989585879,-0.04734177887439722,0.05243554711341858,0.198394775390625,-0.10464598983526226,0.3103430569171905,0.06594988703727717,-0.18236011266708374,0.24528738111257553,-0.0069141387939453125,-0.12743167579174042,0.4002629518508909,-0.12443771958351135,0.4820773899555206,0.2628513723611832,-0.15478307008743264,0.26252490282058716,-0.06320750713348389,0.04033485054969793,-0.011665403842926025,-0.03688785433769226,-0.04996120929718029
1656267321.png,0.16420581936836243,-0.05090567469596868,-0.0029134154319764294,-0.03646877408027649,-0.00941959023475658,-0.035640835762023815,-0.06525853276252735,-0.030138373374938965,-0.06879907846450795,-0.035640597343444935,0.06211027503013611,0.04688963294029236,-0.06211027503013611,-0.046889632940292414,0.055686384439468384,0.1886667013168335,-0.10246916115283967,0.30704241991043085,0.0627604722976684,-0.17212516069412231,0.25394423305988306,-0.005825817584991455,-0.13763080537319186,0.4169221520423889,-0.1354123428463936,0.4819547533988952,0.23935027420520785,0.03334665298461914,0.2760622575879097,-0.06251370906829812,0.0745791494846344,-0.2180171012878419,-0.021527528762817327,-0.05248004198074363
1656267322.png,0.15542148798704147,-0.0673370212316513,-0.001260995864868164,-0.03261470794677729,-0.01261851191520691,-0.03713446855545033,-0.06428715586662292,-0.023387134075164795,-0.07383620738983154,-0.034001111984252985,0.06551744788885122,0.04343877732753748,-0.06551744788885117,-0.04343877732753748,0.04878929257392878,0.19203007221221935,-0.10138241201639175,0.3074627220630646,0.06101897358894337,-0.1862877607345581,0.25399934500455856,-0.003496825695037953,-0.12879334390163427,0.4019129276275636,-0.11826383322477342,0.4806818664073942,0.2629744857549667,-0.15322893857955933,0.26245642453432083,-0.059280574321746604,0.029412508010864313,0.02728217840194691,0.01960211992263794,-0.021277666091918945
1656267323.png,0.15883418172597885,-0.06606444716453552,-0.004341304302215521,-0.034702807664871216,-0.013613671064376831,-0.037478446960449274,-0.06613299250602722,-0.023974746465682983,-0.07541003823280329,-0.031195461750030462,0.06521885842084885,0.04506528377532959,-0.06521885842084882,-0.04506528377532959,0.051008135080337635,0.19034045934677113,-0.10329136252403257,0.31228095293045033,0.05990168452262862,-0.18312132358551003,0.2543344050645828,-0.00748753547668457,-0.13134717941284174,0.40275979042053234,-0.121581956744194,0.4805956482887267,0.2610301077365875,-0.15487796068191528,0.2667845785617828,-0.08267033100128174,0.016337484121322576,0.025113701820373424,0.01710456609725952,0.0012364983558655895
1656267324.png,0.1600528061389923,-0.06843213737010956,-0.005026489496231024,-0.03253826498985285,-0.014205873012542725,-0.035125732421875,-0.06580075621604925,-0.024903088808059748,-0.0737035870552063,-0.032189309597015436,0.06530484557151794,0.04425691068172455,-0.06530484557151792,-0.04425691068172455,0.05056345462799072,0.19061130285263062,-0.10082406550645831,0.3090631067752838,0.060527414083480835,-0.18298447132110596,0.25304389744997025,-0.005545496940612682,-0.1301117986440658,0.40198516845703114,-0.11961764842271809,0.4805714786052703,0.2633719593286514,-0.15470343828201283,0.27776519209146494,-0.10780888795852639,0.03088793158531189,0.023564934730529785,0.004067152738571278,0.024809002876281627
1656267325.png,0.16177049279212946,-0.064032644033432,-0.004903107881545965,-0.035720705986022894,-0.012230008840560802,-0.037000507116317694,-0.06631869077682495,-0.028572469949722346,-0.07478767633438121,-0.03355878591537481,0.06557661294937134,0.0407678782939912,-0.06557661294937134,-0.040767878293991144,0.05209767818450928,0.19130927324295033,-0.09933595359325409,0.3036306500434875,0.06009972095489502,-0.18210887908935558,0.2525113373994826,-0.006459832191466952,-0.13075846433639526,0.4009608030319215,-0.11938340961933136,0.4703426361083984,0.26373896002769476,-0.1523261666297916,0.26569692790508276,-0.10285764932632435,0.014426171779632513,0.026891887187957875,0.005374044179916326,0.024957656860351562
1656267326.png,0.16221114993095398,-0.061468854546546936,-0.004722326993942316,-0.03823062777519237,-0.015329062938690186,-0.03861388564109802,-0.06804415583610535,-0.023374587297439464,-0.07583567500114441,-0.03231453895568848,0.06482762098312372,0.04321177303791057,-0.06482762098312378,-0.04321177303791052,0.051216900348663386,0.19310438632965077,-0.10287117958068849,0.3103687465190889,0.06100493669509888,-0.18240880966186523,0.2554149031639099,-0.0073732733726502575,-0.13124287128448478,0.4040098786354066,-0.12097618728876115,0.47877094149589544,0.2620118260383605,-0.15387272834777876,0.26446566730737686,-0.08410471677780162,0.016615420579910334,0.024767458438873402,0.017486542463302612,0.0028721094131469727
1656267327.png,0.16048382222652435,-0.06348438560962677,-0.005368053913116455,-0.03508675098419184,-0.014945268630981445,-0.03806489706039429,-0.06647560000419622,-0.02522161602973938,-0.07429474592208862,-0.03161141276359547,0.06569482386112208,0.04501624405384058,-0.06569482386112213,-0.04501624405384058,0.05009299516677862,0.19001972675323497,-0.10178525745868686,0.31118449568748463,0.05996519327163696,-0.1821720600128175,0.25370092689991,-0.006216585636138805,-0.13213291764259333,0.40368914604187023,-0.12008064985275266,0.4820607006549834,0.2618647217750549,-0.15475207567214977,0.2643917500972748,-0.08344531059265148,0.015597879886627142,0.024939954280853494,0.01822638511657715,0.0012366771697998047
1656267328.png,0.16186079382896423,-0.06215514242649084,-0.005261093378067017,-0.0357699692249297,-0.01472014188766474,-0.03909146785736073,-0.06717705726623535,-0.02659198641777044,-0.07427731156349188,-0.032467424869537354,0.06490972638130188,0.045325472950935364,-0.06490972638130188,-0.04532547295093542,0.0518149733543396,0.18927288055419922,-0.10154212266206743,0.3109446465969086,0.060451656579971313,-0.18161147832870483,0.24580479413270945,-0.004973351955413929,-0.13123919069766996,0.4037194848060608,-0.12129764258861543,0.48302957415580755,0.26235033571720123,-0.1563049554824828,0.26510553061962133,-0.06240046024322499,0.031076669692993053,0.020577788352966198,0.018015325069427435,-0.02111649513244651
1656267329.png,0.1624377891421318,-0.06300346553325648,-0.00522121787071228,-0.03819155693054199,-0.014537304639816284,-0.038478583097458,-0.067815750837326,-0.023185282945632935,-0.075472891330719,-0.032340526580810436,0.06476061791181564,0.04529030621051783,-0.06476061791181564,-0.04529030621051783,0.052291661500930786,0.19066554307937644,-0.1012403592467308,0.31334248185157776,0.059573233127594105,-0.18277770280838024,0.253812737762928,-0.00808340311050415,-0.12929636240005496,0.40380555391311657,-0.1210734248161316,0.4825019538402556,0.26257699728012096,-0.15704423189163208,0.27853833138942713,-0.10798096656799294,0.029030472040176336,0.0041683316230772816,0.0045756995677948,0.02472376823425282
1656267330.png,0.16076557338237768,-0.06296117603778834,-0.0046227276325226385,-0.03501754999160778,-0.014675259590148981,-0.038553059101104736,-0.06669980287551874,-0.02738720178604126,-0.07546246051788325,-0.03278148174285894,0.06402559578418732,0.044272199273109436,-0.06402559578418732,-0.044272199273109436,0.04999014735221868,0.1918298602104187,-0.1028040274977684,0.3056059181690216,0.06221210956573475,-0.18211412429809581,0.25491162389516836,-0.0044441819190979,-0.133917361497879,0.40199583768844593,-0.1347438097000122,0.4779377281665802,0.2677060067653656,-0.15374672412872292,0.2741968631744385,-0.05891013145446777,0.03877788782119751,-0.012112975120544545,0.02170485258102406,-0.01967763900756836
1656267331.png,0.14212453365325925,-0.08683075010776531,-0.008777201175689642,-0.0337029993534087,-0.02013459801673889,-0.03947207331657404,-0.06562620401382457,-0.016277045011520386,-0.08206352591514587,-0.01883727312088007,0.09993579983711245,0.03472949564456934,-0.09993579983711245,-0.0347294956445694,0.045238435268402044,0.2761051952838898,-0.010022148489952087,0.29740387201309204,0.04619234800338734,-0.197553813457489,0.29012881219387054,-0.1661786437034607,-0.06449007987976074,0.4351854622364045,-0.03701584041118622,0.5120291113853453,0.3154181838035583,-0.049127697944641224,0.23204116523265833,-0.005625724792480358,0.025326073169708252,0.03912293910980236,0.08223456144332891,-0.026874661445617787
1656267332.png,0.1424511075019836,-0.06691411137580872,-0.0055525302886962336,-0.0431724488735199,-0.014183580875396673,-0.0428314208984375,-0.07092669606208807,-0.02528333663940424,-0.07571816444396973,-0.03344056010246271,0.09154489636421204,0.04936364293098444,-0.09154489636421201,-0.04936364293098444,0.01918676495552074,0.2420778274536135,-0.05423590540885928,0.32885533571243275,0.08370321989059432,0.025360524654388317,0.32773217558860773,-0.0021303892135620117,-0.08641025424003601,0.47423988580703746,-0.060175642371177715,0.5845155715942383,0.27854159474372864,-0.019011139869690052,0.22533123195171356,-0.03158688545227062,-0.01378864049911499,0.013373196125030407,0.05557730793952942,0.02471017837524403
1656267333.png,0.13988425582647324,-0.0715425461530686,-0.004244863986968939,-0.041938334703445324,-0.01400583982467657,-0.04332056641578674,-0.06790566444396978,-0.026461452245712336,-0.07373043894767761,-0.03540667891502375,0.08731814473867416,0.056289538741111755,-0.08731814473867416,-0.05628953874111181,-0.0011321008205414373,0.23296481370925903,-0.0630398243665695,0.32435700297355646,0.09426349401474005,0.009288012981414684,0.33316665887832647,0.013257265090942494,-0.09318795800209045,0.45840126276016235,-0.08223600685596465,0.5806615650653837,0.26599475741386414,-0.007118701934814342,0.2584496438503265,-0.03685665130615223,0.013498663902282604,-0.01765650510787964,0.03588438034057623,0.012056410312652588
1656267334.png,0.14105825126171118,-0.07169966399669647,-0.004594236612320002,-0.04279890656471247,-0.013325303792953547,-0.044195204973220825,-0.07054394483566279,-0.02715772390365606,-0.07364189624786377,-0.035067200660705566,0.08725886046886444,0.056018009781837574,-0.08725886046886444,-0.05601800978183752,-0.002746403217315674,0.23671376705169667,-0.06245313584804535,0.3228335082530976,0.09333273768424993,0.015127718448638805,0.3278805762529374,0.0107383131980896,-0.10588064789772036,0.4724755883216857,-0.08197814226150511,0.5811749398708341,0.2633766233921051,-0.020161032676696777,0.27139076590538025,-0.02188932895660367,0.024921834468841553,0.011100292205810547,0.0027753710746765137,0.025481820106506237
1656267335.png,0.14101585000753397,-0.07153637707233429,-0.0044864714145659845,-0.04238769412040705,-0.013012140989303533,-0.04340842366218556,-0.0702936053276062,-0.026207029819488636,-0.07282984256744385,-0.033660173416137806,0.08685388416051865,0.054444774985313416,-0.08685388416051867,-0.054444774985313416,0.0008628666400909424,0.23366177082061756,-0.061582706868648515,0.32071134448051464,0.09037309885025024,0.020233154296875222,0.326994426548481,0.01194697618484486,-0.10394252836704251,0.46214061975479104,-0.08012883365154265,0.5764504969120023,0.2605600506067276,-0.008758246898651012,0.25637990236282343,-0.03613585233688332,0.0120430588722229,-0.001912832260131614,0.017131596803665272,0.026897668838500977
1656267336.png,0.14093157649040222,-0.07432095706462849,-0.0041058361530303955,-0.04121470451354986,-0.01265329122543335,-0.042258113622665405,-0.07064086198806763,-0.02605935931205744,-0.07300341129302979,-0.03405189514160151,0.08726122975349426,0.0552758127450943,-0.08726122975349426,-0.055275812745094244,0.001400083303451538,0.23436611890792847,-0.060260713100433363,0.32055416703224177,0.1003069281578064,0.0055852532386782006,0.3305185139179229,0.012808680534362904,-0.09327855706214905,0.4611070752143861,-0.08021246641874313,0.5784269273281097,0.2486291825771333,-0.007216513156890869,0.2536185011267662,-0.02154123783111539,0.026436328887939342,0.011524856090545654,0.018929451704025324,0.01292335987091009
1656267337.png,0.14465649425983423,-0.09884114563465124,-0.008565157651901134,-0.036714255809783936,-0.016413897275924627,-0.037974596023559515,-0.07129994034767156,-0.010294556617736761,-0.07674330472946173,-0.016609549522399847,0.08362062275409698,0.052955225110054016,-0.08362062275409698,-0.052955225110054016,0.026626795530319214,0.23280411958694458,-0.06487945467233659,0.31515172123908997,0.08841478824615479,-0.002970278263092041,0.32161251455545425,0.013136148452758789,-0.08631569147109991,0.4596585035324098,-0.07966043055057526,0.5725999772548676,0.24947905540466303,-0.0008080601692199707,0.26873953640460974,-0.05388373136520386,0.030171990394592396,-0.021866142749786155,0.0064012110233305775,0.005229830741882102
1656267338.png,0.151668980717659,-0.09103442728519429,-0.009918063879013006,-0.037763386964797974,-0.015507370233535822,-0.03876310586929321,-0.07228580117225658,-0.015458256006240845,-0.0784980952739715,-0.01732873916625971,0.07805316150188446,0.035312071442604065,-0.07805316150188446,-0.03531207144260401,0.03625413775444025,0.23428702354431152,-0.0807690918445587,0.3130726516246795,0.05715674161911022,-0.2193516492843628,0.3176642060279846,0.0119912028312682,-0.09947678446769712,0.4532945156097413,-0.08391766995191574,0.5290130674839022,0.2564866542816162,-0.011155366897583008,0.2741200849413871,-0.0680234432220459,0.018695086240768433,-0.07213789224624623,-0.018272668123245184,-0.03855985403060935
1656267339.png,0.1537901535630226,-0.0924009978771208,-0.009959906339645441,-0.03685653209686285,-0.015558302402496393,-0.03739443421363836,-0.07043838500976557,-0.01349756121635437,-0.07703030109405518,-0.016949504613876343,0.0752760842442512,0.035974711179733276,-0.07527608424425125,-0.035974711179733276,0.04347261786460882,0.23013806343078613,-0.08406594395637514,0.3130224347114563,0.05377084016799927,-0.22661679983139027,0.31708092987537395,0.01400345563888572,-0.09934850037097928,0.4502638578414918,-0.0864512026309967,0.5269183516502381,0.25684483349323284,0.012009263038635254,0.27313239872455597,-0.04136610031127941,0.022445440292358232,-0.09421527385711659,-0.032908350229263306,-0.05946719646453846
1656267340.png,0.15347994863986963,-0.09115022420883179,-0.009271413087844793,-0.03738108277320856,-0.014892458915710394,-0.038223117589950506,-0.07001402974128718,-0.014584273099899292,-0.07635229825973516,-0.01795008778572077,0.0751741379499436,0.03714603185653681,-0.07517413794994354,-0.03714603185653681,0.046287536621093694,0.23033744096755981,-0.08279815316200256,0.31172215938568115,0.05202364921569819,-0.22978460788726796,0.3157394230365753,0.015364348888397217,-0.09764418005943307,0.44855952262878407,-0.08491631597280504,0.527591645717621,0.2531866729259492,0.029238224029541238,0.27317171543836594,-0.06655848026275657,0.037643283605575506,-0.11043792963027954,-0.01689627766609192,-0.03906506299972534
1656267341.png,0.1538392528891564,-0.09246753156185145,-0.009563207626342829,-0.036929458379745594,-0.015328824520111195,-0.03755465149879461,-0.07052013278007507,-0.01370349526405329,-0.07768490910530085,-0.01724880933761591,0.07582464069128036,0.035752370953559875,-0.07582464069128034,-0.03575237095355993,0.04260197281837458,0.2309764623641969,-0.08314203470945361,0.3118019402027132,0.05451101064682001,-0.22992193698883068,0.3169384375214577,0.01596713066101063,-0.09998650848865509,0.45239460468292236,-0.0858915895223618,0.5279240906238556,0.2565885335206986,0.011224508285522239,0.2744008600711823,-0.06911170482635498,0.034560769796371404,-0.0957481265068052,-0.01614928245544439,-0.03886944055557229
1656267342.png,0.1537813246250152,-0.09198756515979767,-0.009590625762939453,-0.03724163770675659,-0.015207976102828868,-0.03760027885437012,-0.07042101025581354,-0.01367408037185669,-0.07710248231887823,-0.017002820968627874,0.07601019740104675,0.036103084683418274,-0.07601019740104675,-0.036103084683418274,0.04303064942359924,0.2338079810142516,-0.08234655112028122,0.31349703669548035,0.0533814132213592,-0.2333484888076781,0.3145773336291313,0.013773858547210582,-0.10061299800872803,0.45242810249328624,-0.08622338622808458,0.5284480750560759,0.2580308616161346,0.01069265604019165,0.2712643072009086,-0.042916417121887096,0.03315392136573797,-0.09432828426361084,-0.013502955436706543,-0.06384319067001332
1656267343.png,0.15355833619832987,-0.09268037974834442,-0.009538233280181885,-0.03735285997390747,-0.015062928199767955,-0.03779107332229614,-0.07063382863998413,-0.013960272073745728,-0.07780587673187261,-0.017476320266723633,0.0759369358420372,0.03669361770153046,-0.0759369358420372,-0.0366936177015304,0.041284263134002686,0.23243427276611317,-0.08423995971679688,0.31383940577507013,0.05476352572441101,-0.23184835910797108,0.31724803149700165,0.014150798320770264,-0.10102064907550812,0.45248037576675415,-0.08636729419231416,0.5290819704532621,0.2582354694604874,0.00973111391067516,0.27082610130310053,-0.04347151517868031,0.03327417373657232,-0.09389954805374168,-0.012760907411575262,-0.0643732547760012
1656267344.png,0.15352807939052587,-0.09230174124240881,-0.009425908327102661,-0.03752326965332031,-0.01481720805168163,-0.038185238838195856,-0.07055810093879705,-0.01419365406036377,-0.07722488045692438,-0.017969161272048895,0.0751217752695083,0.03800190985202784,-0.0751217752695083,-0.03800190985202784,0.04306298494338989,0.23199236392974854,-0.08405748754739767,0.31471815705299366,0.054036945104599055,-0.23324459791183472,0.31679830700159073,0.01507091522216808,-0.0985880047082901,0.44819897413253784,-0.08623282611370092,0.5292406380176545,0.25684617459774034,0.01203387975692738,0.27117033302783966,-0.04254698753356978,0.021195799112319835,-0.09361457824707031,-0.0307189524173736,-0.05749738216400124
1656267345.png,0.1535706222057342,-0.09293489158153528,-0.009676128625869751,-0.036935418844223133,-0.01566952466964716,-0.037763714790344294,-0.07057881355285639,-0.01346981525421137,-0.07849282026290899,-0.01730215549468994,0.07629776000976562,0.036930814385414124,-0.07629776000976568,-0.036930814385414124,0.04133361577987671,0.23412239551544178,-0.08354277908802028,0.31465700268745433,0.05432292819023127,-0.2349669337272643,0.3162023574113846,0.015016674995422252,-0.10115273296833036,0.45236104726791393,-0.08604315668344495,0.5297395288944248,0.2575922757387161,0.011237919330596702,0.27190468460321415,-0.0427934527397158,0.02059322595596308,-0.09401899576187123,-0.013840854167938121,-0.062289059162140004
1656267346.png,0.15421763807535177,-0.09324949979782099,-0.00959566235542303,-0.036925315856933594,-0.015668362379074263,-0.03745698928833008,-0.0705585777759552,-0.013739913702011108,-0.07876908779144276,-0.017511993646621704,0.07603729516267776,0.036306083202362005,-0.07603729516267774,-0.036306083202362005,0.04231038689613342,0.2348347306251527,-0.08087571710348132,0.3138940930366516,0.054503411054611206,-0.23448562622070312,0.3142409399151802,0.014863014221191295,-0.09921140968799594,0.45328617095947266,-0.08533219248056416,0.5298725366592405,0.2566297799348831,0.011262178421020619,0.2713666781783104,-0.04265075922012296,0.021432876586914062,-0.09512853622436535,-0.01428282260894781,-0.0629956126213076
1656267347.png,0.15368662029504782,-0.09372608363628382,-0.009335517883300781,-0.036919921636581476,-0.015307873487472645,-0.037622570991516224,-0.07023274898529053,-0.013695597648620605,-0.07787761092185969,-0.017003417015075628,0.07567957788705826,0.03681056201457977,-0.07567957788705829,-0.03681056201457977,0.0421688854694367,0.23334115743637085,-0.08390019088983533,0.31399402022361744,0.05464273691177368,-0.2337220311164857,0.3167790994048119,0.014860570430755726,-0.10061047971248627,0.45181238651275635,-0.08636993169784542,0.5297348201274871,0.2597508281469344,0.010175704956054799,0.25962845981121063,-0.04429906606674194,0.01968318223953247,-0.09505569934844982,-0.018230348825454712,-0.057948172092437855
1656267348.png,0.15342891216278076,-0.09381584823131567,-0.009635746479034424,-0.036853849887847845,-0.015280216932296753,-0.037360042333602794,-0.07231318950653082,-0.015533268451690674,-0.07697102427482605,-0.018345206975936945,0.07498565316200256,0.03670273721218109,-0.07498565316200254,-0.03670273721218109,0.04338616132736206,0.23343640565872192,-0.08305057883262638,0.31364718079566967,0.05397689342498779,-0.23341256380081177,0.315314769744873,0.015716314315795787,-0.09699112176895139,0.4525081515312196,-0.0853095278143883,0.5297885239124298,0.25495848059654225,0.011239051818847545,0.271877996623516,-0.06832480430603005,0.03411784768104548,-0.09478348493576061,-0.015599697828292791,-0.038068592548370694
1656267349.png,0.15404938161373138,-0.0948085486888885,-0.0100219845771789,-0.036718040704727284,-0.01603189110755926,-0.03714618086814886,-0.0724399983882904,-0.014536201953887884,-0.07831943035125727,-0.01710024476051336,0.07596246898174286,0.03699108958244324,-0.07596246898174283,-0.03699108958244324,0.042074710130691584,0.23414015769958496,-0.08433088660240175,0.31443583965301525,0.05458089709281916,-0.23512661457061768,0.3182092607021331,0.013697564601898193,-0.09945526719093314,0.45314472913742077,-0.0854287147521973,0.5302530527114868,0.25583112239837646,0.009546220302581787,0.2699759900569915,-0.04367965459823597,0.020620793104171697,-0.09470343589782737,-0.031038194894790594,-0.057842791080475076
1656267350.png,0.1544849574565888,-0.0940915793180464,-0.010233998298645075,-0.03682130575180059,-0.015411347150802612,-0.037214577198028675,-0.07230678200721741,-0.015167474746704157,-0.0770308673381806,-0.017395555973052923,0.07647120952606201,0.037215813994407654,-0.07647120952606198,-0.0372158139944076,0.0422721803188324,0.23279291391372703,-0.08314615488052364,0.3146298229694366,0.05437850952148443,-0.23387104272842418,0.3169829249382019,0.014531135559082031,-0.10143268108367914,0.45419126749038696,-0.08674965053796765,0.5317877233028412,0.25606903433799744,0.025629580020904763,0.27328158169984823,-0.044684529304504395,0.035760581493377686,-0.11069971323013317,-0.014171391725540272,-0.06340044736862172
1656267351.png,0.15330997109413147,-0.09191463887691503,-0.009108304977416992,-0.03732556104660034,-0.015128642320632935,-0.038033813238143865,-0.07071077823638916,-0.014247298240661566,-0.07802915573120117,-0.018085628747940008,0.07507291436195374,0.03661887347698212,-0.07507291436195374,-0.03661887347698212,0.04205909371376049,0.23238295316696156,-0.08335768431425096,0.31244412064552296,0.054686129093170055,-0.2321183681488037,0.3162783309817314,0.016641497611999623,-0.09976698458194733,0.4518586993217467,-0.08626469969749452,0.5291207730770114,0.25781534612178797,0.010883688926696888,0.27164036035537714,-0.042899668216705655,0.020040631294250433,-0.09514743089675903,-0.013678312301635687,-0.0625617504119872
1656267352.png,0.15355119109153748,-0.09303113818168635,-0.009214878082275446,-0.037517219781875666,-0.015110224485397394,-0.03815758228302002,-0.0705040991306305,-0.013774782419204656,-0.07832050323486328,-0.018357574939727894,0.07527312636375427,0.03719890117645264,-0.07527312636375424,-0.03719890117645264,0.04322376847267151,0.23311609029769909,-0.08469213545322422,0.3135666251182555,0.054226696491241344,-0.23422551155090343,0.3181708604097366,0.01468735933303833,-0.09898482263088232,0.45166701078414917,-0.08568773418664936,0.5295534729957581,0.2563231438398361,0.010589003562927246,0.2720737829804421,-0.06939041614532471,0.02248519659042364,-0.09531521797180198,-0.033714294433593806,-0.0325891375541687
1656267353.png,0.15411543846130377,-0.09252507984638203,-0.010050565004348755,-0.03702402114868175,-0.015537351369857844,-0.03747680783271795,-0.07123804092407227,-0.014843970537185669,-0.07800126075744634,-0.01828825473785406,0.07623291015625006,0.037192657589912526,-0.07623291015625,-0.03719265758991247,0.03912875056266779,0.23438680171966542,-0.0851186141371727,0.3158090412616729,0.056249022483825684,-0.235309898853302,0.319914810359478,0.013697087764740101,-0.10201634466648107,0.45255523920059193,-0.08582069724798203,0.5443085730075836,0.26016224920749653,0.009976208209991455,0.2720120772719384,-0.05734956264495816,0.02043941617012024,-0.09458541870117199,-0.031817555427551325,-0.05825924873352084
1656267354.png,0.15495713055133814,-0.09460626542568207,-0.010624378919601385,-0.036383271217346136,-0.015484541654586736,-0.03714153170585627,-0.07215887308120733,-0.014832943677902277,-0.07772645354270935,-0.017238825559616144,0.07615216076374054,0.037736997008323614,-0.07615216076374057,-0.037736997008323614,0.04097175598144531,0.23416662216186535,-0.0845479294657707,0.31474611163139343,0.053879559040069636,-0.235201895236969,0.3181416019797325,0.014152288436889648,-0.1024949699640274,0.4527191519737247,-0.08726305514574048,0.5314089953899384,0.25907088816165935,0.009390532970428467,0.2724970653653145,-0.04372870922088601,0.02077782154083241,-0.0923207998275759,-0.017633736133575384,-0.04671442508697543
1656267355.png,0.15431103110313416,-0.0934284329414366,-0.010081499814987238,-0.03705123066902172,-0.015502065420150757,-0.03766611218452459,-0.07270452380180359,-0.015357702970504705,-0.07774823904037481,-0.017648816108703613,0.07586809992790228,0.03745576739311218,-0.07586809992790225,-0.03745576739311213,0.041784852743148804,0.23258185386657726,-0.0827534347772598,0.3145854473114013,0.05466476082801819,-0.23343825340270996,0.3178584724664688,0.01588612794876121,-0.10015870630741122,0.4525619149208069,-0.0861835330724716,0.5310344099998474,0.2576954811811447,0.011230409145355447,0.2719448059797287,-0.04264521598815929,0.019702613353729248,-0.09561526775360119,-0.030833482742309626,-0.05750000476837147
1656267356.png,0.15372852981090546,-0.09395569562911987,-0.00912457704544073,-0.03701317310333252,-0.01537245512008667,-0.03798377513885498,-0.07006672024726857,-0.014189541339874268,-0.07794404029846197,-0.0182131826877594,0.07602740824222565,0.037581413984298595,-0.07602740824222562,-0.03758141398429865,0.0414641797542572,0.2338266968727113,-0.0833457112312317,0.31286692619323714,0.05454292893409729,-0.23615336418151844,0.31689727306365967,0.014459431171417347,-0.100238561630249,0.44943594932556175,-0.08549336344003679,0.5288591980934141,0.25737816095352173,0.010359406471251997,0.27081651240587234,-0.04316914081573475,0.02175256609916687,-0.0939034223556513,-0.012711673974990845,-0.06303083896636974
1656267357.png,0.15505440533161163,-0.09491081535816193,-0.010490268468856812,-0.036908745765686035,-0.016451776027679443,-0.03723412752151484,-0.07339140772819519,-0.014596819877624567,-0.07896474003791809,-0.016842871904373224,0.07574795186519623,0.036367371678352356,-0.07574795186519623,-0.036367371678352356,0.04092630743980408,0.23535752296447743,-0.08492939919233324,0.3141777217388152,0.0561407208442688,-0.23486560583114613,0.31919636577367777,0.014542520046234242,-0.10044914484024042,0.45474380254745495,-0.08643814176321031,0.531236857175827,0.2571697533130644,0.009543061256408358,0.2723751291632652,-0.04394197463989258,0.021816551685333363,-0.09372150897979725,-0.03165814280509943,-0.05765485763549827
1656267358.png,0.15348735451698292,-0.09160189330577856,-0.010040104389190507,-0.03703853487968439,-0.01606282591819752,-0.03800508379936213,-0.0707004070281983,-0.01353311538696289,-0.07844209671020508,-0.017361313104629517,0.07711157202720642,0.03699110448360443,-0.07711157202720645,-0.03699110448360443,0.03836688399314875,0.2356380820274352,-0.0838201269507408,0.31535521149635315,0.05122902989387518,-0.23344796895980835,0.31928040832281107,0.014347791671752819,-0.10200953483581543,0.453838586807251,-0.08518143743276592,0.531190425157547,0.2550579607486725,0.025902986526489147,0.27213092893362045,-0.044689178466796764,0.022293061017990112,-0.08742737770080533,-0.03445824980735779,-0.039812207221985085
1656267359.png,0.15247727185487736,-0.09211215376853943,-0.009618371725082397,-0.03719735145568848,-0.015529215335845892,-0.03813612461090088,-0.07032388448715204,-0.014209151268005371,-0.07712319493293762,-0.01761850714683527,0.07632327824831009,0.036072224378585815,-0.07632327824831012,-0.03607222437858587,0.03873255848884566,0.23514783382415771,-0.08341094106435776,0.3136885166168211,0.057191371917724665,-0.23550879955291748,0.31836576014757145,0.014327704906463956,-0.10031652450561526,0.453640341758728,-0.08556690812110905,0.5296943187713621,0.2569148242473601,0.010693550109863392,0.27180801331996923,-0.04375129938125577,0.020591557025909535,-0.09498202800750721,-0.03130254149436956,-0.05766981840133667
1656267360.png,0.15292388200759888,-0.09202559292316431,-0.009510517120361273,-0.03729411959648138,-0.015224277973175049,-0.03780770301818853,-0.07031244039535528,-0.014669209718704168,-0.07698473334312433,-0.018066972494125366,0.07622718811035162,0.036043569445610046,-0.07622718811035159,-0.036043569445610046,0.03972762823104842,0.23474222421646107,-0.08236269652843474,0.31146076321601857,0.056437104940414484,-0.23469072580337513,0.3168075233697891,0.0153578519821167,-0.10003241896629336,0.45120763778686535,-0.08435669541358945,0.5276766121387481,0.2567732036113738,0.012843668460845725,0.2578608095645905,-0.042220056056976096,0.021606802940368874,-0.09483224153518655,-0.01971572637557989,-0.056941509246826394
1656267361.png,0.1538423895835877,-0.09230765700340277,-0.01018562912940979,-0.03709030151367182,-0.01570284366607666,-0.03745758533477783,-0.07130435109138489,-0.013630419969558716,-0.0776490569114685,-0.017097830772399847,0.07701840996742249,0.0370541512966156,-0.07701840996742246,-0.0370541512966156,0.03954204916954046,0.23570436239242554,-0.0839561745524406,0.3152121901512146,0.055324047803878784,-0.2363426685333252,0.31862457841634756,0.014476299285888783,-0.10295417904853818,0.453091382980347,-0.08600056916475292,0.545392096042633,0.2581380009651184,0.010848402976989524,0.2718832269310952,-0.058232009410858154,0.020635783672332708,-0.09443163871765137,-0.030733078718185536,-0.055807650089263805
1656267362.png,0.15375443547964107,-0.09357398748397827,-0.010400027036667037,-0.03687334060668945,-0.01569780707359325,-0.03720274567604065,-0.0716002881526947,-0.013752222061157227,-0.07729187607765198,-0.016472429037094116,0.07662629336118704,0.03622516989707947,-0.07662629336118698,-0.03622516989707952,0.03956890106201161,0.23608332872390747,-0.08449358493089677,0.31387645006179815,0.055357724428176935,-0.23609232902526855,0.3185133561491966,0.01418447494506836,-0.10169002413749698,0.4544286727905271,-0.0851469710469246,0.5306032299995422,0.2571754753589629,0.010832786560058705,0.2707711979746819,-0.04403144121170044,0.02114796638488775,-0.09529566764831521,-0.03122627735137945,-0.05694645643234253
1656267363.png,0.15359795838594437,-0.09431537985801697,-0.009483575820922796,-0.03691700100898748,-0.015773683786392267,-0.03770232200622564,-0.07004424929618835,-0.013917565345764105,-0.07843098044395441,-0.01759564876556391,0.07520873099565506,0.036964863538742065,-0.07520873099565506,-0.036964863538742065,0.041723936796188354,0.23390436172485363,-0.08436674624681473,0.3131944537162781,0.05523642897605896,-0.23528921604156505,0.319095991551876,0.014070153236389271,-0.0990231782197952,0.45274633169174194,-0.08561085164546968,0.5445783734321594,0.2562941759824753,0.009629249572753573,0.2587757706642151,-0.05934703350067161,0.02271497249603266,-0.09430474042892445,-0.020042985677719116,-0.05683124065399148
1656267364.png,0.15362051129341125,-0.0932499468326568,-0.010063648223876898,-0.03706163167953497,-0.01569676399230957,-0.03749585151672369,-0.07123753428459179,-0.013622075319290161,-0.07789653539657593,-0.017221808433532715,0.07601302862167358,0.03668391704559326,-0.07601302862167356,-0.03668391704559326,0.042405933141708374,0.23599928617477417,-0.08307965099811557,0.3127182126045227,0.05342507362365728,-0.23599165678024303,0.31655873358249653,0.015375077724456898,-0.10096931457519534,0.4534688591957091,-0.08604454249143603,0.5306693911552429,0.25686973333358765,0.010943412780761608,0.270680420100689,-0.04308736324310303,0.02077841758728033,-0.09448766708374001,-0.03094416856765758,-0.056407690048217884
1656267365.png,0.15378450602293015,-0.09195576608180994,-0.01025214791297907,-0.0370741486549378,-0.01611182093620306,-0.0374560952186585,-0.07097148895263677,-0.01293408870697027,-0.07763084769248957,-0.016477197408676092,0.0771082267165184,0.036939188838005066,-0.0771082267165184,-0.03693918883800512,0.04016971588134771,0.23584842681884755,-0.08406945317983629,0.3162909448146822,0.05414292216300953,-0.23636734485626198,0.31813550740480423,0.013764381408691295,-0.10155314207077024,0.45406949520111073,-0.08405294269323348,0.5315973460674284,0.257944792509079,0.009843111038208008,0.2711156979203225,-0.044304728507995605,0.02099743485450739,-0.09351444244384755,-0.03131160140037542,-0.05669903755187966
1656267366.png,0.15399266034364695,-0.09359417855739594,-0.010064691305160578,-0.03722059726715082,-0.015463769435882568,-0.0378503799438476,-0.07152351737022394,-0.014275848865509089,-0.07840681076049805,-0.01769119501113897,0.07623264938592911,0.037450477480888256,-0.07623264938592914,-0.03745047748088831,0.04230326414108271,0.23412042856216442,-0.08407249301671982,0.31442990899086004,0.05368506908416759,-0.2359544038772583,0.3180742636322975,0.013174712657928356,-0.10095563530921936,0.45228695869445823,-0.08655725419521326,0.5304556190967562,0.2592164874076842,0.008531630039214755,0.2721642553806304,-0.04348587989807151,0.020588725805282815,-0.0928608179092405,-0.030806660652160645,-0.056563377380371205
1656267367.png,0.1545545533299446,-0.09247416257858276,-0.010210543870925959,-0.0373709499835968,-0.015870809555053766,-0.037997037172317505,-0.07100495696067799,-0.014044344425201416,-0.07757106423377985,-0.017698824405670166,0.076613999903202,0.03756505250930786,-0.07661399990320206,-0.03756505250930786,0.0366954803466798,0.23406165838241577,-0.08258371055126192,0.31463366746902455,0.053425520658492986,-0.23335117101669312,0.319484144449234,0.015975236892700084,-0.10221046209335322,0.4530799984931947,-0.08659014105796814,0.5326188206672667,0.2585007548332214,0.024244964122771995,0.2597358077764511,-0.049161791801452304,0.020870149135589655,-0.08860665559768688,-0.03711181879043579,-0.05127239227294933
1656267368.png,0.15344424545764912,-0.09305007755756378,-0.009779781103134044,-0.03696215152740484,-0.015928447246551403,-0.03761735558509832,-0.07026410102844238,-0.013214081525802557,-0.07784721255302435,-0.01733642816543568,0.07643191516399384,0.03702042996883392,-0.07643191516399378,-0.03702042996883398,0.043465048074722235,0.23518890142440796,-0.08357481658458714,0.3146111667156219,0.052526324987411444,-0.236802339553833,0.3153847903013229,0.014204859733581654,-0.1004985570907592,0.45290386676788297,-0.0857583954930306,0.5284893214702606,0.2566501796245575,0.005705118179321733,0.2604678347706794,-0.06774240732193004,0.024038136005401556,-0.09491431713104259,-0.021069049835205023,-0.03295069932937611
1656267369.png,0.15446018427610397,-0.09607931971549982,-0.01002949476242071,-0.03619828820228571,-0.016155660152435414,-0.03690576553344721,-0.06991735100746149,-0.012169212102890015,-0.07710853219032271,-0.0160386860370636,0.0760243758559227,0.037750691175460815,-0.07602437585592264,-0.03775069117546076,0.049816578626632746,0.23380762338638328,-0.08207291364669805,0.31480914354324335,0.04771116375923151,-0.23678117990493786,0.31575845181941986,0.012261509895324818,-0.09893512725830081,0.45072519779205344,-0.08547832816839224,0.5285026431083679,0.25840330123901367,-0.01908528804779097,0.26031626015901566,-0.0676710009574889,0.02208739519119257,-0.08680981397628762,-0.0023475587368011475,-0.038443028926849365
1656267370.png,0.15475916862487793,-0.09462733566761022,-0.009582787752151545,-0.03613686561584467,-0.016053706407547053,-0.03691980242729187,-0.0697630643844604,-0.011667370796203613,-0.07704725861549372,-0.01614627242088318,0.07559800148010254,0.036583200097084045,-0.07559800148010254,-0.036583200097084045,0.0520100593566894,0.2325352430343628,-0.07996533066034317,0.312095731496811,0.046118468046188354,-0.2339717149734497,0.29756105691194534,0.008350312709808239,-0.09739021956920624,0.45118963718414284,-0.08522170782089236,0.5270248949527739,0.2397487312555313,-0.01891803741455078,0.2601928412914276,-0.0892239212989806,0.04172059893608082,-0.08792686462402333,0.010518938302993885,-0.02309352159500133
1656267371.png,0.15504061430692673,-0.09511123597621918,-0.009293794631958063,-0.03675770759582525,-0.015125632286071888,-0.03738600015640259,-0.07011044025421143,-0.013736486434936468,-0.0776404440402984,-0.017816215753555298,0.07438211888074875,0.03865288197994232,-0.07438211888074878,-0.03865288197994232,0.048246145248412975,0.23239457607269287,-0.08346500992774969,0.3127251565456389,0.05198436975479137,-0.23696696758270264,0.31501995027065277,0.013495445251464733,-0.10757428407669073,0.451396346092224,-0.0853622779250145,0.5293174088001253,0.2697722613811492,-0.022620081901550182,0.2715388014912604,-0.06882673501968417,0.022097676992416493,-0.08731818199157704,0.001069933176040816,-0.04427611827850342
1656267372.png,0.15512365102767944,-0.09632675349712372,-0.010422170162200983,-0.03632816672325134,-0.016040533781051636,-0.03666999936103821,-0.07168570160865778,-0.013025581836700495,-0.07855966687202454,-0.01680612564086914,0.07547181844711304,0.03794957697391521,-0.07547181844711301,-0.037949576973915156,0.04558336734771723,0.2344921827316282,-0.08427712321281436,0.31454226374626165,0.05059695243835455,-0.23854923248291016,0.315523087978363,0.012928664684295654,-0.1002485454082489,0.45226025581359863,-0.08667512983083728,0.5299119651317596,0.25759503245353693,0.0035332441329956055,0.2714970931410789,-0.06765788793563854,0.024081945419311468,-0.09121799468994163,-0.01308667659759516,-0.03751975297927834
1656267373.png,0.15326970070600499,-0.09241457283496857,-0.008965581655502208,-0.03721541166305542,-0.015569180250167736,-0.038153499364852905,-0.06948131322860712,-0.013822734355926514,-0.07796075940132147,-0.018560379743575994,0.07614954560995102,0.038323774933815,-0.07614954560995107,-0.038323774933815,0.04893496632575994,0.2326452136039735,-0.08183454722166054,0.31448259949684143,0.04814687371253956,-0.2365342974662783,0.31396863609552383,0.012499809265136608,-0.09995301067829138,0.4532952308654783,-0.08586195111274715,0.5312273800373077,0.2569016069173813,0.0024823546409610264,0.27231527864933014,-0.06957131624221802,0.03713700175285345,-0.09303075075149558,-0.013838529586791992,-0.038329124450683594
1656267374.png,0.1538216918706894,-0.09396831691265106,-0.009180217981338501,-0.03706866502761835,-0.015282243490219005,-0.03767400979995722,-0.06985142827033991,-0.013143241405487116,-0.07677185535430914,-0.01726427674293518,0.07483987510204315,0.03778348863124853,-0.07483987510204312,-0.03778348863124853,0.04556959867477417,0.23248142004013073,-0.0831696614623069,0.31370285153389,0.053194612264633234,-0.23635244369506858,0.30378540605306625,0.008882880210876243,-0.10903805494308472,0.4527052044868468,-0.08655366301536561,0.5286123454570772,0.26761785149574285,0.004037082195281982,0.2719950675964356,-0.06803256273269664,0.02441921830177307,-0.09528511762619007,-0.013058036565780695,-0.03969979286193848
1656267375.png,0.15503612905740732,-0.09486699104309071,-0.009604573249816839,-0.036827087402343806,-0.014943867921829224,-0.03731426596641535,-0.07077232003211975,-0.013991355895996038,-0.07691186666488642,-0.01753494143486034,0.07418952137231827,0.038106292486190796,-0.0741895213723183,-0.038106292486190796,0.04646971821784973,0.23140227794647217,-0.0830167233943939,0.31346577405929565,0.05286911129951477,-0.23586010932922352,0.3152493089437485,0.013602614402771107,-0.10760818421840665,0.45155376195907604,-0.08741831779479978,0.5284658074378968,0.2673243135213852,0.004383742809295543,0.27295450866222376,-0.06780380010604858,0.02551490068435669,-0.094615578651428,-0.013245791196823065,-0.038585245609283336
1656267376.png,0.15362163633108133,-0.09297497570514685,-0.00967463850975031,-0.036629170179366954,-0.01611438393592829,-0.03728720545768732,-0.07074403762817383,-0.01205825805664068,-0.07823440432548517,-0.01614558696746826,0.07585027068853373,0.03734360635280609,-0.07585027068853376,-0.03734360635280609,0.04633215069770824,0.23261380195617665,-0.08317077904939654,0.3149998486042024,0.05097928643226618,-0.23496216535568226,0.3146382495760917,0.014670372009277122,-0.09979565441608423,0.4548480510711671,-0.08524332195520407,0.5309474766254425,0.25709368288517,0.004469931125640647,0.27160831540822983,-0.06738823652267467,0.02317070960998535,-0.0945918560028075,-0.01305693387985224,-0.03981578350067139
1656267377.png,0.15402802824974055,-0.09451788663864141,-0.009566009044647161,-0.036680042743682806,-0.01600012183189392,-0.03715503215789795,-0.07022628188133234,-0.012065410614013672,-0.07773089408874506,-0.01616841554641718,0.0753314197063446,0.037303775548934937,-0.0753314197063446,-0.037303775548934937,0.04472115635871887,0.23285210132598877,-0.08405342698097226,0.31447023153305065,0.05250167846679682,-0.23543787002563477,0.31540706753730774,0.013572216033935547,-0.09959068894386289,0.4522910714149476,-0.08686815202236178,0.5283907055854796,0.25685542821884155,0.005266606807708518,0.2718919962644578,-0.06851798295974731,0.024459004402160645,-0.09546220302581776,-0.012829363346099965,-0.03844946622848511
1656267378.png,0.1537724658846854,-0.09363396465778334,-0.00891041755676264,-0.03660115599632269,-0.014857977628707775,-0.03755134344100958,-0.06938853859901423,-0.013817757368087824,-0.07670366764068609,-0.018122583627700806,0.07426448911428452,0.03734232485294342,-0.07426448911428454,-0.03734232485294342,0.048109531402587835,0.2307593822479248,-0.08380205184221266,0.3125908672809603,0.05194509029388433,-0.2336500883102416,0.3026941046118737,0.009380280971526878,-0.09595327079296115,0.449960172176361,-0.08554247766733165,0.5261565744876865,0.2591356784105301,-0.019724607467651145,0.2710315212607384,-0.066625475883484,0.04117885231971752,-0.10079771280288696,0.0011947751045226496,-0.044963359832763894
1656267379.png,0.15566059947013855,-0.09515014290809615,-0.009852468967437855,-0.03580763936042791,-0.015711039304733276,-0.036139160394668635,-0.06962430477142328,-0.012970536947250366,-0.07637733221054077,-0.01660856604576111,0.07573089003562927,0.037745535373687744,-0.07573089003562927,-0.037745535373687744,0.04747951030731201,0.23435884714126598,-0.0821063667535782,0.3148156404495239,0.05055740475654591,-0.23497879505157482,0.3037135154008866,0.009305000305175781,-0.09605561196804044,0.45158499479293834,-0.08405591547489169,0.5296960473060609,0.2580628544092177,-0.02185022830963157,0.2722288817167282,-0.06843894720077515,0.0227139592170717,-0.08492118120193459,6.979703903198242e-05,-0.04418045282363903
1656267380.png,0.14915102720260615,-0.08848327398300176,-0.005977511405944769,-0.036472260951995794,-0.012171536684036255,-0.039886862039565985,-0.06985616683959961,-0.02239292860031128,-0.0797899961471557,-0.02712428569793701,0.08214172720909119,0.04838380217552185,-0.08214172720909116,-0.048383802175521795,0.03360468149185175,0.22919899225234985,-0.07662080228328708,0.3199613690376281,0.05838894844055176,-0.23619502782821644,0.31636859476566315,0.007924020290374645,-0.10006116330623632,0.4316292405128478,-0.07798115909099583,0.534753143787384,0.2675874382257462,-0.05164247751235973,0.28092990815639496,-0.11877441406250033,0.006615996360778809,-0.05731570720672596,0.0047438144683837336,-0.0074361562728878505
1656267381.png,0.1462509855628013,-0.08925177156925201,-0.005978107452392523,-0.03286430239677429,-0.016508400440215953,-0.04004809260368347,-0.06697911024093633,-0.021777421236038264,-0.07622680068016058,-0.027354717254638672,0.08429621905088425,0.04774440824985504,-0.08429621905088425,-0.04774440824985504,0.029468119144439642,0.2313649058341981,-0.07470086216926575,0.3204499185085298,0.059685736894607655,-0.23714542388916027,0.3150467425584793,0.00660961866378762,-0.09152647852897644,0.43180733919143677,-0.07540126144886015,0.5349435508251188,0.25398460030555725,-0.047748863697052,0.2546757757663727,-0.1135895252227781,-0.027786850929260254,-0.06162691116333008,0.010571092367172297,0.009535551071166992
1656267382.png,0.14533526450395584,-0.09373085200786596,-0.0057610273361206055,-0.03269138932228083,-0.013742029666900635,-0.03820893168449391,-0.06812489032745361,-0.02015325427055359,-0.07604402303695679,-0.026013910770416315,0.08368778973817825,0.048791661858558655,-0.08368778973817828,-0.04879166185855871,0.03597646951675415,0.23081183433532726,-0.07476086914539336,0.32089522480964655,0.05309203267097473,-0.2387254238128662,0.30367785692214966,0.003150343894958607,-0.10167299211025232,0.4326258897781371,-0.07803081721067427,0.5343988239765167,0.2717420309782029,-0.08347159624099709,0.25552964955568314,-0.11388629674911499,-0.012666165828704945,-0.02775406837463401,0.011145859956741333,0.010265111923217884
1656267383.png,0.14640107750892645,-0.09166295826435089,-0.007076829671859741,-0.038292258977890015,-0.013820916414260975,-0.040887296199798584,-0.06702551245689403,-0.016801148653030396,-0.0788840651512146,-0.023210167884826716,0.08228302001953125,0.04873599112033844,-0.08228302001953125,-0.048735991120338495,0.034670174121856745,0.22773420810699463,-0.07463689148426056,0.31980732083320623,0.056254297494888306,-0.23551678657531738,0.31410075724124903,0.006427764892578236,-0.09905630350112912,0.4302138090133668,-0.07740584760904312,0.533462196588516,0.2691102623939514,-0.07979273796081565,0.2678287103772163,-0.11437058448791482,-0.010808408260345459,-0.025920987129211315,-0.0015312731266021173,0.012549281120300293
1656267384.png,0.14678773283958435,-0.08917281031608582,-0.005190789699554443,-0.03542223572731018,-0.01366639137268072,-0.04060962796211243,-0.06770706176757812,-0.02216273546218872,-0.08004179596900934,-0.02731189131736761,0.08239740133285517,0.0492992103099823,-0.0823974013328552,-0.0492992103099823,0.036650598049163874,0.22662889957427967,-0.07529095560312275,0.32080668210983276,0.0548143088817597,-0.23547124862670887,0.30318564921617513,0.002146303653717041,-0.10049925744533539,0.4284508228302001,-0.07889013737440113,0.5329454541206359,0.2701012343168259,-0.08404439687728871,0.2680204138159752,-0.11390310525894143,0.006273925304412842,-0.021435976028442272,-0.0016820132732390802,0.011163949966430553
1656267385.png,0.1495490968227387,-0.09148578345775599,-0.007415413856506403,-0.03839898109436046,-0.014004766941070612,-0.040775239467620905,-0.06926831603050232,-0.016782581806182806,-0.08141779899597168,-0.02434074878692627,0.0828603208065033,0.04870937764644623,-0.0828603208065033,-0.04870937764644623,0.037273347377777155,0.22621971368789662,-0.07594819366931917,0.32099422812461875,0.05423280596733093,-0.23434633016586293,0.303031250834465,0.0023224353790279872,-0.10096718370914462,0.4309900999069215,-0.07747195661067964,0.5338433682918547,0.27125076949596405,-0.0852348804473878,0.2670105546712874,-0.11317813396453846,0.004804253578185924,-0.022393524646759144,-0.0018317997455596369,0.00965791940689087
1656267386.png,0.14902996271848673,-0.09019626677036285,-0.005726665258407537,-0.037085890769958496,-0.014219969511032104,-0.04169446229934698,-0.06956657767295837,-0.01908051967620855,-0.0810451209545135,-0.025736302137374822,0.08189602941274643,0.04983659088611603,-0.08189602941274643,-0.04983659088611608,0.0389360487461089,0.2250472903251649,-0.07490229606628417,0.3207463324069976,0.05469873547554027,-0.23529165983200084,0.3021437376737595,0.004950106143951527,-0.09947453439235693,0.430619478225708,-0.08750256150960922,0.5478409230709078,0.2702104300260543,-0.08179664611816406,0.2654617801308632,-0.12454098463058483,-0.010531783103942705,-0.02928733825683605,0.010030508041381836,0.007655203342437744
1656267387.png,0.14998707920312893,-0.08949820697307581,-0.007154136896133534,-0.037065654993057306,-0.015034347772598378,-0.041444152593612726,-0.06951925158500677,-0.019267886877059937,-0.08108186721801758,-0.025301247835159302,0.08295697718858719,0.04885073006153107,-0.08295697718858719,-0.04885073006153107,0.03516259789466858,0.22564387321472168,-0.07437067478895186,0.3204471170902252,0.05595716834068298,-0.2338816523551941,0.31209871917963034,0.00635862350463845,-0.10032528638839713,0.43123263120651234,-0.07780009508132933,0.5336649119853973,0.2709721326828002,-0.08209675550460804,0.25624890625476837,-0.11193382740020741,-0.01093822717666626,-0.008443892002105602,0.009858280420303345,0.008534193038940319
1656267388.png,0.14950453490018845,-0.09097976982593536,-0.006148487329483032,-0.036739438772201594,-0.014531463384628296,-0.041940450668334905,-0.06922066211700434,-0.019066810607910045,-0.08141112327575684,-0.024353682994842585,0.08272143453359604,0.04910726845264435,-0.08272143453359601,-0.049107268452644404,0.03750079870223999,0.22425937652587902,-0.07466506958007815,0.32005044817924494,0.05496588349342346,-0.23308277130126964,0.3026330918073654,0.0036286115646363415,-0.102032721042633,0.4312372207641604,-0.08874876797199252,0.5334651172161105,0.26765900850296015,-0.051345288753509966,0.2662923038005829,-0.11078310012817405,-0.027231931686401423,-0.06320053339004494,0.009985804557800348,0.006017208099365345
1656267389.png,0.14963614195585245,-0.09129084646701818,-0.007681101560592651,-0.03874218463897705,-0.014406204223632701,-0.04143348336219793,-0.0687535405158996,-0.016754537820816096,-0.08080440759658819,-0.023644268512725775,0.08255695551633835,0.04921798408031469,-0.08255695551633835,-0.04921798408031469,0.04009178280830383,0.22866058349609353,-0.07614238560199739,0.32194873690605164,0.0524031519889831,-0.23868370056152333,0.31384226679801946,0.005451202392578014,-0.10067087411880499,0.4469933509826659,-0.08755537867546082,0.5500827729701995,0.2683179080486298,-0.0626533031463622,0.27667333185672766,-0.1080353856086732,-0.008420884609222412,-0.04595112800598167,-0.0008383095264435925,-0.012411594390868919
1656267390.png,0.14943114668130875,-0.091889038681984,-0.00713077187538147,-0.03929394483566284,-0.013973325490951649,-0.0419971346855163,-0.06918790936470032,-0.017274528741836492,-0.0809329450130461,-0.024369031190872192,0.08201766759157181,0.05003060400485981,-0.08201766759157184,-0.05003060400485987,0.03520956635475159,0.22867035865783714,-0.07505146414041518,0.3205088078975677,0.05741101503372187,-0.2385883927345278,0.31478693336248403,0.007060408592224121,-0.10031539201736447,0.4325407147407533,-0.0873397588729858,0.5485544502735138,0.2685929238796234,-0.04912692308425903,0.2635253816843033,-0.10359811782836925,-0.006960153579711914,-0.04700535535812367,0.011673569679260254,-0.015097796916961448
1656267391.png,0.1491015926003456,-0.09244607388973236,-0.007484614849090632,-0.039121150970458984,-0.014508306980133001,-0.041831135749816895,-0.06872102618217463,-0.016949117183685303,-0.07732638716697698,-0.024944663047790583,0.08246982842683792,0.05001865327358246,-0.0824698284268379,-0.05001865327358246,0.0338362455368042,0.2287062406539916,-0.07516525685787202,0.32112357020378113,0.05823370814323425,-0.2388620376586913,0.3163589835166931,0.00795799493789684,-0.10067738592624667,0.44429218769073486,-0.08683484047651294,0.549045890569687,0.27017612755298615,-0.0600486397743224,0.26491219550371176,-0.10539281368255626,-0.009319424629211426,-0.04734569787979137,0.011227786540984996,-0.014508962631225475
1656267392.png,0.14922483265399938,-0.09157179296016693,-0.007972687482833918,-0.03908541798591608,-0.01447406411170954,-0.04154300689697271,-0.06858950853347767,-0.01716750860214239,-0.08047205209732061,-0.023937731981277466,0.0826110690832138,0.048157528042793274,-0.08261106908321378,-0.04815752804279322,0.03782477974891674,0.22790610790252663,-0.0765199363231659,0.3202888667583465,0.053909301757812444,-0.23530226945877053,0.3157966434955598,0.006954491138458252,-0.10056523978710166,0.4354729652404786,-0.08669542521238326,0.5477542579174042,0.2678031474351883,-0.05005824565887462,0.2637630924582481,-0.12567657232284546,-0.026222497224807628,-0.04821467399597157,0.01063433289527893,0.005864381790161022
1656267393.png,0.1493155062198639,-0.09091788530349737,-0.008147746324539185,-0.039606243371963445,-0.013481736183166504,-0.04124975204467768,-0.07195347547531128,-0.018895983695983942,-0.07997876405715942,-0.024287074804306086,0.08251282572746277,0.048034489154815674,-0.08251282572746277,-0.04803448915481573,0.03932514786720276,0.22870177030563354,-0.07727204263210295,0.32029259204864496,0.05315515398979187,-0.2358875274658203,0.3166371136903763,0.008204221725463867,-0.1004846841096878,0.43784040212631237,-0.07660622149705887,0.5499671101570129,0.268645241856575,-0.05045199394226063,0.25427538901567454,-0.12970101833343484,-0.02628549933433527,-0.05151426792144809,0.010286718606948908,0.006893515586852916
1656267394.png,0.14951267093420034,-0.09212228655815119,-0.007907181978225764,-0.03946316242218029,-0.014531910419464167,-0.04153901338577276,-0.0688957273960113,-0.016357213258743286,-0.07754117250442505,-0.023410618305206243,0.08274345844984049,0.04869532585144043,-0.08274345844984055,-0.048695325851440374,0.03985220193862926,0.22867417335510265,-0.07526540756225585,0.3202512860298155,0.05163046717643732,-0.23682355880737316,0.31688235700130457,0.008214235305786466,-0.10143972933292386,0.4492817521095276,-0.08735137432813643,0.549747884273529,0.26891417801380146,-0.06134301424026478,0.26452992111444473,-0.10639524459838867,-0.02516096830368031,-0.052424490451812744,0.010217905044555664,-0.015596747398376576
1656267395.png,0.14821496605873113,-0.0913012176752091,-0.007186263799667469,-0.03931319713592524,-0.01441633701324474,-0.042255908250808716,-0.06811842322349543,-0.01721057295799261,-0.07695460319519037,-0.025751352310180553,0.0825507640838623,0.04899995028972626,-0.0825507640838623,-0.04899995028972631,0.03995859622955317,0.22807955741882324,-0.07537387311458588,0.3202818334102631,0.0523617565631867,-0.23597073554992676,0.3157916814088821,0.008244514465332142,-0.10050265491008759,0.4350106120109556,-0.08689072728157045,0.5488106906414034,0.2696167379617692,-0.04916405677795399,0.26366931200027466,-0.10343754291534446,-0.008085250854492299,-0.04718375205993641,0.011003971099853516,-0.01564323902130116
1656267396.png,0.1481303572654723,-0.09168484807014465,-0.007261812686920055,-0.03961747884750366,-0.014657169580459484,-0.042329639196395874,-0.06846016645431519,-0.016954690217971802,-0.07716116309165955,-0.025321096181869562,0.08346673846244812,0.04823458194732666,-0.08346673846244815,-0.04823458194732666,0.03326681256294256,0.22878217697143566,-0.07624368369579312,0.320295989513397,0.057706028223037664,-0.23694753646850597,0.3186934143304824,0.008005738258362038,-0.10265675187110901,0.4515934586524962,-0.08738204836845395,0.5505912899971007,0.2687197923660277,-0.06095647811889637,0.2644078731536866,-0.10886621475219704,-0.026628553867340088,-0.03478848934173573,0.011116325855255071,-0.014260053634643555
1656267397.png,0.13903110474348074,-0.09192240238189697,-0.006083667278289906,-0.04148232936859142,-0.01316729187965393,-0.042090207338333185,-0.06959751248359675,-0.020239174365997314,-0.07053428888320923,-0.02421286702156067,0.08612086623907089,0.04766526818275457,-0.08612086623907086,-0.04766526818275457,0.02141332626342768,0.23768162727355946,-0.0660203993320465,0.31958115100860596,0.09033825993537914,0.015703976154327504,0.33807988464832306,0.013006448745727539,-0.09107783436775202,0.4724038243293761,-0.06876021623611449,0.5757153034210203,0.24963048100471485,-0.012101113796234242,0.27207343280315405,-0.033941686153411865,0.011786997318267933,-0.007934451103210227,-0.024443179368972834,0.022626399993896706
1656267398.png,0.14301304519176478,-0.07236130535602575,-0.005260944366455023,-0.041538566350936945,-0.0104453563690185,-0.04410570859909069,-0.06585142016410822,-0.036465853452682495,-0.06851950287818909,-0.0411152839660644,0.0822329968214035,0.05560512840747833,-0.0822329968214035,-0.05560512840747839,0.019377142190933228,0.233456552028656,-0.07073204219341278,0.316475063562393,0.0833863914012909,0.004865288734435813,0.3329749852418899,0.016321718692779763,-0.10784266889095306,0.45921838283538785,-0.09317591786384584,0.5742099583148956,0.2472534924745559,-0.008442580699920543,0.2709908187389373,-0.03294008970260631,0.015861541032791193,-0.015214204788208008,-0.00961497426033009,0.023128747940063366
1656267399.png,0.14442201703786856,-0.0736443549394607,-0.00590941309928894,-0.0427546501159668,-0.009636700153350941,-0.044719785451889094,-0.06569725275039678,-0.03458690643310558,-0.06833025813102722,-0.03906816244125366,0.08088501542806625,0.05485318601131439,-0.08088501542806625,-0.05485318601131434,0.024026453495025635,0.2293926477432251,-0.0733247846364975,0.3184691965579986,0.08084326982498163,0.008889675140380748,0.3276368975639343,0.013561427593231201,-0.10571825504302981,0.4600384831428528,-0.09239752590656282,0.571978360414505,0.24683505296707145,-0.008884549140930398,0.28496634960174566,-0.017544388771057462,0.01884901523590088,-0.015853106975555087,-0.02500933408737188,0.005118787288666216
1656267400.png,0.14607520401477808,-0.07398156821727747,-0.006379365921020452,-0.04254949092864996,-0.009717822074890192,-0.04395455121994024,-0.06557634472846985,-0.03350478410720825,-0.06927132606506337,-0.0379436314105987,0.08031521737575531,0.05446814000606531,-0.08031521737575528,-0.05446814000606531,0.024455726146697998,0.23154425621032726,-0.07259071618318562,0.3195904791355132,0.08092421293258661,0.007762849330901989,0.3244375064969062,0.012956261634826771,-0.1180361062288284,0.46235764026641835,-0.0942195057868958,0.5724006593227386,0.2590021640062332,-0.011325895786285178,0.2876116335391998,-0.018593668937683216,0.01986515522003174,-0.014513075351715199,-0.02581888437271118,0.006604611873626598
1656267401.png,0.14613025635480886,-0.06954252719879139,-0.006076872348785456,-0.04279810190200811,-0.009887009859085139,-0.044284969568252563,-0.06590119004249573,-0.034709781408309937,-0.06954765319824224,-0.03956064581871033,0.08045198768377304,0.05064061284065252,-0.08045198768377304,-0.05064061284065252,0.02433422207832331,0.23817604780197132,-0.07291327416896819,0.3202870488166809,0.08170416951179499,0.008826673030853494,0.3266134858131408,0.011767029762268177,-0.116917759180069,0.46863585710525535,-0.09369322657585144,0.5720232725143432,0.25957009196281433,-0.00891119241714522,0.2862698286771775,-0.017008125782012717,0.018847644329071156,-0.015662014484405407,-0.025641322135925404,0.005911052227020375
1656267402.png,0.1436666697263717,-0.0743898600339889,-0.005765020847320446,-0.042373090982437245,-0.009933620691299383,-0.04441061615943909,-0.0659818053245545,-0.03480300307273865,-0.06877014040946966,-0.03952550888061529,0.08114518225193029,0.05603732168674469,-0.08114518225193024,-0.05603732168674469,0.026183843612670787,0.2278217077255248,-0.0719832330942154,0.31751659512519836,0.07872116565704351,0.009411752223968506,0.3244249373674393,0.015547871589660756,-0.10640682280063632,0.4581248164176941,-0.09416790306568146,0.5724210441112518,0.24702428281307218,-0.009650588035583274,0.2862405329942703,-0.03238141536712669,0.00454306602478044,-0.012710273265838845,-0.041955322027206476,0.020692765712738037
1656267403.png,0.1452267169952392,-0.07087579369544988,-0.005902081727981512,-0.042542219161987305,-0.009858995676040594,-0.044617682695388794,-0.06605017185211182,-0.03481438755989075,-0.06936806440353394,-0.03943607211112976,0.08044952154159546,0.05178442597389227,-0.08044952154159546,-0.05178442597389227,0.02712443470954895,0.23180389404296864,-0.07255079597234727,0.3172643780708314,0.07825523614883423,0.013579487800598145,0.3254140540957451,0.01618838310241688,-0.10448339581489563,0.4653117060661315,-0.09194426238536836,0.5709680318832397,0.2466620802879333,-0.009968698024749756,0.28550396859645844,-0.0315310359001163,0.019227385520935003,-0.015243172645568737,-0.023039966821670532,0.005392551422119252
1656267404.png,0.14618910104036337,-0.06979280710220337,-0.005742073059082142,-0.04306685924530035,-0.009865820407867487,-0.04489421844482422,-0.06639918684959406,-0.0360565185546875,-0.0692168772220611,-0.04075157642364513,0.07961327582597733,0.051413208246231135,-0.07961327582597735,-0.051413208246231135,0.017262279987335205,0.23527348041534413,-0.07142552733421324,0.3157683014869689,0.0885390043258667,0.012397646903991588,0.3238253742456436,0.01913726329803478,-0.11385089159011844,0.467781364917755,-0.09236417710781093,0.5720103979110718,0.25805702805519093,-0.010080397129058838,0.2858341634273528,-0.01655584573745761,0.01911148428916931,-0.015274643898010254,-0.025755226612090953,0.0037920475006106846
1656267405.png,0.14600343257188797,-0.07482495903968828,-0.006104886531829834,-0.04304888844490046,-0.009872913360595759,-0.044395327568054144,-0.06611162424087524,-0.032861173152923584,-0.0694835484027862,-0.03738340735435486,0.08022174984216696,0.05514875054359436,-0.0802217498421669,-0.055148750543594416,0.017510771751403753,0.22823286056518532,-0.0731623023748398,0.3196508288383482,0.07788616418838501,0.012335062026977872,0.32698875665664673,0.012488126754760742,-0.1159984767436982,0.46044999361038197,-0.09340649843215942,0.5712209939956667,0.25960400700569153,-0.00985926389694225,0.28758735954761505,-0.030977427959442472,0.01818948984146118,-0.015564680099487194,-0.025887906551361084,0.020059168338775857
1656267406.png,0.14584334194660192,-0.0734938234090805,-0.005871355533599909,-0.043370127677917536,-0.010050892829895075,-0.04465872049331665,-0.0654525756835938,-0.033605396747589056,-0.0690259337425232,-0.038475930690765436,0.07930000126361847,0.05460892617702484,-0.0793000012636185,-0.05460892617702484,0.02991881966590887,0.23038220405578613,-0.072794035077095,0.31822195649147034,0.07639521360397339,0.011447429656982422,0.3245024532079697,0.016356468200683483,-0.11481201648712153,0.46265560388565063,-0.09447053819894786,0.5726818144321439,0.25840851664543135,-0.00932854413986206,0.28581223636865616,-0.016030311584472323,0.018943995237350575,-0.015596032142639271,-0.024183571338653564,0.004824459552765226
1656267407.png,0.14482846856117254,-0.07110927999019617,-0.005959331989288386,-0.04235523939132685,-0.010318160057068038,-0.04382747411727905,-0.06558394432067866,-0.034810721874237116,-0.06880727410316456,-0.03940242528915405,0.0809371173381806,0.052068218588828985,-0.08093711733818054,-0.052068218588828985,0.028265148401260265,0.2353476881980897,-0.07218129932880402,0.318228155374527,0.07527771592140209,0.009127259254455566,0.3254352658987045,0.013667225837707409,-0.10424101352691656,0.46483981609344494,-0.0914456695318222,0.5709422528743742,0.24585261940956116,-0.008883535861969105,0.2838852554559707,-0.03200352191925038,0.018714457750320435,-0.01535487174987793,-0.025017261505126898,0.02020812034606967
1656267408.png,0.14493378996849055,-0.07113504409790039,-0.0059739649295806885,-0.0429072082042693,-0.01029288768768305,-0.04433345794677729,-0.06634053587913508,-0.03471818566322332,-0.06937107443809509,-0.03938519954681402,0.08027094602584839,0.052009195089340154,-0.08027094602584839,-0.052009195089340154,0.017682671546936035,0.23463135957717884,-0.07190340757369995,0.31831926107406605,0.08781102299690247,0.01187342405319236,0.32601398229599,0.0152762532234193,-0.10372470319271088,0.46528548002243053,-0.09211145341396333,0.5719095468521116,0.24597959220409388,-0.00872546434402477,0.28532443940639496,-0.03167307376861528,0.018520832061767634,-0.015611648559570535,-0.02214181423187256,0.007554113864898571
1656267409.png,0.14593182504177105,-0.07154561579227442,-0.00606811046600364,-0.04321771860122697,-0.009950131177902388,-0.044330537319183405,-0.06551754474639881,-0.033239364624023326,-0.06926834583282465,-0.03828027844429016,0.07984517514705658,0.051392510533332825,-0.07984517514705658,-0.05139251053333277,0.028084278106689564,0.23803365230560292,-0.07291001081466675,0.3193311989307402,0.07834482192993147,0.008906781673431285,0.3255345225334167,0.013852059841156006,-0.11569827795028687,0.4680117964744568,-0.0929419696331024,0.5718971192836761,0.2600678503513337,-0.009994208812713512,0.2861215770244598,-0.016606628894805908,0.018431812524795366,-0.016025185585022084,-0.02555385231971735,0.004863500595092662
1656267410.png,0.14684289693832392,-0.07202860713005055,-0.006187796592712347,-0.04326009750366233,-0.010113298892974798,-0.0444299876689912,-0.0661504864692688,-0.032567799091339056,-0.06915751099586492,-0.03724503517150879,0.07954543828964233,0.05166703462600708,-0.07954543828964233,-0.05166703462600708,0.028638184070587047,0.23266458511352528,-0.07242614030838013,0.3197146654129027,0.0778451859951021,0.014874398708343617,0.32604989409446716,0.015109360218048207,-0.11467978358268738,0.46652626991271995,-0.09430578351020812,0.5718132257461548,0.2584624588489533,-0.0086026191711428,0.2870442867279054,-0.030098021030425914,0.019019573926925604,-0.015328228473662997,-0.022556543350219838,0.005712628364562766
1656267411.png,0.14560645818710333,-0.0718058198690415,-0.006089210510253962,-0.042931616306304876,-0.010465651750564575,-0.04413062334060669,-0.06598860025405878,-0.03322994709014898,-0.06915324926376343,-0.03797036409378052,0.07989367842674255,0.05114172399044037,-0.07989367842674253,-0.05114172399044037,0.029447704553604237,0.23676860332489014,-0.07206749916076659,0.3180818259716034,0.07602459192275995,0.01011347770690918,0.32475700974464417,0.014337122440338024,-0.10346166789531702,0.4677951931953428,-0.09357028454542157,0.5717665255069733,0.2459532767534256,-0.010503947734832875,0.2857130393385887,-0.031410753726959006,0.019745975732803345,-0.014848470687865878,-0.0224972665309906,0.0060800909996031605
1656267412.png,0.14511592686176294,-0.07643143832683569,-0.006196409463882391,-0.04084759950637806,-0.014607697725295965,-0.04228925704956055,-0.06836903095245361,-0.0241172313690185,-0.07607194781303406,-0.031221866607665905,0.08305497467517853,0.04796610772609705,-0.08305497467517856,-0.04796610772609705,0.021101117134094183,0.2418467998504641,-0.07211425155401228,0.3186258375644683,0.0798319280147553,0.010016500949859508,0.3262133225798607,0.01086091995239269,-0.10881736874580383,0.47062432765960704,-0.09277351945638654,0.5693329274654388,0.2477135956287383,-0.015767037868499756,0.27209221571683884,-0.03190690279006947,0.016626894474029652,-0.005841374397277832,-0.006982237100601196,0.010552167892455833
1656267413.png,0.14542921632528305,-0.07689805328845983,-0.006793707609176691,-0.040993571281432994,-0.014225423336029053,-0.041938334703445324,-0.06852230429649353,-0.02422156929969793,-0.07466986775398254,-0.0305236577987672,0.08201917260885239,0.048393622040748596,-0.08201917260885239,-0.04839362204074865,0.01831230521202082,0.24494153261184692,-0.0733414813876152,0.3196158111095428,0.08317124843597412,0.007414102554321178,0.32736597210168844,0.01234889030456554,-0.10880991816520691,0.4717534780502317,-0.09529145061969757,0.5710457861423492,0.24643233418464655,-0.00837409496307362,0.27164840698242193,-0.030445754528045654,0.019154429435729925,-0.013019800186156893,-0.009238123893737848,0.021807491779327393
1656267414.png,0.1452074944972992,-0.07452170550823206,-0.006371796131134033,-0.041883647441864014,-0.01461702585220337,-0.042964965105056874,-0.06826639175415039,-0.02556133270263672,-0.0749286413192749,-0.031598061323165894,0.08230802416801453,0.0482165664434433,-0.08230802416801455,-0.04821656644344324,0.018192440271377508,0.24513882398605324,-0.073004201054573,0.32019647955894476,0.08307835459709173,0.007224023342132679,0.32616905868053436,0.012365818023681419,-0.10833184421062475,0.472603976726532,-0.09306445717811582,0.5721170008182526,0.2465716153383256,-0.008569955825805664,0.2713753879070282,-0.03124213218688965,0.01889175176620478,-0.014612674713134877,0.006424576044082642,0.02070397138595581
1656267415.png,0.14529994130134588,-0.07464070618152624,-0.006520837545395064,-0.04248148202896107,-0.011949032545089833,-0.04362490773200978,-0.06759023666381836,-0.02938282489776617,-0.07164391875267029,-0.03416812419891363,0.08094123005867004,0.05083860456943512,-0.08094123005867007,-0.05083860456943512,0.022622585296630804,0.2391245961189269,-0.07329482585191731,0.32026484608650196,0.0809681117534638,0.009476602077484242,0.32578659802675247,0.012805938720703125,-0.10681493580341342,0.4666634798049927,-0.094703420996666,0.5714654028415678,0.2462765425443649,-0.007611334323883168,0.28807215392589564,-0.03158700466156017,0.01934942603111267,-0.014600396156310924,-0.005368530750274603,0.0075850486755375535
1656267416.png,0.1452920883893966,-0.07369527220726008,-0.006002992391586248,-0.042674571275711115,-0.01242756843566889,-0.044282108545303456,-0.06805071234703064,-0.029322326183319092,-0.07307359576225275,-0.03449091315269465,0.08148334920406347,0.05103465914726257,-0.08148334920406342,-0.05103465914726257,0.022145241498947088,0.2384117841720581,-0.07323550432920459,0.3184826970100403,0.080812007188797,0.008641302585601807,0.3272359594702722,0.013293147087097057,-0.10768721997737887,0.4672301411628721,-0.09264970570802687,0.5711790323257444,0.24759380519390103,-0.008259952068328746,0.2866493538022041,-0.03103232383727994,0.018215149641036987,-0.014544725418090598,-0.025139123201370184,0.020316302776336226
1656267417.png,0.14718799293041224,-0.07708272337913508,-0.006563663482665905,-0.04314258694648748,-0.012918591499328558,-0.04473254084587108,-0.06846129894256603,-0.02840638160705572,-0.07383587956428528,-0.03429105877876276,0.0821587890386582,0.05537721514701843,-0.08215878903865814,-0.05537721514701838,0.015389829874038696,0.23636472225189198,-0.0734747350215912,0.32082623243331904,0.08677655458450312,0.0041318535804748535,0.32844197750091547,0.013081729412078857,-0.12115639448165896,0.47370868921279885,-0.09245752543210983,0.5759118795394897,0.2633745074272157,-0.017674744129180908,0.27442844957113266,-0.020555913448333518,0.027957141399383434,0.006650388240814431,0.004272818565368708,0.010543048381805198
1656267418.png,0.1467741802334785,-0.07604186236858368,-0.004258185625076294,-0.04421734809875488,-0.012838870286941417,-0.04489874839782715,-0.06986013054847706,-0.028854161500930786,-0.07271176576614385,-0.03484562039375305,0.08216346055269241,0.05571107566356659,-0.08216346055269241,-0.055711075663566645,-0.011177569627761896,0.23098641633987416,-0.07132343947887422,0.3206423223018647,0.11202871799468994,0.018735527992248757,0.3315545916557313,0.014004945755004883,-0.1070594787597656,0.47262799739837624,-0.09093534201383591,0.5762304961681366,0.2642105519771576,-0.01771217584609952,0.27190978080034256,-0.01908242702484153,0.026339352130889893,0.008109867572784313,0.002706289291381836,0.0235869884490969
1656267419.png,0.14545314013957983,-0.07637512683868403,-0.006287395954132136,-0.04309991002082836,-0.012573421001434437,-0.044241130352020375,-0.06830149888992315,-0.029114395380020086,-0.07462128996849055,-0.035996139049529974,0.0813102275133133,0.05410531163215637,-0.0813102275133133,-0.05410531163215643,0.01918056607246399,0.23396682739257801,-0.07330714911222459,0.3199818134307861,0.08419734239578247,0.007087111473083385,0.3269566223025322,0.012031078338623047,-0.11897012591362002,0.46295052766799905,-0.09405023604631423,0.5729043483734133,0.26026180386543274,-0.010513007640838512,0.28843028098344803,-0.017098426818847767,0.014879763126373347,-0.002658843994140625,-0.026673763990402166,0.007561028003692183
1656267420.png,0.14625623077154165,-0.07399852573871607,-0.006334781646728627,-0.042508602142334095,-0.012662172317504883,-0.043534636497497614,-0.06829053163528437,-0.02833485603332514,-0.0745693445205689,-0.03542473912239069,0.08067487925291061,0.05022476613521576,-0.08067487925291064,-0.050224766135215815,0.00947532057762146,0.23704636096954346,-0.07280711084604262,0.31817528605461115,0.09443017840385443,0.010030150413513073,0.3277998492121697,0.012454748153686634,-0.11709386110305786,0.4681916832923889,-0.09384476393461225,0.5706277191638944,0.2590467631816865,-0.011562943458557018,0.2884061112999916,-0.017016530036925825,0.01738929748535145,-0.012751877307892068,-0.02652984857559204,0.00803995132446278
1656267421.png,0.14636912196874619,-0.07687239348888397,-0.006171256303787176,-0.04278469085693354,-0.01282694935798645,-0.044048190116882324,-0.06760102510452276,-0.028620213270187433,-0.07268482446670532,-0.03454685211181635,0.08067490905523306,0.054610237479209844,-0.08067490905523303,-0.054610237479209844,0.007416427135467474,0.232402503490448,-0.07321557402610776,0.3210879862308502,0.09709939360618586,0.008254170417785534,0.32753334939479817,0.011444151401519775,-0.11893689632415777,0.4630079269409181,-0.09424567967653272,0.5737092196941376,0.2614102363586426,-0.012916386127472146,0.289556197822094,-0.03194516897201549,0.014987647533416859,-0.0005363821983335182,-0.01064074039459234,0.02230048179626476
1656267422.png,0.14701859652996063,-0.07687745988368977,-0.006454676389694214,-0.04294139146804815,-0.013056606054306086,-0.04397431015968328,-0.06768667697906494,-0.028473705053329468,-0.0725287497043609,-0.03435540199279785,0.0807671993970871,0.056190535426139776,-0.0807671993970871,-0.056190535426139776,0.004469841718673706,0.23480993509292614,-0.07350585609674452,0.32213208079338074,0.10120278596878057,0.0043863654136656605,0.3345176354050636,0.013477027416229137,-0.11897012591362,0.4728946089744569,-0.0928179770708084,0.5761299431324003,0.2791684865951538,-0.025720059871673695,0.2913310676813125,-0.03656142950057972,0.02944105863571167,-0.01562160253524758,0.003208875656127985,0.024084150791168435
1656267423.png,0.14703302830457687,-0.075068399310112,-0.006457269191741888,-0.04329743981361389,-0.011974424123764038,-0.04434233903884888,-0.06784677505493164,-0.03005850315093994,-0.07389885187149048,-0.036556422710418646,0.08059423416852945,0.05385236442089081,-0.08059423416852951,-0.05385236442089081,0.004614114761352595,0.23331499099731445,-0.07279004901647569,0.3198067247867584,0.10077551007270819,0.007744252681732067,0.3289158418774605,0.01217794418334961,-0.10516549646854392,0.46312737464904763,-0.09193097800016403,0.5740828216075897,0.24843569099903098,-0.005543470382690319,0.28892264515161514,-0.017915308475494607,0.028848081827163752,-0.009305953979492076,-0.012150734663009699,0.008245408535003773
1656267424.png,0.12709738686680797,-0.11176075041294098,-0.01186281442642212,-0.03851404786109924,-0.02317449450492859,-0.04113799333572388,-0.07248616218566895,0.0017917454242706299,-0.08825196325778964,0.004869967699050903,0.10790317133069036,0.03530903160572041,-0.10790317133069034,-0.035309031605720465,0.05266681313514715,0.266058385372162,0.057780362665653215,0.29924109578132624,0.024694055318832397,-0.24130374193191517,0.21249112486839294,-0.21955129504203796,-0.09569272398948664,0.4390262961387634,-0.04677178710699083,0.5136328041553493,0.25609001517295843,-0.021748602390289196,0.24020075798034668,0.01070976257324252,-0.049594521522522084,-0.004368543624878152,0.027892738580703735,-0.05885595083236694
1656267425.png,0.16641990095376968,-0.10530139505863184,-0.007492154836654663,-0.03582793474197393,-0.013647109270095825,-0.038148790597915705,-0.08124524354934698,-0.021042346954345703,-0.08634583652019498,-0.022113829851150568,0.03323950618505478,0.044423118233680725,-0.03323950618505478,-0.04442311823368078,0.12770499289035797,0.21414136886596669,0.1910578608512878,0.3096101582050324,0.03518760204315191,-0.2548291981220244,0.03862479329109203,-0.2759162783622741,-0.07634665071964261,0.41880702972412087,-0.09277262538671494,0.5154900848865511,0.4170434474945067,-0.1901281476020812,0.34255992621183395,-0.07809710502624556,0.005683183670043945,0.01596599817276012,-0.012597084045410156,-0.005533337593078502
1656267426.png,0.15181363373994827,-0.09675665199756622,-0.004228919744491633,-0.037111908197402954,-0.014324784278869629,-0.04327985644340515,-0.07796058058738697,-0.021339237689971924,-0.08861817419528958,-0.02419772744178772,0.03986244648694992,0.047552451491355896,-0.03986244648694992,-0.04755245149135595,0.11463336646556854,0.2190021276474,0.18813148140907282,0.3116209208965301,0.04255083203315735,-0.25949132442474376,0.04748073220252996,-0.2713877856731413,-0.08705198764801028,0.40922486782073975,-0.08645324409008026,0.5270071923732758,0.2884433716535568,-0.06690561771392822,0.35419113934040075,-0.09381365776062,0.083243489265442,-0.021840214729309082,0.016584157943725586,-0.029299020767212025
1656267427.png,0.15508079528808594,-0.09645573794841777,-0.006403356790542658,-0.03538829088211054,-0.012360215187072754,-0.038284957408904974,-0.07772794365882862,-0.02199062705039978,-0.085733637213707,-0.024757593870162964,0.040984079241752625,0.049302503466606196,-0.040984079241752625,-0.049302503466606196,0.12417303025722504,0.222487211227417,0.18869109451770782,0.31428155303001404,0.02750033140182495,-0.2738421857357026,0.04360452294349676,-0.26927718520164484,-0.0770000368356705,0.4089888930320741,-0.09400136768817902,0.5164556801319122,0.27347710728645336,-0.06784909963607799,0.35570329427719116,-0.09631788730621349,0.12590169906616194,-0.0980239510536195,0.001338958740234375,-0.004048883914947399
1656267428.png,0.15580919384956365,-0.0950177907943725,-0.006122767925262507,-0.036501020193099976,-0.011861354112625178,-0.03991436958312994,-0.0781729519367218,-0.022815465927124134,-0.08552198112010959,-0.02562114596366888,0.041323766112327576,0.05169054865837097,-0.041323766112327576,-0.05169054865837103,0.11075054109096527,0.21888989210128795,0.1867513805627823,0.3171077966690063,0.041100323200225775,-0.27327254414558433,0.04643601179122925,-0.27153000235557545,-0.09288950264453885,0.4101955890655514,-0.09510134160518646,0.5203267931938171,0.2862012982368469,-0.09529334306716875,0.35513806343078613,-0.10284757614135742,0.08259332180023193,0.011272013187408225,-0.013911068439483643,-0.0005733966827393688
1656267429.png,0.1564959958195686,-0.09462510049343109,-0.006140023469924871,-0.03602448105812078,-0.01161929965019226,-0.039389967918395996,-0.07820373773574829,-0.023156881332397405,-0.08520381152629841,-0.025914758443832397,0.0408467426896095,0.05071093142032623,-0.0408467426896095,-0.05071093142032629,0.11194351315498352,0.21914297342300426,0.1875967532396317,0.3142705857753753,0.041695386171341,-0.272221863269806,0.04578933119773859,-0.26952499151229853,-0.08975273370742792,0.411371946334839,-0.09322742372751236,0.5358557999134064,0.28329703211784363,-0.0964110493659972,0.35326164215803146,-0.12137621641159058,0.08483031392097473,0.007721245288848544,-0.014677703380584772,-0.00031578540802001953
1656267430.png,0.16377384215593338,-0.09674720466136938,-0.007854044437408447,-0.033698320388793834,-0.013788223266601562,-0.03755697607994074,-0.07847690582275396,-0.0238916575908662,-0.08611105382442472,-0.02683413028717041,0.034377016127109555,0.05050079524517059,-0.03437701612710953,-0.05050079524517054,0.11712267994880673,0.2160034179687499,0.18620438873767858,0.31161472201347334,0.049863576889038086,-0.2661434710025786,0.05009129643440241,-0.26987758278846724,-0.09687516838312152,0.4113926887512207,-0.0934222899377346,0.5165333449840546,0.28541780263185507,-0.10206282138824463,0.3505495600402356,-0.11006516218185447,0.0737690925598144,-0.02841818332672108,-0.014223754405975342,-0.013013124465942272
1656267431.png,0.15874584764242167,-0.09854926168918615,-0.007389932870864868,-0.03368824720382685,-0.013799786567687933,-0.03780722618103027,-0.07766932249069203,-0.02433532476425182,-0.08645212650299075,-0.02745911478996277,0.0389832928776741,0.052324667572975214,-0.0389832928776741,-0.052324667572975214,0.11370058357715607,0.21649861335754383,0.1874452531337738,0.31379535794258107,0.04511705040931696,-0.2669916450977325,0.0494376420974732,-0.2705099284648895,-0.10634382814168931,0.40476614236831665,-0.0933658629655838,0.5141575038433076,0.28539709001779556,-0.09551918506622337,0.3349479585886002,-0.1043345332145692,0.07571503520011902,-0.011558890342712291,0.0017687976360321045,-0.013146221637725941
1656267432.png,0.14790852367877966,-0.11930096149444575,-0.012488573789596613,-0.04006990790367132,-0.022294938564300593,-0.04182764887809759,-0.08494406938552862,0.0004602372646331787,-0.10163103044033048,0.002736657857894842,0.04624830186367035,0.0366494357585907,-0.04624830186367038,-0.0366494357585907,0.09134215116500854,0.25326892733573914,0.17019248008728025,0.3217191994190217,0.06608474254608154,-0.2720319330692292,0.08046817779541016,-0.2710993885993959,-0.10741570591926572,0.449425607919693,-0.10401615500450132,0.551324039697647,0.3924071788787842,-0.18941497802734386,0.34169167280197144,-0.011719048023223766,0.0010270476341247559,0.019261300563812478,-0.01488003134727478,-0.07594829797744751
1656267433.png,0.1592709869146347,-0.10909603536128992,-0.008554011583328303,-0.036830902099609486,-0.01619619131088257,-0.03675550222396856,-0.08194047212600702,-0.021434247493743896,-0.09002605080604553,-0.02288788557052618,0.03803896903991702,0.045557424426078796,-0.03803896903991702,-0.04555742442607874,0.10836283862590787,0.23137778043746937,0.1757893413305283,0.3059795796871185,0.03475764393806463,-0.2705470919609069,0.04552087187767023,-0.25827518105506886,-0.11297288537025454,0.4312813878059386,-0.10212947428226468,0.5314291417598727,0.4063432961702347,-0.2080255150794983,0.33324658870697016,-0.03763920068740845,-0.041818976402282715,0.13758379220962524,-0.028602719306945745,-0.026580274105072133
1656267434.png,0.15784969180822372,-0.09437936544418335,-0.007585793733596802,-0.03621184825897217,-0.014833271503448486,-0.04056489467620844,-0.07746291160583502,-0.027851641178131104,-0.08723530173301697,-0.029527485370635986,0.039913855493068695,0.044712990522384644,-0.039913855493068695,-0.04471299052238459,0.09674125909805292,0.2351515293121338,0.1629299372434616,0.32109206914901717,0.04019755125045782,-0.25332707166671753,0.05748283863067627,-0.2552540898323059,-0.1073139309883118,0.43111073970794656,-0.11359056085348129,0.5459253787994383,0.3933790922164917,-0.18861138820648182,0.32596123963594437,-0.03588062524795499,0.0076715946197509766,0.017632782459259255,-0.030323922634124756,-0.002563178539276234
1656267435.png,0.15597115457057953,-0.08829422295093542,-0.006945282220840399,-0.03770405054092402,-0.01304000616073614,-0.04245352745056147,-0.0778468549251557,-0.029362410306930542,-0.08576181530952443,-0.02930036187171936,0.04117266833782196,0.0443393737077713,-0.04117266833782193,-0.04433937370777136,0.0967305600643158,0.23952174186706532,0.15973857045173637,0.32576128840446467,0.034413099288940485,-0.25658836960792536,0.056550621986389216,-0.25925043225288386,-0.09860494732856753,0.4267179965972898,-0.11500741541385653,0.5427334010601046,0.3775826990604402,-0.18654942512512196,0.3263600915670395,-0.03795140981674183,-0.04170337319374101,0.1392573118209841,-0.040803164243698176,-0.04219490289688144
1656267436.png,0.15070963650941843,-0.08984614908695221,-0.005562722682952881,-0.03637570142745977,-0.01141259074211115,-0.04129788279533392,-0.07550022006034846,-0.03156125545501698,-0.08485287427902227,-0.03181955218315119,0.03866795450448984,0.04362125694751745,-0.03866795450448987,-0.04362125694751745,0.08653959631919866,0.23867094516754128,0.154205098748207,0.32484522461891174,0.04111918807029724,-0.2527103126049042,0.05477741360664368,-0.25625234842300415,-0.11491437256336207,0.42904436588287354,-0.12517823651432994,0.5465805828571322,0.39092637598514557,-0.18460428714752208,0.3425260223448277,-0.04087650775909479,-0.06335297226905828,0.13296407461166382,-0.045793443918228205,-0.003241300582885409
1656267437.png,0.15093973278999331,-0.08844457566738134,-0.007008850574493464,-0.03683358430862421,-0.01266491413116455,-0.03937971591949463,-0.07720807194709778,-0.02942568063735962,-0.08390647172927856,-0.031872242689132635,0.04412642121315,0.04319809377193451,-0.04412642121315,-0.043198093771934454,0.08221089839935314,0.23633241653442394,0.16053807735443115,0.32169708609581,0.03883200883865351,-0.252707213163376,0.052523523569107,-0.2550741136074067,-0.10857811570167536,0.4120989441871642,-0.12103620171546936,0.5278196632862091,0.37956225872039784,-0.1667516827583313,0.3431788682937622,-0.02718120813369762,-0.06410232186317433,0.13674068450927745,-0.0534517765045166,-0.04025310277938832
1656267438.png,0.15151753276586524,-0.08947718143463135,-0.0074301958084106445,-0.03648814558982855,-0.013367742300033403,-0.03894504904747015,-0.07747438549995411,-0.028488129377365057,-0.08450371026992803,-0.03151503205299372,0.04368250817060468,0.04295620322227478,-0.04368250817060468,-0.04295620322227478,0.08201795816421514,0.2376478910446166,0.1585748940706253,0.3208690881729125,0.0396456122398377,-0.253672569990158,0.05422618985176092,-0.25396871566772444,-0.10810264945030207,0.42802321910858143,-0.12107482179999352,0.5461951494216918,0.37907379865646373,-0.1813068389892578,0.34394885227084154,-0.04370635747909535,-0.06450915336608892,0.13322794437408447,-0.044526755809783936,-0.026039958000183216
1656267439.png,0.1533743068575859,-0.09551328420639038,-0.007112234830856323,-0.03625980019569397,-0.012743324041366577,-0.03859543800354004,-0.07765921950340271,-0.02829301357269287,-0.08490031957626348,-0.03091087937355036,0.03831707686185837,0.03776618838310242,-0.03831707686185837,-0.03776618838310242,0.08909866213798523,0.23629963397979736,0.1583556979894638,0.3117026090621948,0.039953649044036865,-0.2521821558475494,0.05116051435470581,-0.2555647194385528,-0.11398912966251373,0.42617672681808494,-0.12331868335604668,0.515746057033539,0.39314357936382294,-0.178824841976166,0.4784417413175106,-0.19496923685073875,-0.08468642830848694,0.12974989414215088,-0.17972642183303833,0.12556028366088856
1656267440.png,0.15525351464748388,-0.09127822518348694,-0.006758540868759155,-0.0360865592956543,-0.012654393911361694,-0.040580362081527765,-0.07769912481307989,-0.027457833290100098,-0.0857476294040681,-0.02804172039031977,0.04027263820171356,0.04247713088989258,-0.04027263820171356,-0.04247713088989258,0.08896565437316889,0.2369079589843749,0.15979155898094172,0.3207384943962097,0.039243042469024714,-0.25241848826408375,0.052936881780624445,-0.2545666098594665,-0.11466394364833829,0.42891621589660645,-0.10638493299484254,0.5435910224914547,0.39262937009334564,-0.18178063631057728,0.32991829514503473,-0.04233312606811512,-0.0657003223896026,0.12943911552429177,-0.06561526656150818,-0.040527105331420676
1656267441.png,0.1516596823930741,-0.09194016456604004,-0.007431745529174805,-0.0363275408744812,-0.013268202543258723,-0.03881648182868963,-0.0774389803409577,-0.02783864736557007,-0.08534756302833557,-0.030387371778488104,0.04533843696117401,0.04411771893501282,-0.04533843696117401,-0.04411771893501287,0.07948127388954168,0.23415571451187123,0.16113975644111633,0.3180778622627259,0.0400033295154571,-0.25141772627830494,0.05279043316841131,-0.2510729432106018,-0.1102097034454346,0.42176854610443104,-0.11910438910126687,0.5413905382156372,0.37837594747543335,-0.18056654930114735,0.3428563512861728,-0.039987802505493164,-0.06356468796730042,0.13614600896835327,-0.05757421255111689,-0.023390054702758678
1656267442.png,0.15158654004335412,-0.089438036084175,-0.0071982443332673784,-0.03702571988105774,-0.01286774873733526,-0.03931495547294628,-0.07720538973808277,-0.028956502676010187,-0.08461317420005804,-0.03133964538574213,0.04470614343881604,0.043583557009696905,-0.04470614343881604,-0.043583557009696905,0.08182120323181152,0.2350299358367921,0.1621839553117752,0.32059088349342324,0.03855744004249573,-0.2527085542678833,0.05125293135643,-0.2547786533832547,-0.10827100276947016,0.4248650074005129,-0.11887341737747192,0.5430143773555755,0.37783026695251465,-0.18121618032455455,0.3422343879938125,-0.04084080457687356,-0.06239071488380432,0.15637350082397472,-0.045793682336807195,-0.0011246800422669567
1656267443.png,0.1518451645970344,-0.09190244972705836,-0.007383882999420166,-0.0366735458374024,-0.013442605733871404,-0.03909280896186834,-0.07722011208534241,-0.028455257415771484,-0.08467525243759155,-0.031196236610412598,0.04458049684762955,0.044100627303123585,-0.04458049684762952,-0.04410062730312353,0.08332142233848566,0.24205845594406095,0.1627402156591415,0.32169529795646673,0.037235409021377563,-0.26147291064262357,0.05076408386230469,-0.2563470005989075,-0.1081922501325607,0.4222545623779296,-0.12003056332468989,0.5259320437908173,0.3775322586297989,-0.1814512014389038,0.34277578815817833,-0.028734982013702393,-0.06293511390686035,0.13158357143402077,-0.04520690441131586,-0.02467864751815807
1656267444.png,0.15091912448406208,-0.09243826568126667,-0.0071045756340025745,-0.03622898459434515,-0.012731581926345714,-0.03883525729179388,-0.07693651318550104,-0.02876180410385132,-0.08591365814208984,-0.0313115119934082,0.04517360031604761,0.04454077780246729,-0.04517360031604764,-0.04454077780246729,0.08064675331115723,0.242179036140442,0.15987601876258842,0.32180210947990406,0.03782296180725103,-0.2623748183250427,0.05278626084327709,-0.25648370385169983,-0.11012792587280268,0.4216110706329348,-0.11968833953142169,0.5422904193401338,0.37782832980155956,-0.18140798807144187,0.3426750972867012,-0.04351061582565319,-0.06316030025482194,0.13696569204330455,-0.04514852166175842,-0.0230613350868224
1656267445.png,0.15000992268323898,-0.09150220453739161,-0.006766289472579956,-0.03651940822601324,-0.012608200311660767,-0.039071351289749257,-0.07665807008743286,-0.028742551803588867,-0.08442676067352295,-0.030934333801269476,0.04597245901823044,0.04455353319644928,-0.04597245901823044,-0.044553533196449335,0.08073529601097107,0.2404099702835084,0.16203381121158605,0.3189822137355803,0.036679565906524714,-0.2601434886455536,0.051004946231841986,-0.2533247172832487,-0.11190073192119598,0.4214261770248414,-0.12048951536417007,0.5415885746479034,0.3795626014471054,-0.18074113130569458,0.3303613588213921,-0.03994381427764915,-0.06482478976249689,0.13505226373672474,-0.044194251298904474,-0.024955153465270663
1656267446.png,0.15215463936328888,-0.09359611570835108,-0.007241815328598078,-0.03783652186393732,-0.01342678070068365,-0.03880342841148371,-0.07775941491127003,-0.026433229446411077,-0.08499780297279352,-0.03045487403869629,0.04594023525714874,0.04418306052684784,-0.04594023525714874,-0.044183060526847784,0.08196151256561279,0.23917663097381614,0.1635902225971222,0.3171624839305878,0.03582280874252319,-0.25907868146896373,0.05007767677307129,-0.252208411693573,-0.11178253591060638,0.42086416482925426,-0.15122275799512863,0.5043188035488126,0.3792981952428818,-0.1804051995277407,0.3606955334544182,-0.0023803114891052246,0.007984101772308239,0.016591608524322732,-0.044423013925552424,-0.0016009211540217727
1656267447.png,0.15151566267013555,-0.09172219038009644,-0.006916552782058771,-0.036380499601364136,-0.012780785560607855,-0.038997650146484375,-0.07699915766716003,-0.02866306900978083,-0.08453044295310985,-0.03133603930473322,0.0444851815700531,0.04326981306076044,-0.04448518157005313,-0.04326981306076044,0.0805986225605011,0.232971489429474,0.161373257637024,0.31720364093780506,0.03957849740982061,-0.2516694664955139,0.05115413665771479,-0.2533212602138518,-0.10952024161815643,0.4227726459503175,-0.10740627348423001,0.5242781043052671,0.37936536967754364,-0.1815640926361085,0.3299031406641006,-0.02706360816955533,-0.06289967894554138,0.1331356167793275,-0.05357289314270014,-0.040105342864990345
1656267448.png,0.15084999799728396,-0.09141348302364338,-0.006795108318328802,-0.03780883550643921,-0.01305919885635387,-0.03868788480758667,-0.07751271128654486,-0.02658396959304804,-0.08450293540954579,-0.030787289142608643,0.04589441418647763,0.043786510825157166,-0.04589441418647763,-0.04378651082515711,0.0792259573936463,0.23305791616439842,0.16278508305549622,0.3189180791378022,0.03807955980300909,-0.25100299715995805,0.04986891150474548,-0.253356397151947,-0.11011996865272516,0.4066469669342041,-0.1058851033449173,0.523586243391037,0.37742310762405396,-0.1654500961303711,0.3285665363073349,-0.02463412284851052,-0.06324604153633129,0.132898271083832,-0.05470007658004761,-0.03946638107299816
1656267449.png,0.1519959196448326,-0.09211070835590357,-0.006943702697754017,-0.03756821155548101,-0.01309192180633545,-0.0384613573551178,-0.07739138603210444,-0.026410579681396484,-0.08533990383148188,-0.030636996030807495,0.04520406574010849,0.04325611889362346,-0.04520406574010852,-0.04325611889362341,0.0802091658115387,0.23354405164718617,0.1630935221910477,0.3163928091526033,0.03887978196144104,-0.2520754039287567,0.049965500831604004,-0.2517003417015077,-0.11046595871448517,0.40701782703399647,-0.15045391768217084,0.5030392110347748,0.3779441565275191,-0.1649942398071288,0.37324649840593344,-0.004991114139556774,-0.06263437867164595,0.13481891155242898,-0.04479080438613897,-0.02487933635711681
1656267450.png,0.15562241524457934,-0.09104891121387482,-0.006930172443389948,-0.03675559163093567,-0.011935412883758545,-0.04119324684143072,-0.07736584544181818,-0.027750730514526423,-0.08649352192878723,-0.02836737036705017,0.04126804322004321,0.042748257517814636,-0.04126804322004321,-0.042748257517814636,0.08835986256599432,0.2348291277885436,0.1622804254293443,0.3177601397037507,0.03795135021209717,-0.25183501839637745,0.05018216371536255,-0.2528119981288911,-0.11506408452987671,0.4261795878410338,-0.12084701657295221,0.5403665006160737,0.39043527841567993,-0.18456500768661477,0.32877622544765467,-0.03939318656921398,-0.06171363592147833,0.15863686800003018,-0.04540529847145075,0.016170024871826172
1656267451.png,0.14361360669136045,-0.1154676228761673,-0.012747317552566528,-0.035272419452667236,-0.021274179220199585,-0.03817951679229736,-0.08236297965049733,-0.01247456669807434,-0.09059581160545344,-0.01234060525894165,0.050053566694259616,0.04303808510303497,-0.050053566694259616,-0.04303808510303497,0.08339089155197149,0.23902994394302368,0.16902393102645874,0.3188392221927643,0.04189097881317144,-0.25845947861671453,0.05324140191078197,-0.2518312931060791,-0.1163716167211532,0.4229581356048582,-0.14844515919685364,0.504122883081436,0.3796931356191635,-0.17940664291381803,0.37266033887863154,-0.004782497882843018,0.010120034217834473,0.017092227935790905,-0.040973126888275035,-0.04169034957885731
1656267452.png,0.13230387866497045,-0.10856014490127558,-0.00719115138053894,-0.037411957979202326,-0.01835826039314281,-0.03962814807891846,-0.0786857306957246,-0.01160496473312378,-0.09322506189346308,-0.01349672675132757,0.05263786017894745,0.03890198469161982,-0.052637860178947476,-0.03890198469161987,0.078639566898346,0.2510008811950684,0.1662537455558777,0.32837361097335793,0.041557043790817205,-0.24581742286682118,0.05620089173316961,-0.2460118532180784,-0.12601269781589508,0.4237626194953918,-0.1429505497217178,0.5156467556953431,0.3784818798303604,-0.16828465461730946,0.36436145007610315,-0.04008263349533092,-0.0784077644348144,0.12755465507507313,-0.047995418310165405,-0.02054518461227428
1656267453.png,0.13953041285276416,-0.0920585691928863,-0.004212379455566406,-0.037505328655242975,-0.014530360698699951,-0.03959646821022034,-0.07507425546646118,-0.018966168165206965,-0.09214255213737488,-0.025028198957443293,0.051732741296291324,0.0394789874553681,-0.051732741296291324,-0.0394789874553681,0.07135310769081121,0.25012162327766413,0.15977089107036585,0.3210534751415252,0.05236637592315668,-0.24441194534301758,0.06744784116744995,-0.23603838682174672,-0.10550884902477262,0.40083798766136153,-0.116356011480093,0.51042839884758,0.3681636303663254,-0.14164137840270996,0.4798894934356214,-0.17260921001434326,-0.0639154613018037,0.09733217954635631,-0.16879287362098705,0.09395927190780651
1656267454.png,0.1521889865398407,-0.09217025339603424,-0.006908863782882746,-0.03816133737564087,-0.014194637537002674,-0.039154171943664495,-0.07723304629325872,-0.019724398851394598,-0.09117880463600153,-0.02459585666656494,0.040230900049209595,0.03656484186649317,-0.04023090004920962,-0.03656484186649317,0.09143158793449396,0.24850434064865123,0.1596707999706268,0.3183838427066803,0.04465973377227789,-0.22996169328689586,0.06101414561271662,-0.2351984381675719,-0.0960210412740708,0.4237602949142457,-0.09905308485031131,0.5279376208782196,0.38211743533611287,-0.16153621673583995,0.3370082378387451,-0.07337051630020142,-0.08808273077011092,0.11616319417953502,-0.04238292574882507,0.0020162463188170276
1656267455.png,0.1467582806944848,-0.09129130840301514,-0.0053066313266754706,-0.037819862365722656,-0.013726592063903864,-0.03924685716629028,-0.07595163583755493,-0.0216367244720459,-0.09063836932182312,-0.027062535285949707,0.04646601527929303,0.03745913505554199,-0.04646601527929303,-0.03745913505554205,0.0789676308631897,0.24759796261787403,0.15973986685276031,0.31718280911445634,0.04729458689689642,-0.24096572399139382,0.062055766582489014,-0.23650842905044556,-0.1078790873289108,0.42178991436958313,-0.10108767449855804,0.5282897055149076,0.38271714746952057,-0.16051924228668202,0.3415198028087616,-0.0434101819992061,-0.08605080842971807,0.11389052867889382,-0.043982177972793524,-0.027193069458008035
1656267456.png,0.14569156616926188,-0.09113377332687378,-0.004905164241790716,-0.03838074207305908,-0.013771444559097235,-0.040015459060668945,-0.07619783282279963,-0.022055834531784058,-0.09138914942741394,-0.028206974267959595,0.04640498012304306,0.03657069802284235,-0.04640498012304306,-0.03657069802284241,0.07885199785232538,0.2476863563060761,0.1593848019838333,0.3167886435985564,0.04419794678688055,-0.231952965259552,0.06094524264335638,-0.23601388931274403,-0.1080857515335083,0.4218285977840423,-0.1020149514079094,0.5269567668437957,0.38115641474723827,-0.16015207767486572,0.3420271649956703,-0.043693721294403076,-0.08534207940101629,0.11507761478424094,-0.043481916189193726,-0.025864899158477783
1656267457.png,0.14770416170358655,-0.09299705922603596,-0.006325572729110829,-0.037551432847976796,-0.014145731925964355,-0.03958341479301464,-0.08045500516891474,-0.023903667926788386,-0.0902871191501618,-0.02567875385284424,0.04648727923631671,0.03571666777133936,-0.04648727923631671,-0.035716667771339417,0.07909721136093129,0.24996650218963617,0.1595839112997055,0.31631866097450234,0.04671260714530945,-0.24161380529403675,0.06196600198745722,-0.23618531227111805,-0.1080285608768464,0.4249598383903502,-0.10194791853427888,0.526681154966354,0.38243281841278076,-0.1617711782455442,0.3416877388954162,-0.04509115219116189,-0.08540493249893183,0.1124957799911499,-0.05414602160453785,-0.022871077060699352
1656267458.png,0.1536628976464272,-0.0942257940769195,-0.006967306137084961,-0.03654569387435913,-0.01439639925956726,-0.038535952568054255,-0.07888922095298773,-0.024672150611877497,-0.08871793746948248,-0.026563733816146795,0.04051739722490311,0.036133140325546154,-0.04051739722490311,-0.036133140325546154,0.0893256664276123,0.24955734610557584,0.15925185382366186,0.31820312142372115,0.04663959145545965,-0.2426283359527589,0.061554670333862194,-0.24122393131256104,-0.10952615737915039,0.42762491106987005,-0.10230081528425217,0.5288725793361664,0.39472922682762146,-0.16456347703933705,0.34143281728029246,-0.04463070631027244,-0.08574435114860535,0.13067930936813354,-0.054070740938186646,-0.025705575942992942
1656267459.png,0.14630626142025,-0.09299905598163599,-0.006338238716125599,-0.037070274353027455,-0.014182567596435602,-0.039057195186615046,-0.08074966073036188,-0.023210644721984808,-0.09016761183738708,-0.025022268295288086,0.04659204185009003,0.03648935258388519,-0.04659204185009003,-0.03648935258388525,0.07724863290786743,0.248137265443802,0.15921667218208307,0.3178353905677794,0.04677888751029968,-0.24002462625503562,0.06121417880058294,-0.2366269230842588,-0.10904386639595035,0.4082971513271333,-0.10240571200847627,0.5091440677642822,0.3832543194293976,-0.14526158571243297,0.34233628213405604,-0.058347046375274436,-0.106281578540802,0.08957314491271962,-0.053660094738006536,-0.008633494377136564
1656267460.png,0.14817512035369867,-0.09295783936977386,-0.0068817138671875,-0.03765329718589783,-0.0142162144184112,-0.03964313864707952,-0.08041167259216303,-0.023915797472000067,-0.09020939469337463,-0.02619901299476618,0.04560446739196777,0.03758998215198511,-0.04560446739196777,-0.03758998215198511,0.08025908470153809,0.25246205925941473,0.15817791223526007,0.31869405508041365,0.04264336824417114,-0.23605239391326893,0.061700254678726085,-0.23589879274368275,-0.10783645510673523,0.4220855534076691,-0.11507964134216307,0.5277527570724487,0.3813616633415221,-0.16343998908996582,0.3389452695846557,-0.07436794042587302,-0.08495771884918207,0.12220513820648204,-0.03889310359954817,-0.007263064384460449
1656267461.png,0.15272638946771616,-0.0939103215932846,-0.006137967109680065,-0.03729316592216492,-0.014037936925888006,-0.039442807435989324,-0.0756522417068482,-0.022565990686416626,-0.09048247337341309,-0.026213020086288452,0.041926957666873876,0.03468547761440277,-0.041926957666873904,-0.03468547761440277,0.08950510621070873,0.2538242042064667,0.16043077409267423,0.3145073056221007,0.043726235628127996,-0.24601495265960682,0.0602122843265534,-0.2367698550224303,-0.11109866201877588,0.427111357450485,-0.11459521204233172,0.5249322056770326,0.39372800290584564,-0.16433817148208585,0.34218125790357584,-0.04791808128356978,-0.08203059434890747,0.13136786222457886,-0.0431687831878661,-0.0025507807731626198
1656267462.png,0.1531094461679458,-0.09312760829925532,-0.006212413311004583,-0.0375952422618866,-0.014156490564346258,-0.03984615206718445,-0.07663962244987493,-0.021968185901641846,-0.09112510085105896,-0.026051104068756104,0.04127506911754608,0.03640761971473688,-0.04127506911754608,-0.03640761971473688,0.08799207210540771,0.2472887933254243,0.15967726707458496,0.3163463771343231,0.0472944974899292,-0.24105745553970348,0.06125637888908386,-0.23827528953552257,-0.11143770813941958,0.42443719506263755,-0.10183508694171906,0.5265987813472749,0.3950904905796052,-0.16425955295562766,0.34178160130977636,-0.045773863792419545,-0.08441117405891424,0.1384333372116089,-0.05576378107070934,-0.021803736686706654
1656267463.png,0.14883296191692352,-0.09425888955593104,-0.006575614213943537,-0.037482172250747736,-0.01438942551612854,-0.0396088063716889,-0.08089309930801392,-0.024116605520248413,-0.09047803282737737,-0.02627021074295044,0.046072497963905334,0.03728662431240076,-0.04607249796390531,-0.03728662431240082,0.07906025648117065,0.24734005331993097,0.16005620360374448,0.3175563216209413,0.047532618045806885,-0.24227070808410633,0.06158930063247686,-0.23819279670715343,-0.12039189040660858,0.42264887690544134,-0.11553020030260089,0.5263840556144713,0.39455442130565643,-0.1637483835220338,0.3545998111367225,-0.04471325874328591,-0.10565224289894104,0.11185216903686557,-0.053438723087310736,-0.02408432960510254
1656267464.png,0.146323099732399,-0.09427963197231298,-0.006308227777481079,-0.036556184291839544,-0.01378315687179571,-0.03847932815551747,-0.08003309369087219,-0.022839784622192383,-0.09033668041229248,-0.0251787006855011,0.04561619460582733,0.03675244748592371,-0.045616194605827304,-0.03675244748592377,0.07860171794891352,0.24791526794433588,0.1583349704742432,0.31719014048576344,0.04543003439903259,-0.24036550521850575,0.060671508312225286,-0.23755842447280873,-0.10858115553855896,0.42201763391494757,-0.138305488973856,0.5089578926563262,0.38239365816116333,-0.1616917848587035,0.37697941437363625,-0.05448615550994862,-0.10689729452133179,0.11677885055541981,-0.063179612159729,-0.006005287170410045
1656267465.png,0.1473709195852279,-0.09051436185836792,-0.0034739673137663685,-0.03774860501289373,-0.015439033508300726,-0.04499247670173645,-0.07719588279724127,-0.02894327044486994,-0.08846288919448853,-0.03501686453819275,0.04476310312747955,0.05060619115829468,-0.04476310312747955,-0.05060619115829468,0.07938858866691584,0.24690908193588268,0.15349015593528742,0.3342718482017517,0.05266240239143377,-0.26212164759635936,0.07042452692985535,-0.25302082300186174,-0.10623589158058167,0.4537994861602781,-0.11907850205898285,0.5820654034614565,0.3744640052318573,-0.20518749952316262,0.3684818893671036,-0.031182467937469815,0.0036947131156921387,0.01214611530303955,-0.027992188930511475,-0.054321467876434215
1656267466.png,0.15961077809333796,-0.07900658249855042,-0.004199355840683039,-0.03540390729904169,-0.010616421699523926,-0.04281246662139898,-0.07394242286682123,-0.039241611957550104,-0.0806048810482024,-0.03940612077713007,0.033413827419281006,0.049073100090026855,-0.033413827419281006,-0.049073100090026855,0.09378105401992792,0.2503323554992677,0.14868825674057007,0.33415013551712025,0.05191859602928167,-0.25788801908493053,0.0627298355102539,-0.25120845437049855,-0.1054551899433136,0.4574415087699891,-0.12254102528095245,0.5810551643371584,0.3909984827041626,-0.2066227197647097,0.3497640639543533,-0.054435968399048185,0.004149198532104492,0.014550924301147572,-0.055833190679550115,-0.04542064666748036
1656267467.png,0.15589794516563418,-0.08194410800933849,-0.004462778568267878,-0.03463956713676436,-0.011153429746627863,-0.042828500270843395,-0.07386794686317444,-0.039209276437759455,-0.08137765526771545,-0.039557874202728216,0.03768357634544375,0.05008479952812195,-0.03768357634544375,-0.05008479952812195,0.08392512798309315,0.24743276834487915,0.14872249960899347,0.33530759811401356,0.050444453954696655,-0.2579289078712462,0.06094437837600708,-0.25336661934852583,-0.11677683889865884,0.45110321044921897,-0.12558770924806595,0.5643019676208498,0.39260099828243245,-0.20544373989105258,0.47365114837884903,-0.22154277563095126,0.004881083965301625,0.01707667112350475,-0.16456848382949824,0.11309301853179932
1656267468.png,0.14993704855442055,-0.09192268550395966,-0.004607737064361628,-0.03748214244842529,-0.013686358928680586,-0.04230576753616333,-0.07929286360740662,-0.027810662984848022,-0.08787703514099116,-0.031260907649993896,0.03975360095500943,0.04700289666652668,-0.03975360095500943,-0.04700289666652674,0.08246985077857977,0.2486667037010195,0.1501741111278534,0.3297075927257536,0.05150541663169861,-0.26135048270225536,0.06728780269622803,-0.2558731138706206,-0.10611748695373532,0.4352048039436339,-0.11366070806980134,0.5592006742954252,0.3054100275039673,-0.04853200912475564,0.3402487188577651,-0.04249453544616699,0.07872688770294195,-0.12121152877807628,-0.05482622981071461,-0.06362289190292336
1656267469.png,0.14912774413824084,-0.08841969072818762,-0.0024700164794921875,-0.03601807355880737,-0.016515195369720514,-0.0437518954277038,-0.06872689723968511,-0.02383583784103388,-0.09078031778335566,-0.03124517202377325,0.040450654923915835,0.049493029713630676,-0.040450654923915835,-0.04949302971363062,0.08245122432708746,0.2484126091003418,0.14857013523578644,0.3348455131053924,0.049006044864654486,-0.2619663476943969,0.061160922050476074,-0.2538456618785859,-0.10848972201347348,0.4360288977622985,-0.11406951397657394,0.5645502507686615,0.38028013706207264,-0.19109505414962757,0.33951035887002945,-0.039430737495422585,-0.028781771659850963,0.1314728856086731,-0.05370047688484192,-0.06661486625671376
1656267470.png,0.15454468131065374,-0.08367075026035303,-0.003089159727096613,-0.035434395074844416,-0.013471633195877075,-0.04330858588218689,-0.07145947217941279,-0.029125779867172186,-0.08800059556961065,-0.03498649597167969,0.035134196281433105,0.03918622434139246,-0.03513419628143313,-0.03918622434139246,0.08954912424087524,0.25289487838745117,0.14993515610694888,0.325659543275833,0.04951083660125738,-0.25043073296546925,0.05829164385795599,-0.25139430165290816,-0.11158666014671328,0.46839994192123424,-0.12373359501361846,0.5713146030902861,0.3927866518497466,-0.209680438041687,0.3209212571382523,-0.05483448505401578,0.004776597023010476,0.016848921775817982,-0.029983550310134943,-0.030151307582855447
1656267471.png,0.15125503391027442,-0.08547882735729218,-0.0026720464229583185,-0.035204559564590454,-0.013782739639282116,-0.043360710144043024,-0.07420945167541498,-0.032326519489288275,-0.0881297886371612,-0.0358830988407135,0.04002862423658374,0.04087330400943756,-0.04002862423658374,-0.04087330400943762,0.08667322993278503,0.25796031951904297,0.15406759083271027,0.3276953995227814,0.043856531381607056,-0.261095941066742,0.05516669154167175,-0.2551716864109038,-0.11873500049114227,0.4455217719078064,-0.1246578842401504,0.5551151931285858,0.3904440253973007,-0.19260531663894653,0.336277425289154,-0.06921905279159535,-0.04296371340751659,0.13514196872711182,-0.04294747114181513,-0.0027701854705811657
1656267472.png,0.1582304164767266,-0.08407413959503174,-0.004877090454101618,-0.03636690974235535,-0.012735813856124933,-0.041516214609146174,-0.07938158512115479,-0.028945207595825195,-0.08827492594718939,-0.03192970156669611,0.03337114304304123,0.04108190536499029,-0.03337114304304123,-0.04108190536499029,0.09230625629425049,0.24297755956649764,0.1522860080003739,0.3387696743011475,0.05675405263900757,-0.24027380347251875,0.060511708259582464,-0.2624081075191497,-0.09488078951835632,0.46920108795166,-0.1118152141571045,0.5798426270484927,0.3821292817592621,-0.2075994610786437,0.3261542469263076,-0.09054237604141269,-0.013671934604644775,0.0940568447113036,-0.018753170967101995,-0.0335140824317931
1656267473.png,0.15381326526403427,-0.08431027829647064,-0.00567981600761408,-0.03626298904418945,-0.011905580759048462,-0.04340934753417969,-0.07600963115692144,-0.035845935344696045,-0.08315479755401611,-0.03627690672874451,0.038214258849620875,0.04976986348628998,-0.038214258849620875,-0.04976986348628998,0.08349674940109253,0.24686670303344715,0.15012945234775543,0.3366234600543976,0.047313034534454346,-0.2574729323387145,0.05664208531379705,-0.2542514503002166,-0.10478083789348608,0.451679527759552,-0.11534463614225382,0.5665701329708096,0.38111235201358784,-0.205194890499115,0.3398937359452248,-0.044973373413085604,-0.030157089233398326,0.13247007131576527,-0.030594289302825928,-0.046584904193878285
1656267474.png,0.15463528037071228,-0.07989044487476349,-0.003512203693389837,-0.036446332931518555,-0.011377185583114624,-0.04405689239501953,-0.07503414154052734,-0.03662028908729553,-0.08365815877914423,-0.03893151879310608,0.03472617268562317,0.048770591616630554,-0.03472617268562314,-0.048770591616630554,0.08905351161956787,0.24151700735092163,0.14904490113258365,0.3370051681995393,0.04866465926170349,-0.24746739864349376,0.05749577283859253,-0.25327804684639,-0.10966216027736658,0.45526808500289917,-0.12835668027400968,0.5651035606861113,0.3928634077310562,-0.20509070158004772,0.33914677798748005,-0.04418009519577004,-0.04663205146789562,0.13283395767211925,-0.042230695486068615,-0.047712504863739125
1656267475.png,0.1556513160467147,-0.07339455187320704,-0.003943145275115967,-0.036702483892440796,-0.011515319347381536,-0.0421147346496582,-0.07494276762008661,-0.03675892949104309,-0.08191347122192388,-0.040239751338958685,0.03422699868679044,0.04219044744968414,-0.03422699868679044,-0.04219044744968414,0.09027224779129028,0.2522665858268737,0.15038278698921198,0.3350053727626802,0.048770517110824585,-0.2457638382911681,0.05667951703071594,-0.251711428165436,-0.10679647326469421,0.45158582925796514,-0.11486314982175833,0.5647606551647186,0.39041954278945923,-0.19028115272521962,0.3248072192072868,-0.04253965616226196,0.0008523464202880859,0.016121625900268333,-0.030926167964935303,-0.028174877166748047
1656267476.png,0.15622846782207495,-0.07643277943134308,-0.0037232637405395508,-0.03609228134155268,-0.011281073093414307,-0.04338520765304571,-0.0765810906887055,-0.0351396799087525,-0.08571091294288641,-0.036808788776397705,0.03342659771442413,0.0415912419557572,-0.033426597714424106,-0.0415912419557572,0.09207963943481445,0.25322806835174544,0.15272745490074155,0.3363781869411469,0.048039376735687256,-0.24830824136733998,0.053865611553192194,-0.25601345300674433,-0.1092009097337722,0.45083302259445185,-0.11598071455955503,0.5628592669963837,0.3936683088541032,-0.1912711262702942,0.3260261118412017,-0.07381767034530651,-0.04466700553894043,0.12131553888320923,-0.04058021306991566,-0.033914268016815186
1656267477.png,0.15617842227220535,-0.0772199034690857,-0.004425138235092108,-0.03626886010169983,-0.01107969880104065,-0.04288899898529053,-0.0768407285213471,-0.033878058195114136,-0.08503416180610651,-0.03444087505340576,0.033591218292713165,0.040776669979095403,-0.03359121829271319,-0.04077666997909546,0.09151849150657654,0.2533204853534699,0.1543643027544022,0.33538582921028126,0.05105975270271296,-0.24756938219070435,0.0530483722686767,-0.2545348703861236,-0.09668911993503573,0.447854071855545,-0.11516816914081572,0.5606136620044709,0.3803979307413101,-0.18803530931472767,0.3252519965171814,-0.10122847557067893,-0.06355458498001099,0.10437172651290894,-0.03904217481613159,-0.0064699649810791016
1656267478.png,0.15896795690059656,-0.08046470582485199,-0.0057865083217620294,-0.03590965270996094,-0.012332290410995483,-0.042342156171798706,-0.07676082849502569,-0.03420931100845337,-0.08511695265769953,-0.035389453172683716,0.034625038504600525,0.039243534207344055,-0.03462503850460055,-0.039243534207344,0.0918507874011994,0.2531781494617461,0.15381938219070443,0.3314183354377746,0.04888212680816645,-0.24967995285987837,0.05558526515960688,-0.25660663843154913,-0.10733340680599215,0.4504854977130889,-0.12644211202859876,0.5581743121147154,0.3919547349214554,-0.18871378898620605,0.33873308449983597,-0.04769557714462247,0.0019448399543762207,0.016649961471557728,-0.03925824165344238,-0.06312674283981345
1656267479.png,0.15703085809946055,-0.08004461228847509,-0.00540482997894276,-0.036895096302032415,-0.011950790882110596,-0.042838513851165716,-0.07723945379257208,-0.03234893083572393,-0.08543425798416132,-0.034108966588973944,0.034121640026569366,0.03871323168277746,-0.034121640026569394,-0.038713231682777405,0.09303510189056402,0.25484475493431075,0.1521057039499283,0.3316918611526489,0.04860672354698181,-0.24660462141036987,0.06223365664482111,-0.2551550865173339,-0.10635603964328769,0.47058925032615634,-0.12528657913208005,0.5724316239356992,0.3923325091600418,-0.20853447914123513,0.3349185138940811,-0.054856717586517,-0.030758202075958252,0.13464093208312977,-0.030227750539779663,-0.028649985790252797
1656267480.png,0.1591844409704209,-0.08057740330696106,-0.005214780569076594,-0.036471784114837646,-0.011554956436157338,-0.04249534010887146,-0.07788801193237305,-0.03284791111946106,-0.08565917611122126,-0.03437343239784246,0.032930597662925665,0.03799977898597712,-0.03293059766292569,-0.03799977898597717,0.09605994820594793,0.254033297300339,0.15602067112922666,0.3292592465877534,0.05112701654434204,-0.2498752176761629,0.0593189001083374,-0.2562327086925508,-0.10455149412155146,0.4720622599124911,-0.11246620118618016,0.5609910190105438,0.3937875032424927,-0.20916432142257724,0.32379858195781713,-0.04606974124908447,-0.02814948558807373,0.1298697590827942,-0.01635244488716131,-0.04779529571533214
1656267481.png,0.16186748445034027,-0.08043283224105835,-0.006705135107040516,-0.03601238131523132,-0.01307335495948797,-0.04176256060600281,-0.07765835523605341,-0.03438544273376465,-0.08499982953071594,-0.03660622239112854,0.032416507601737976,0.03755679726600647,-0.032416507601738004,-0.03755679726600647,0.09607470035552967,0.2528415024280548,0.15420234203338615,0.3301323354244232,0.049121230840683094,-0.24640971422195446,0.05578580498695379,-0.2554874420166016,-0.1041769832372666,0.45300987362861633,-0.12718212231993678,0.5564397275447842,0.39522509276866924,-0.19090652465820312,0.33818536624312406,-0.04486960172653165,0.0059923529624937855,0.015820026397705078,-0.015493273735046442,-0.0478684902191161
1656267482.png,0.154744528234005,-0.11074349284172064,-0.013137161731719915,-0.03866207599639887,-0.018433123826980646,-0.039771914482116644,-0.08133780956268322,-0.0036548376083374023,-0.08965417742729181,-0.0034993886947631836,0.038445018231868716,0.036109745502471924,-0.038445018231868716,-0.036109745502471924,0.08684185147285461,0.2568790614604951,0.15360240638256073,0.3324958384037018,0.0648463666439057,-0.26634296774864213,0.07787638902664185,-0.27468451857566833,-0.0959743410348892,0.45858481526374817,-0.12312590330839157,0.5615261495113373,0.37844450771808624,-0.19302785396575917,0.35719607025384903,-0.016977548599243386,-0.04091954231262207,0.12007385492324818,-0.058069378137588445,-0.07693463563919034
1656267483.png,0.16108623892068863,-0.09037595987319946,-0.008404225111007746,-0.03691130876541132,-0.013429135084152222,-0.03982853889465332,-0.07805439829826355,-0.02267271280288702,-0.0834818184375763,-0.02464359998703003,0.031541384756565094,0.04132896661758423,-0.031541384756565094,-0.04132896661758423,0.10161283612251282,0.25605323910713185,0.1518489271402359,0.3372533619403838,0.0412348210811615,-0.25503101944923395,0.060302942991256714,-0.2676016688346861,-0.09165288507938388,0.4711228311061859,-0.11286115646362305,0.5814432203769684,0.37866248190402974,-0.20832157135009777,0.32417778670787817,-0.061228930950164795,0.0054392218589784935,0.01726466417312622,-0.03132733702659618,-0.027941644191742054
1656267484.png,0.15408010035753253,-0.09679685533046728,-0.007042557001113836,-0.03746902942657465,-0.013164937496185247,-0.040344297885894664,-0.07707557082176214,-0.024387329816818293,-0.08390164375305181,-0.02703359723091131,0.038749195635318784,0.04778306186199188,-0.038749195635318784,-0.04778306186199194,0.08791777491569513,0.24917668104171764,0.15163551270961767,0.33243235945701594,0.040749639272689875,-0.2626782953739166,0.05764037370681757,-0.2622179985046385,-0.11673980951309204,0.45493751764297496,-0.1262331530451774,0.5749124586582186,0.39335861802101135,-0.20734316110610962,0.33812183886766434,-0.05849075317382846,0.002520740032196045,0.016100943088531383,-0.041947245597839355,-0.04800778627395619
1656267485.png,0.1597873643040657,-0.09116655588150019,-0.007621884346008356,-0.03706642985343939,-0.013246506452560425,-0.03939661383628851,-0.07871690392494196,-0.022754311561584473,-0.08432582020759583,-0.02452903985977173,0.03236166387796402,0.04115349054336542,-0.03236166387796405,-0.04115349054336542,0.09319838881492609,0.25529867410659796,0.15056093037128446,0.3413041234016419,0.04502362012863165,-0.2516859471797943,0.05612030625343328,-0.2662465870380402,-0.10646586120128634,0.472868025302887,-0.11212765425443645,0.5792718529701233,0.39503972232341766,-0.20909738540649425,0.32310048490762716,-0.05822885036468517,0.0040770769119262695,0.016484558582305908,-0.03111201524734508,-0.002434849739074596
1656267486.png,0.15625165402889266,-0.0924594253301621,-0.006702750921249501,-0.03735962510108942,-0.016248703002929743,-0.039781898260116466,-0.08329176902770996,-0.023712277412414606,-0.08788052201271063,-0.024801969528198353,0.03365375101566312,0.03489173948764801,-0.03365375101566312,-0.034891739487647955,0.09308075904846197,0.25675886869430553,0.1565615534782409,0.32873794436454756,0.04623684287071228,-0.2502615153789521,0.056339085102081354,-0.2629054486751556,-0.10881182551383967,0.4564078450202942,-0.11381062865257263,0.5540798604488373,0.3922145068645476,-0.19316768646240223,0.3258692026138306,-0.05099350214004539,-0.028226435184478538,0.1553339362144469,-0.03138166666030889,-0.001886308193206565
1656267487.png,0.15179643034935,-0.09580901265144348,-0.005173176527023315,-0.03691226243972784,-0.016981750726699885,-0.0387089848518371,-0.07485648989677429,-0.015529990196227972,-0.09413340687751759,-0.0225422084331513,0.03945773839950559,0.03756445646286011,-0.03945773839950559,-0.03756445646286011,0.08334022760391241,0.24895912408828724,0.15851116180419916,0.3254236578941345,0.04263085126876831,-0.2510588467121125,0.04850971698760986,-0.25797811150550853,-0.11695812642574308,0.44480603933334384,-0.12596474587917328,0.5492276549339292,0.38990993797779094,-0.18630993366241488,0.33875019848346716,-0.04650759696960427,0.006998181343078613,0.01782691478729248,-0.030013650655746515,0.021001338958740012
1656267488.png,0.15304315090179435,-0.09461590647697443,-0.005520313978195246,-0.03743326663970953,-0.017399579286575262,-0.039071828126907404,-0.07502239942550648,-0.01565507054328924,-0.09367132186889648,-0.02363002300262451,0.0398449897766113,0.03802177309989929,-0.0398449897766113,-0.038021773099899236,0.08841025829315186,0.2607741057872771,0.15516313910484314,0.32473686337471014,0.03710693120956421,-0.2604305446147918,0.051645487546920665,-0.2550224363803865,-0.10290934145450592,0.44795164465904236,-0.11326053738594061,0.5536175668239591,0.37968312203884125,-0.1867511272430421,0.3261047601699829,-0.0162689685821531,0.002855360507965088,0.01528918743133556,0.1497454047203064,-0.19404309988021862
1656267489.png,0.15323294699192047,-0.09410044550895691,-0.005497157573699896,-0.037413597106933705,-0.018092989921569824,-0.039610862731933705,-0.08131405711174011,-0.019619852304458507,-0.09327113628387457,-0.024121850728988592,0.039355501532554626,0.03765863180160517,-0.039355501532554654,-0.03765863180160517,0.08415660262107855,0.25164678692817677,0.15491572022438052,0.32660236954689015,0.042406052350997814,-0.2503602802753447,0.052045851945877075,-0.25714334845542913,-0.10323746502399445,0.46421870589256287,-0.11157041043043135,0.5544008910655974,0.37835051119327545,-0.20434331893920898,0.31131377071142197,-0.019407451152801403,0.0063547492027281605,0.016703784465789684,-0.01481771469116211,0.010116040706634633
1656267490.png,0.15629521012306213,-0.09374910593032837,-0.005863666534423717,-0.03679320216178894,-0.01666420698165888,-0.038935661315918024,-0.0816577970981599,-0.019962072372436523,-0.09138455986976635,-0.02346575260162348,0.03553345799446106,0.03638058900833124,-0.03553345799446106,-0.03638058900833124,0.0924624502658844,0.25547429919242853,0.15747538208961487,0.32592996954917913,0.04213929176330572,-0.2516964077949522,0.0505577027797699,-0.2553732097148895,-0.0979941785335541,0.4653495252132415,-0.12681566923856735,0.5535529553890228,0.3794192969799042,-0.20023471117019653,0.340206854045391,-0.04401564598083496,-0.0291709303855896,0.17704653739929233,-0.028534650802612194,0.01785743236541759
1656267491.png,0.15489023923873907,-0.09251068532466883,-0.00402709841728216,-0.036475241184234564,-0.014596819877624567,-0.039931267499923706,-0.08118835091590876,-0.02436882257461548,-0.08902454376220692,-0.02796366810798645,0.03548914194107056,0.03667716681957239,-0.03548914194107053,-0.03667716681957239,0.09114700555801392,0.2536386847496034,0.15608179569244388,0.32504621148109436,0.04456675052642828,-0.24988532066345215,0.0557442009449004,-0.25565823912620533,-0.10984233021736137,0.45029479265213024,-0.11273582279682157,0.5530832111835478,0.39337944984436046,-0.18500244617462158,0.32576481997966766,-0.0460802316665645,0.006202101707458385,0.01548290252685558,-0.028575778007507324,0.018953382968902366
1656267492.png,0.1558410674333572,-0.0909227579832077,-0.005477994680404608,-0.036549329757690374,-0.013577520847320501,-0.03965121507644648,-0.08131751418113714,-0.025603294372558594,-0.08779358863830572,-0.02858787775039673,0.03416459262371066,0.0368318110704422,-0.03416459262371066,-0.0368318110704422,0.09333562850952143,0.2561149895191193,0.15329295396804804,0.32680088281631486,0.044664472341537476,-0.24980705976486195,0.055100798606872614,-0.25356587767601013,-0.10733978450298318,0.46837547421455367,-0.12405603379011156,0.5661209225654602,0.39356987178325653,-0.20046949386596669,0.33680542558431625,-0.02659022808074918,0.0037422776222229004,0.01398211717605602,-0.02993541955947876,-0.011367917060852495
1656267493.png,0.1561348661780357,-0.0898400247097016,-0.0051362514495850164,-0.036735981702804565,-0.013794749975204468,-0.04004111886024475,-0.08104646205902094,-0.025163114070892334,-0.0879753828048706,-0.028264999389648438,0.03314735740423205,0.03696328401565546,-0.03314735740423205,-0.03696328401565546,0.09500151872634882,0.25672760605812067,0.15485231578350067,0.3289689123630521,0.04462972283363348,-0.2508034110069275,0.056092917919158936,-0.25693169236183133,-0.10644073784351357,0.4677786529064181,-0.12691406905651093,0.5554099977016453,0.3921983391046524,-0.2018094658851627,0.33814090490341187,-0.04455691576004106,0.005883514881134033,0.016225337982177734,-0.029639214277267567,0.015123903751373624
1656267494.png,0.1567267626523971,-0.08981448411941523,-0.005197107791900579,-0.03748035430908203,-0.01493099331855774,-0.04074445366859436,-0.08139008283615112,-0.024423271417617798,-0.08713993430137634,-0.027389615774154608,0.03351663053035736,0.03763586282730097,-0.03351663053035739,-0.03763586282730097,0.09459477663040156,0.2562074959278108,0.15415376424789431,0.331333726644516,0.04427462816238409,-0.25125285983085627,0.056311070919036865,-0.25888586044311535,-0.10614866018295288,0.46783396601676974,-0.12458922713994976,0.5689104497432709,0.39162448048591614,-0.20314818620681785,0.3236091658473014,-0.03084707260131847,-0.04659521579742437,0.17740535736083984,-0.016103178262710516,-0.009574174880981334
1656267495.png,0.15549460053443911,-0.09117223322391516,-0.004443705081939697,-0.0364538729190827,-0.014424383640289362,-0.040449321269989014,-0.08054837584495544,-0.02548956871032715,-0.08705270290374756,-0.029792159795761164,0.034707486629486056,0.03831727802753454,-0.034707486629486056,-0.03831727802753454,0.09191063046455389,0.25332528352737405,0.1544429063796997,0.327565461397171,0.04389017820358282,-0.25052374601364125,0.05608662962913513,-0.25569269061088573,-0.10818557441234586,0.44859606027603127,-0.11408981680870056,0.5538080036640167,0.3915131837129592,-0.18648475408554055,0.32556378841400146,-0.04352092742919922,-0.04509219527244562,0.15338069200515736,-0.06573498249053955,-0.04335898160934459
1656267496.png,0.15636751800775528,-0.09054557979106903,-0.004061192274093739,-0.03661087155342102,-0.01527166366577154,-0.04097005724906927,-0.07977885007858265,-0.024074643850326538,-0.08812803030014033,-0.02841606736183161,0.034152545034885406,0.0382508784532547,-0.034152545034885434,-0.0382508784532547,0.09286579489707947,0.2544492483139038,0.15484242141246798,0.33120641112327565,0.04367494583129883,-0.2513877153396606,0.054798603057861384,-0.25954622030258157,-0.10722786188125613,0.4493619203567506,-0.12677568942308423,0.5550243556499482,0.39333733916282654,-0.1869003176689149,0.3386377319693566,-0.04533302783966087,-0.046566903591156006,0.1534980535507201,-0.01419514417648321,-0.002297639846801758
1656267497.png,0.1558457687497139,-0.09132707118988048,-0.005504727363586426,-0.036932677030563354,-0.014548391103744451,-0.040245622396469116,-0.0808999240398407,-0.02524903416633606,-0.08790397644042974,-0.028704017400741577,0.03353170305490494,0.037026882171630804,-0.03353170305490494,-0.03702688217163086,0.09338155388832092,0.25533494353294345,0.15327902138233185,0.3287597596645353,0.043076485395431574,-0.25069981813430764,0.053687930107116644,-0.25639852881431574,-0.10629631578922275,0.46861633658409113,-0.11365278810262681,0.5551429092884064,0.3922836631536485,-0.20313453674316428,0.3247542753815651,-0.04381364583969127,0.0010325908660888672,0.0166074037551881,-0.029490232467651367,0.01481950283050526
1656267498.png,0.1569179818034173,-0.08942027390003204,-0.005098164081573597,-0.03718778491020197,-0.013397186994552723,-0.041374355554580744,-0.08094999194145197,-0.026670336723327692,-0.08721807599067688,-0.029140681028366033,0.03249313682317731,0.038230106234550476,-0.03249313682317731,-0.03823010623455042,0.0969778299331665,0.2550628185272219,0.15458886325359344,0.3298723995685578,0.04593232274055492,-0.24996310472488437,0.05793648958206177,-0.2574420869350434,-0.10455754399299616,0.4677248001098633,-0.12306340038776398,0.568807452917099,0.39426562190055847,-0.20226335525512706,0.3348800241947174,-0.05646294355392456,0.004011034965515137,0.014781475067138672,-0.01267579197883606,0.01913088560104359
1656267499.png,0.15643370151519775,-0.08773690462112421,-0.005375146865844671,-0.0372664630413056,-0.012823551893234197,-0.040944397449493464,-0.0808416903018952,-0.02649247646331787,-0.08673927187919622,-0.02878403663635254,0.032505750656127985,0.03791093826293951,-0.03250575065612796,-0.03791093826293945,0.0958576500415802,0.2557596862316131,0.15468281507492074,0.33219406008720387,0.045971214771270696,-0.24848562479019165,0.05729773640632624,-0.25847396254539484,-0.10362491011619576,0.45176789164543146,-0.11194096505641934,0.556237131357193,0.39409327507019043,-0.1857547163963318,0.32349221408367157,-0.047238826751709206,-0.0003072023391723633,0.014995574951171764,-0.014466077089309692,0.00010573863983165399
1656267500.png,0.15986501425504693,-0.08662255108356476,-0.0068933069705964245,-0.03420355916023243,-0.012286782264709528,-0.03958204388618469,-0.07328236103057856,-0.035618633031845204,-0.07854294776916504,-0.037923336029052734,0.033823303878307315,0.04938767850399017,-0.033823303878307315,-0.04938767850399012,0.08064842224121094,0.2382420301437379,0.14901508390903467,0.34154638648033137,0.05101591348648077,-0.2445489764213563,0.05388668179512024,-0.25641211867332464,-0.1091707646846771,0.4312371611595156,-0.12815305590629578,0.5624298751354218,0.39301273226737976,-0.18092632293701205,0.3351254612207413,-0.04694426059722889,0.007477521896362194,0.014792382717132457,-0.040818542242050226,-0.0484449863433839
1656267501.png,0.15895636379718786,-0.07508568465709697,-0.005263984203338623,-0.033913493156432994,-0.011184990406036432,-0.0393230915069579,-0.07364749908447271,-0.03942680358886719,-0.08173364400863647,-0.04062500596046453,0.03614072501659393,0.04383738338947302,-0.036140725016593905,-0.04383738338947302,0.07545718550682073,0.24805077910423262,0.15022587776184074,0.3431937098503112,0.05301287770271296,-0.24606603384017944,0.05320799350738531,-0.260579615831375,-0.11339390277862549,0.42508468031883223,-0.13053049519658091,0.5451822876930239,0.39336636662483215,-0.1647496819496156,0.3359365649521351,-0.034458041191101296,0.00067901611328125,0.014621019363403653,-0.048131644725799505,-0.05989307165145874
1656267502.png,0.164761982858181,-0.070159211754799,-0.005961179733276312,-0.037851095199584905,-0.011398166418075506,-0.042600512504577526,-0.07754471898078924,-0.03879204392433161,-0.0822027325630188,-0.04039740562438965,0.03088422864675522,0.04026822745800018,-0.03088422864675522,-0.04026822745800024,0.08591333031654352,0.25154879689216614,0.14980305731296545,0.3398436307907105,0.051927596330642756,-0.24593389034271246,0.05281165242195118,-0.2603781521320343,-0.1024448573589325,0.4494963586330415,-0.12811104208230972,0.5610889196395874,0.39109495282173157,-0.18583023548126232,0.33312847465276724,-0.049094200134277344,-0.08306920528411871,0.12944817543029785,-0.0403009057044984,-0.04615378379821777
1656267503.png,0.16356585174798965,-0.07420365512371069,-0.005619525909423828,-0.03399848937988276,-0.012233436107635554,-0.03922346234321589,-0.0753085613250733,-0.036865115165710505,-0.08357948064804077,-0.039876729249954224,0.03200239688158035,0.04091827571392059,-0.03200239688158038,-0.04091827571392065,0.0839361846446991,0.25143200159072876,0.14900772273540505,0.339968055486679,0.05245858430862427,-0.24526286125183117,0.05372014641761774,-0.25938686728477467,-0.11778075993061066,0.45013850927352905,-0.12863259762525556,0.5610854923725128,0.4049677699804306,-0.18500339984893788,0.3195871189236642,-0.04907339811325062,0.006847381591796875,0.013599812984466442,-0.04235583543777477,-0.02379530668258656
1656267504.png,0.15536703169345856,-0.0807420015335083,-0.003756552934646551,-0.03374865651130676,-0.011688053607940618,-0.03909146785736084,-0.07516342401504522,-0.03720411658287048,-0.07956287264823919,-0.041164100170135554,0.03704427182674408,0.041344791650772095,-0.03704427182674405,-0.041344791650772095,0.0836513340473175,0.2573964595794679,0.1501078307628632,0.3370125889778136,0.04351145029067993,-0.2561635971069337,0.053624629974365234,-0.26057520508766163,-0.11507107317447665,0.44245678186416615,-0.1279188692569733,0.5569424033164978,0.391330286860466,-0.1826663613319397,0.33369860053062433,-0.04899191856384266,-0.10003235936164862,0.12242037057876598,-0.041066974401473944,-0.04758703708648693
1656267505.png,0.14426486194133756,-0.06890623271465296,-0.0005383491516112726,-0.0326931774616242,-0.01576691865921026,-0.04021501541137695,-0.06821709871292114,-0.030673950910568237,-0.08397102355957026,-0.03756079077720653,0.043602481484413175,0.04488261044025427,-0.043602481484413175,-0.04488261044025421,0.07254409790039057,0.25481349229812594,0.15048432350158686,0.3412782251834868,0.03314819931983948,-0.23005342483520497,0.04461136460304266,-0.23494839668273915,-0.10399456322193154,0.4106438755989074,-0.10721874237060545,0.5328873693943025,0.36385025084018696,-0.15278655290603627,0.45012250542640686,-0.18599557876586925,-0.0637158453464507,0.1329997181892394,-0.174186259508133,0.1195562481880188
1656267506.png,0.14984232932329172,-0.05841448903083801,0.0015838146209718462,-0.034963965415954534,-0.01440939307212824,-0.04470738768577576,-0.06766417622566234,-0.03429505228996277,-0.08401554822921747,-0.041038691997527965,0.038706399500370026,0.04183840751647944,-0.03870639950037,-0.04183840751647944,0.0750467181205749,0.25975707173347495,0.1465143114328384,0.342868834733963,0.03975459933280945,-0.23196417093277,0.04863324761390686,-0.23955130577087402,-0.09698283672332761,0.4320698082447054,-0.11930632591247563,0.5489864051342008,0.36673274636268616,-0.16938024759292636,0.46235089004039764,-0.2037055492401122,-0.08495587110519404,0.13060140609741233,-0.17527872323989868,0.13454896211624157
1656267507.png,0.13878637552261353,-0.10198552906513214,-0.006765782833099421,-0.036566406488418524,-0.017708629369735773,-0.04084098339080805,-0.07708379626274103,-0.014494806528091486,-0.09277153015136719,-0.01941624283790594,0.05403509736061096,0.04272721707820898,-0.05403509736061096,-0.04272721707820898,0.07880756258964544,0.2567363679409028,0.1631858348846435,0.3341432213783265,0.05279171466827387,-0.2569890618324281,0.06520026922225952,-0.25270339846611023,-0.10577192902565002,0.4294901192188262,-0.13037193566560745,0.5476415753364564,0.36286017298698414,-0.16532522439956654,0.3525534942746163,-0.018509209156036488,0.009141325950622559,0.0166243314743042,-0.04211807250976568,-0.04979729652404774
1656267508.png,0.14335439354181284,-0.07767699658870697,-0.004966020584106334,-0.03984451293945307,-0.015656799077987615,-0.043392181396484375,-0.07932564616203314,-0.030252665281295832,-0.08572307229042059,-0.03458711504936224,0.039332546293735504,0.035914853215217646,-0.039332546293735504,-0.03591485321521759,0.0846858024597168,0.2723579108715058,0.15089397132396692,0.35570257902145386,0.041506946086883545,-0.23669573664665228,0.04391437768936157,-0.256420761346817,-0.068466067314148,0.4838263094425202,-0.09225573390722272,0.5891522765159606,0.3507577776908875,-0.185369372367859,0.3440676108002664,-0.03921967744827293,-0.08811530470848083,0.191001534461975,-0.060692608356476,0.0021750330924990013
1656267509.png,0.14270555227994916,-0.08402973413467407,-0.00434759259223938,-0.033083170652389526,-0.01197174191474909,-0.03753286600112915,-0.07494142651557917,-0.03469303250312805,-0.0812938809394837,-0.04110997915267939,0.04776784032583234,0.04703563451766968,-0.04776784032583234,-0.04703563451766968,0.07608374953269964,0.25743094086647034,0.15325485169887537,0.34515663981437683,0.03732621669769293,-0.251089721918106,0.046000748872757014,-0.25339514017105097,-0.09407342970371241,0.45363113284111034,-0.1035168766975403,0.5767877399921416,0.3634288161993027,-0.18927204608917247,0.3287321478128433,-0.031987369060516135,-0.0856207013130188,0.18971908092498757,-0.06850531697273254,-0.009351372718811035
1656267510.png,0.14533264935016632,-0.0810997784137727,-0.0026179850101471502,-0.034871816635131725,-0.010969310998916681,-0.04094108939170826,-0.07693815231323231,-0.03532883524894709,-0.08542734384536743,-0.03854665160179138,0.042356863617897034,0.051007986068725586,-0.042356863617897034,-0.05100798606872564,0.08028599619865417,0.2445800304412843,0.15414288640022278,0.3424766659736634,0.03915628790855408,-0.24576371908187888,0.04605007171630854,-0.24870902299880976,-0.0921068787574768,0.43351316452026356,-0.10843363404273987,0.5552746653556824,0.37012645602226246,-0.17627662420272816,0.36098718643188477,-0.01896536350250244,-0.09001424908637995,0.1570727229118346,-0.061264485120773315,-0.04967767000198364
1656267511.png,0.14467326551675802,-0.08233645558357239,-0.0013309717178345837,-0.03410211205482483,-0.0101337730884552,-0.04058006405830389,-0.0757744312286377,-0.03623670339584345,-0.08554345369338995,-0.03996798396110535,0.04182545095682144,0.05250325798988342,-0.041825450956821414,-0.05250325798988337,0.08034250140190125,0.24297332763671875,0.15442089736461637,0.3437857031822204,0.04071295261383062,-0.2484436631202699,0.05263581871986395,-0.2543446123600006,-0.10293331742286682,0.4305977225303649,-0.10942071676254278,0.5524901747703552,0.3822605311870576,-0.17644041776657093,0.3622177690267564,-0.0436174273490908,-0.07257682085037237,0.13529205322265625,-0.04898130893707281,-0.04490017890930176
1656267512.png,0.14432454854249954,-0.07759688794612879,-0.0015254020690917969,-0.034789651632309015,-0.011072814464569092,-0.03979140520095831,-0.07531249523162842,-0.03393498063087458,-0.08561953902244562,-0.03995329141616821,0.042177654802799225,0.04577700793743139,-0.042177654802799225,-0.045777007937431335,0.08053547143936157,0.25627881288528415,0.15538935363292694,0.3460964262485504,0.039527773857116644,-0.24693757295608487,0.04420235753059387,-0.24976822733879078,-0.09126648306846616,0.4310858845710755,-0.10875239968299866,0.5540310442447662,0.36826810240745556,-0.16338688135147106,0.46636973321437836,-0.195062756538391,-0.09130194783210777,0.13111287355422963,-0.1533376574516297,0.11852753162384022
1656267513.png,0.14793982356786733,-0.07677112519741058,-0.0014018714427949108,-0.035152316093444824,-0.010258048772811945,-0.04004254937171936,-0.0754996240139007,-0.0346980094909668,-0.08515715599060059,-0.04032063484191889,0.03920235484838486,0.04424236714839935,-0.03920235484838486,-0.04424236714839935,0.08681830763816828,0.2584718167781829,0.15595166385173792,0.3427675962448119,0.03988695144653337,-0.24880045652389504,0.051126629114151056,-0.252212882041931,-0.09549073874950406,0.45391646027565,-0.1072937846183777,0.5716298818588257,0.3797677606344223,-0.18396687507629383,0.3584563881158828,-0.06376773118972778,-0.07143488526344294,0.156102657318115,-0.07003700733184809,-0.03991955518722534
1656267514.png,0.14788555353879929,-0.07657912373542786,-0.0016035735607147217,-0.03509962558746338,-0.010479569435119629,-0.039987325668334905,-0.07549998164176941,-0.03465688228607178,-0.08533689379692078,-0.04024246335029602,0.03893472999334335,0.043323189020156805,-0.03893472999334335,-0.043323189020156805,0.08808082342147827,0.2614464461803437,0.1555725485086441,0.3442117869853972,0.039136528968811035,-0.25090301036834717,0.05080053210258484,-0.25608670711517323,-0.09614862501621244,0.45150151848793024,-0.10867610573768618,0.5531347095966339,0.3798128217458724,-0.18013715744018544,0.3629617840051652,-0.04615581035614025,-0.0721563994884491,0.15592056512832642,-0.047848016023635975,-0.02862614393234264
1656267515.png,0.14699438959360117,-0.07427464425563812,-0.0008926987648010254,-0.03457242250442499,-0.009724259376525823,-0.040982842445373535,-0.0755727589130401,-0.037292420864105336,-0.08471623063087463,-0.04125618934631342,0.03820288926362991,0.0425235778093338,-0.03820288926362994,-0.0425235778093338,0.08809030055999756,0.2599062621593474,0.15467323362827304,0.3435688614845275,0.039149731397628784,-0.24767065048217762,0.04454347491264338,-0.25128224492073037,-0.08488804101943973,0.43178364634513833,-0.10861209034919735,0.5497911572456359,0.37051326036453247,-0.16191774606704679,0.35934241116046906,-0.0469287633895874,-0.07185161113739008,0.13402366638183572,-0.06944546103477478,-0.037037193775177
1656267516.png,0.14985603094100958,-0.07623520493507391,-0.0015277862548828125,-0.034483134746551514,-0.010157465934753529,-0.04055374860763544,-0.07640537619590765,-0.036493957042694036,-0.0851305723190307,-0.04035824537277216,0.03704804182052612,0.04206821322441101,-0.03704804182052612,-0.04206821322441101,0.08345884084701538,0.25822117924690235,0.15601015090942377,0.34162065386772145,0.04603132605552673,-0.246959626674652,0.043527960777282826,-0.25080570578575123,-0.09298320114612582,0.4522135555744171,-0.10647791624069215,0.5525659024715421,0.3791888505220412,-0.18199056386947632,0.35801798105239874,-0.05020529031753518,-0.06924363970756525,0.15738987922668446,-0.07069852948188793,-0.02281850576400757
1656267517.png,0.14520997554063797,-0.08440987765789038,8.696317672729492e-05,-0.03482809662818903,-0.00991672277450567,-0.04011490941047663,-0.07715967297554016,-0.03552046418189997,-0.08545163273811335,-0.04079246520996094,0.04264656454324722,0.051569029688835144,-0.042646564543247195,-0.0515690296888352,0.08131024241447449,0.24528461694717396,0.1561036556959152,0.3431521356105805,0.03788042068481445,-0.24957144260406483,0.04462602734565735,-0.24848794937133772,-0.10257342457771301,0.4362495541572571,-0.10800607502460485,0.5552281439304352,0.3791749179363251,-0.18328845500946056,0.4672051966190338,-0.19909268617630005,-0.06930646300315862,0.133012354373932,-0.16712799668312078,0.12076526880264282
1656267518.png,0.1456490531563758,-0.0850430279970169,-0.0013601779937743586,-0.0354955792427063,-0.010385632514953558,-0.04047286510467535,-0.076060801744461,-0.03513035178184515,-0.08558332920074457,-0.040615022182464544,0.04164610058069232,0.0498666912317276,-0.04164610058069232,-0.0498666912317276,0.08281958103179932,0.24609971046447743,0.1563758701086045,0.34217289090156544,0.03727853298187256,-0.24906224012374867,0.04267448186874395,-0.24899256229400635,-0.10122469067573547,0.4394409656524657,-0.1080507040023803,0.5545620620250701,0.37835851311683655,-0.18693476915359486,0.4664507061243056,-0.2018752098083496,-0.06947794556617737,0.157243251800537,-0.17684528231620783,0.10916972160339355
1656267519.png,0.1474260613322258,-0.07893191277980816,-0.0015055835247039795,-0.03444886207580561,-0.009576171636581421,-0.0405819416046142,-0.07707250118255615,-0.03739425539970398,-0.08554950356483454,-0.04061880707740784,0.03379162400960922,0.03650914132595062,-0.03379162400960925,-0.03650914132595062,0.09202206134796143,0.2623243033885954,0.15175823867321017,0.33433604240417475,0.03833234310150141,-0.24701857566833485,0.04224994778633118,-0.24929070472717285,-0.09274783730506897,0.45413711667060835,-0.11129981279373166,0.5435240268707273,0.38158121705055226,-0.18219232559204102,0.34052936732769,-0.05350041389465343,-0.08974662423133839,0.12990695238113414,-0.05381491780281061,-0.022467792034148837
1656267520.png,0.14971301704645157,-0.07626843452453613,-0.001799017190933172,-0.03593409061431885,-0.009960949420928955,-0.04046359658241272,-0.0767255723476411,-0.036201864480972235,-0.08426561951637268,-0.04125779867172241,0.03711012750864029,0.041549801826476995,-0.03711012750864029,-0.04154980182647705,0.09070649743080139,0.26101690530776983,0.15626098215579992,0.3433798551559447,0.037975311279296875,-0.24807524681091309,0.042832791805267334,-0.2516740560531617,-0.0938725620508194,0.4532454609870911,-0.10706862062215805,0.552099645137787,0.37852708995342255,-0.18437832593917836,0.34255758672952646,-0.05207878351211559,-0.06909877061843867,0.15760368108749379,-0.055144339799880815,-0.020926713943481334
1656267521.png,0.14526480436325073,-0.08451977372169489,-0.0018497705459594727,-0.0353151559829713,-0.010136693716049194,-0.039997369050979725,-0.07659047842025762,-0.03504148125648493,-0.08552297949790955,-0.04021432995796198,0.042127192020416315,0.04981595277786255,-0.04212719202041629,-0.04981595277786255,0.08146283030509938,0.24658328294754028,0.156328558921814,0.3431979417800902,0.03778824210166942,-0.24897456169128418,0.04332748055458063,-0.2490931749343871,-0.10177835822105413,0.43763786554336526,-0.10790168493986128,0.5532501935958863,0.3794506788253783,-0.18380427360534657,0.46685197204351425,-0.19925862550735496,-0.07226234674453724,0.1338919997215271,-0.1763534545898438,0.10858297348022472
1656267522.png,0.14910783618688586,-0.07797871530056,-0.00222176313400263,-0.03570148348808283,-0.00989195704460144,-0.04005837440490723,-0.07723271846771251,-0.03682065010070806,-0.08429229259490967,-0.04091921448707575,0.03859778493642804,0.042541518807411194,-0.03859778493642804,-0.042541518807411194,0.08984154462814331,0.26139158010482766,0.15736816823482508,0.3431015908718109,0.036995857954025324,-0.2501375079154966,0.04265341162681585,-0.2505082488059997,-0.08238834142684931,0.45174092054367065,-0.10713599622249603,0.5551774203777312,0.36628395318984985,-0.18348729610443104,0.466589719057083,-0.20156586170196522,-0.050821304321289174,0.13552546501159635,-0.1757408976554869,0.11003243923187245
1656267523.png,0.1480596736073494,-0.0785071849822998,-0.001732856035232544,-0.03548583388328552,-0.010285228490829523,-0.039929091930389404,-0.07648676633834839,-0.035350680351257324,-0.08497807383537287,-0.04014092683792114,0.03906688839197153,0.043127655982971136,-0.03906688839197156,-0.04312765598297119,0.08806410431861883,0.25961551070213323,0.15619002282619468,0.3449801504611968,0.03774374723434443,-0.24945282936096191,0.04358774423599243,-0.2525422871112823,-0.08390007913112635,0.45151796936988825,-0.10706453770399096,0.5708810985088348,0.36576436460018147,-0.18360328674316406,0.4651372507214546,-0.21670186519622792,-0.05098569393157959,0.15622276067733765,-0.1764461994171142,0.1083616018295287
1656267524.png,0.1490431129932404,-0.07725036144256597,-0.00173705816268932,-0.03543347120285034,-0.00991427898406988,-0.03991743922233576,-0.07685503363609308,-0.0364979505538941,-0.08551177382469177,-0.041175723075866755,0.03870144486427307,0.041683077812194824,-0.0387014448642731,-0.041683077812194824,0.08894923329353333,0.2611288726329803,0.15763115882873532,0.3416700065135955,0.038014292716980036,-0.250704288482666,0.04362377524375921,-0.25405389070510875,-0.0842338502407074,0.4512531459331511,-0.09236028790473938,0.5522786080837252,0.37050676345825195,-0.1833556890487672,0.45174700021743774,-0.19997090101242077,-0.05454632639884949,0.15579164028167747,-0.17590051889419556,0.10741907358169533
1656267525.png,0.15075323730707174,-0.07702824473381048,-0.002593457698822188,-0.03588649630546564,-0.009428888559341486,-0.0398243367671966,-0.07832393050193776,-0.03612288832664495,-0.08464056253433222,-0.03971233963966375,0.03612542897462839,0.04139557480812067,-0.03612542897462842,-0.04139557480812073,0.09252282977104193,0.260856419801712,0.15716002881526944,0.3422020971775054,0.03844392299652094,-0.24854546785354603,0.04273352026939392,-0.25110331177711476,-0.09184962511062617,0.45458796620368963,-0.10612227022647862,0.552893489599228,0.38005182147026073,-0.18539518117904674,0.34160986542701727,-0.05308628082275424,-0.06929063796997081,0.13276004791259788,-0.05587616562843328,-0.0223349928855896
1656267526.png,0.15039119124412537,-0.08143717050552368,-0.0033198893070220947,-0.034760624170303345,-0.013439208269119263,-0.03888174891471863,-0.07882490754127502,-0.031359672546386774,-0.08559629321098328,-0.03700596094131475,0.03612685203552246,0.04162153601646429,-0.03612685203552249,-0.04162153601646429,0.08731117844581604,0.25928661227226246,0.15044713020324704,0.34220758080482494,0.04495665431022644,-0.26201319694519043,0.05212000012397777,-0.26028797030448925,-0.09491075575351715,0.451537102460861,-0.11338588595390317,0.5523106157779692,0.3797304481267929,-0.18205612897872914,0.46692639589309703,-0.19737976789474476,-0.06945785880088806,0.13054776191711415,-0.15384903550148016,0.11411690711975087
1656267527.png,0.1504841893911361,-0.0839168727397917,-0.0033750236034392755,-0.03552117943763733,-0.01276630163192738,-0.039463430643081776,-0.07835888862609863,-0.03283667564392101,-0.08445730805397039,-0.038363307714462225,0.035561934113502475,0.0379589200019837,-0.035561934113502475,-0.03795892000198364,0.08236083388328552,0.260229378938675,0.15100285410881037,0.3385659754276277,0.04185572266578674,-0.2570131123065948,0.04341325163841242,-0.26041641831398005,-0.09271191060543063,0.4555387198925019,-0.11218431591987618,0.5477186143398286,0.3789548724889754,-0.1856873035430907,0.4676912426948546,-0.20017987489700317,-0.04880797863006564,0.130024492740631,-0.15590304136276234,0.11541080474853493
1656267528.png,0.14601640403270733,-0.10238648951053625,-0.004956632852554488,-0.031102478504180908,-0.013923645019531361,-0.03586477041244501,-0.0748219490051269,-0.030675172805786077,-0.08538216352462769,-0.03520411252975464,0.04726196825504303,0.04476751387119293,-0.04726196825504303,-0.04476751387119293,0.07642081379890442,0.2548929452896117,0.1574227213859558,0.32986196875572216,0.04207068681716919,-0.2624360918998717,0.05559122562408447,-0.2601796686649324,-0.09637470543384552,0.41373854875564564,-0.13804966583848,0.5178236067295074,0.3717261105775833,-0.15604883432388306,0.38983756676316256,-0.051134109497070424,-0.04903721809387207,0.1287212371826174,-0.008031904697418157,-0.00015997886657714844
1656267529.png,0.1350607201457023,-0.09570369124412531,-0.005755603313445934,-0.034142553806304876,-0.014213860034942571,-0.04193145036697388,-0.0721192359924317,-0.025492101907730214,-0.07580438256263733,-0.02900961041450506,0.060109756886959076,0.06080466508865362,-0.060109756886959076,-0.06080466508865362,0.061215400695800726,0.2047097682952882,-0.04889722168445587,0.32712668180465687,0.038896203041076716,-0.2345297932624818,0.31320813298225403,0.017407298088073953,-0.12295415997505188,0.4303016662597656,-0.13231801614165306,0.5559722185134889,0.32032757997512806,-0.01807665824890159,0.31627581641077995,-0.04061603546142589,0.03796589374542236,-0.0892105698585508,-0.009240955114364624,-0.07351678609848011
1656267530.png,0.1354340761899948,-0.08924494683742529,-0.005947679281234741,-0.03370675444602961,-0.012340039014816229,-0.04115900397300715,-0.07222208380699158,-0.027675598859786987,-0.07561513781547557,-0.030387312173843384,0.05921305716037745,0.05906711518764496,-0.059213057160377475,-0.0590671151876449,0.06381168961524969,0.2081162929534912,-0.051671400666236905,0.3336400091648101,0.03833609819412226,-0.23297768831253052,0.31221033632755285,0.015450775623321422,-0.10678020119667048,0.43286049365997314,-0.13019597902894023,0.5578931272029877,0.30238327383995056,-0.014658093452453613,0.31658065691590304,-0.03881204128265359,0.04117649793624878,-0.06827998161315918,-0.010323047637939342,-0.07213860750198398
1656267531.png,0.13534425944089884,-0.092565506696701,-0.005468517541885265,-0.033725857734680176,-0.0129441618919372,-0.041558802127838135,-0.07271653413772594,-0.027283191680908148,-0.0764960646629333,-0.029897212982177734,0.058945052325725555,0.06063497066497797,-0.058945052325725555,-0.06063497066497797,0.06263265013694758,0.20090293884277344,-0.0494619011878967,0.32495731115341187,0.03831854462623602,-0.23035234212875366,0.31468020379543304,0.024149656295776367,-0.11975353956222534,0.43372076749801625,-0.13268597424030304,0.5569133162498474,0.31884902715682983,-0.02473139762878418,0.31955045461654663,-0.06606137752532959,0.03614836931228638,-0.09245651960372914,0.0032292604446411133,-0.05463671684265148
1656267532.png,0.1347308680415153,-0.08944527804851532,-0.005834728479385376,-0.033395916223526,-0.013129532337188665,-0.04068714380264282,-0.07221078872680664,-0.026612043380737305,-0.07626348733901978,-0.029153078794479426,0.05930348485708237,0.05631123483181,-0.059303484857082395,-0.05631123483181005,0.06491735577583313,0.19962352514266957,-0.05074603855609891,0.33018085360527033,0.03602924942970276,-0.22142034769058216,0.3053325712680816,0.018870830535888894,-0.10704943537712097,0.4368392825126646,-0.1302533075213432,0.5555565059185028,0.28110173344612127,0.009628772735596036,0.3146480396389961,-0.03573453426361084,0.047944515943527055,-0.09259057044982921,-0.02589559555053711,-0.05750596523284912
1656267533.png,0.1357947364449501,-0.09111128747463232,-0.006846249103546198,-0.03418269753456116,-0.013084352016448975,-0.039832144975662176,-0.07303917407989496,-0.025825589895248302,-0.07618421316146856,-0.028873115777969416,0.05878383666276932,0.05691961944103241,-0.058783836662769345,-0.05691961944103241,0.06715816259384155,0.19925177097320557,-0.05222530663013458,0.3314364254474639,0.03481721878051769,-0.22288012504577637,0.30889448523521423,0.0177648663520813,-0.10729128122329715,0.43848609924316395,-0.13204524666070935,0.5590893924236296,0.28271257877349865,0.006779074668884388,0.3175996765494346,-0.04024064540863048,0.04792016744613642,-0.09284257888793934,-0.02798363566398615,-0.055662930011748935
1656267534.png,0.1362602561712264,-0.09081204235553741,-0.006429284811019731,-0.03432211279869074,-0.013346999883651622,-0.0405639111995697,-0.07323375344276434,-0.02535253763198858,-0.07705500721931463,-0.02856492996215826,0.05849091708660126,0.057080015540122986,-0.05849091708660126,-0.057080015540122986,0.062891036272049,0.20600736141204834,-0.05295073986053467,0.33178386092185974,0.038764297962188665,-0.23036730289459229,0.31107279658317566,0.015581369400024414,-0.10703694820404053,0.4371504783630372,-0.1322777420282364,0.5589713752269744,0.30381768941879284,-0.016542553901672474,0.3171144872903824,-0.04237365722656239,0.04043990373611439,-0.06919455528259288,-0.013549119234085083,-0.057989954948425404
1656267535.png,0.1368479505181313,-0.09143885970115656,-0.005819499492645375,-0.03428533673286438,-0.014180362224578913,-0.04095670580863958,-0.07350128889083862,-0.025404900312423706,-0.07756116986274719,-0.02868580818176264,0.058364011347293854,0.05714055895805353,-0.05836401134729388,-0.05714055895805353,0.06337803602218628,0.2069283723831179,-0.05211421847343442,0.3285747766494751,0.03904280066490179,-0.23258495330810547,0.3144304901361466,0.01829880475997947,-0.11955673992633822,0.43922317028045665,-0.13188872113823888,0.5567569136619568,0.30009935796260834,-0.001895904541015625,0.31481100991368294,-0.04359298944473289,0.04057934880256664,-0.1341238021850586,-0.007508277893066462,-0.07500797510147073
1656267536.png,0.13760484755039215,-0.09041891992092138,-0.006541699171066229,-0.03431963920593262,-0.013932168483734075,-0.04053264856338501,-0.07360059022903442,-0.02464741468429571,-0.07764396071434021,-0.02786073088645935,0.05768395960330963,0.056711181998252924,-0.057683959603309604,-0.056711181998252924,0.06499162316322332,0.2073459029197693,-0.053197294473648016,0.33089831471443165,0.03815466165542597,-0.22939127683639537,0.3147929310798645,0.017729222774505726,-0.10526356101036069,0.4383656382560729,-0.1321216896176338,0.5574471056461333,0.3026669919490814,0.0033489465713499866,0.31916267424821854,-0.042390763759612815,0.04033404588699341,-0.08965617418289185,-0.012938976287841908,-0.0732398033142091
1656267537.png,0.13726924359798426,-0.090567097067833,-0.006295263767242543,-0.03425407409667969,-0.014185458421707153,-0.04072806239128107,-0.07367968559265126,-0.024245530366897527,-0.07852351665496832,-0.027868986129760742,0.05755724012851715,0.05728651583194733,-0.05755724012851718,-0.05728651583194738,0.0664368867874145,0.20697051286697377,-0.05093206465244296,0.3320367634296419,0.036438047885894775,-0.2305030822753904,0.310757115483284,0.017181336879730003,-0.11725917458534246,0.43804973363876354,-0.13286131247878075,0.5571701228618622,0.3150314986705779,0.0033501386642458275,0.32004475221037865,-0.04014217853546165,0.030001997947692982,-0.08935666084289573,-0.031231790781021118,-0.05242615938186612
1656267538.png,0.13720754534006113,-0.09414981305599213,-0.006662279367446844,-0.034502863883972223,-0.013877809047698919,-0.0406000018119812,-0.07363232970237726,-0.025306135416030884,-0.07728558778762817,-0.028678297996520996,0.05903271585702896,0.060291096568107605,-0.05903271585702896,-0.06029109656810766,0.06160733103752136,0.2043112516403197,-0.051217973232269315,0.3307828605175019,0.038607180118560736,-0.23440122604370106,0.31314651668071747,0.015904903411865234,-0.10754939913749695,0.4444429874420167,-0.13223866373300552,0.5588687360286713,0.30689871311187744,-0.03440439701080322,0.31473880261182785,-0.0435202121734618,0.02265942096710194,-0.11009442806243908,-0.007647991180419977,-0.07426130771636974
1656267539.png,0.13864350318908691,-0.09209989011287684,-0.006580531597137507,-0.03579381108284008,-0.01406148076057434,-0.04203677177429205,-0.0738432109355926,-0.024795025587081854,-0.07805004715919495,-0.02801954746246338,0.058854103088378906,0.057388946413993835,-0.058854103088378934,-0.057388946413993835,0.06101521849632263,0.2062298059463501,-0.05022640526294703,0.3266386091709136,0.04050824046134949,-0.23333436250686657,0.3090401440858841,0.017629683017730713,-0.10718305408954626,0.43521839380264293,-0.13174688443541524,0.5576431453227998,0.3044984489679337,-0.019097864627838468,0.30361294373869896,-0.043953776359558216,0.03964203596115112,-0.07164800167083729,0.0033664405345917303,-0.07465046644210827
1656267540.png,0.1381224319338799,-0.09437341988086706,-0.006550639867782648,-0.034282654523849376,-0.014915466308593806,-0.041187196969985906,-0.07441127300262446,-0.024357140064239613,-0.07893809676170349,-0.027898728847503662,0.05842199176549906,0.06116996705532074,-0.05842199176549909,-0.061169967055320795,0.0613833367824555,0.20320308208465576,-0.051353603601455716,0.3246957361698149,0.039324104785919245,-0.23443210124969494,0.311900570988655,0.02330189943313621,-0.11984032392501823,0.43188369274139393,-0.13229026272892955,0.5576448142528532,0.3196723759174346,-0.02199357748031605,0.3139671422541141,-0.042419731616973766,0.037634313106536976,-0.07281357049942017,-0.00766113400459284,-0.07313156127929676
1656267541.png,0.13644223660230637,-0.09309308230876912,-0.00672343373298645,-0.034936815500259455,-0.01387315988540655,-0.04083755612373352,-0.07378199696540838,-0.02490615844726557,-0.07762831449508661,-0.02858749032020569,0.05945619195699692,0.059930428862571716,-0.05945619195699692,-0.05993042886257166,0.059476703405380305,0.20328032970428467,-0.05054165422916415,0.32434251904487604,0.04024776816368092,-0.2329481840133667,0.3125667870044708,0.021242141723632812,-0.10892462730407718,0.43292123079299927,-0.13098636642098427,0.5590356290340421,0.30722275376319896,-0.02140432596206665,0.30171479657292366,-0.045105814933776744,0.03717195987701405,-0.07247865200042714,-0.0017336308956146795,-0.05762553215026833
1656267542.png,0.15926893800497055,-0.06894764304161072,-0.006643742322921697,-0.0331584215164184,-0.011603266000747625,-0.03247165679931635,-0.06603661179542547,-0.024295866489410456,-0.07137051224708563,-0.03439199924469005,0.052505992352962494,0.05418121814727783,-0.05250599235296252,-0.054181218147277777,0.07228994369506841,0.19525474309921254,-0.05969077348709104,0.3186888694763183,0.06252849102020264,-0.20090478658676147,0.3292321711778641,0.014237403869629017,-0.11833594739437106,0.42176413536071766,-0.14365816116333005,0.5474905967712402,0.2671007663011552,0.022224128246307373,0.30762581527233124,-0.1403350830078126,0.07106354832649225,-0.1854225993156433,0.006249725818634033,0.003850281238555908
1656267543.png,0.16450132429599773,-0.04650576412677765,-0.0022626221179963824,-0.035587579011917114,-0.006043344736099243,-0.03312829136848455,-0.06779459118843068,-0.024961143732070812,-0.06756955385208141,-0.03113749623298634,0.04253430664539337,0.05625183880329132,-0.042534306645393344,-0.056251838803291265,0.07914945483207703,0.18341988325119019,-0.08389124274253842,0.3204503357410429,0.06272497773170471,-0.18191856145858776,0.3060239255428315,0.01953035593032859,-0.13384363055229181,0.40880513191223133,-0.18678577616810796,0.5314922630786896,0.2879868149757386,-0.18089491128921487,0.330722589045763,-0.10081547498703003,0.021918058395385798,0.006230056285857932,0.10303416848182678,-0.07876342535018932
1656267544.png,0.16331379115581518,-0.05212174355983734,-0.004991739988327082,-0.03417289257049555,-0.00769037008285528,-0.034492999315261896,-0.06797000765800482,-0.024500161409378107,-0.06866973638534557,-0.024898529052734264,0.0422054678201676,0.05585198104381561,-0.0422054678201676,-0.05585198104381561,0.07764118909835804,0.18056857585906982,-0.08367983996868128,0.3187180459499358,0.06457686424255366,-0.1783229112625122,0.3113683611154557,-0.21109843254089344,-0.13357526063919073,0.4159718155860901,-0.17114238440990442,0.5545400679111478,0.28611490130424505,-0.1861693263053894,0.3092174977064133,-0.1486425995826719,0.0142298042774201,0.012195229530334473,-0.016722738742828425,-0.08069157600402832
1656267545.png,0.1656299829483031,-0.052911832928657476,-0.005787223577499279,-0.034004032611847035,-0.008080482482910156,-0.03330469131469732,-0.06641125679016113,-0.0248701274394989,-0.06766167283058167,-0.025339543819427435,0.040681153535842896,0.05502106249332428,-0.04068115353584292,-0.055021062493324335,0.08150428533554066,0.18141478300094604,-0.08107857406139377,0.3152520358562469,0.06425458192825323,-0.17725586891174316,0.309361919760704,-0.20844596624374379,-0.13000728189945226,0.42999976873397827,-0.1697657145559788,0.555824488401413,0.28318504989147186,-0.20013296604156494,0.3094795979559421,-0.15413701534271262,0.027755647897720392,0.011292576789855846,0.01690110564231878,-0.009032845497131126
1656267546.png,0.16531824320554733,-0.05286933481693268,-0.005573868751525879,-0.03483501076698303,-0.0081728994846344,-0.0342117846012116,-0.0669931173324585,-0.024488925933837835,-0.06844919919967646,-0.025171726942062322,0.041878752410411835,0.05548156797885884,-0.041878752410411835,-0.05548156797885889,0.08155375719070435,0.18384087085723866,-0.08188512921333313,0.31576946377754206,0.0629830956459046,-0.1828978061676022,0.310532197356224,-0.2094264030456543,-0.13152450323104858,0.4320909380912782,-0.169512577354908,0.5575995743274687,0.27672547101974493,-0.06739258766174294,0.30835696309804916,-0.1336601972579956,0.034490406513214,-0.12385529279708896,0.002086073160171509,-0.015875279903411643
1656267547.png,0.16391914337873453,-0.050789520144462696,-0.003645390272140503,-0.03521406650543207,-0.006983309984207153,-0.034453332424163874,-0.06715983152389515,-0.025944530963897816,-0.06765213608741755,-0.02619308233261114,0.04142104834318161,0.053858742117881775,-0.04142104834318158,-0.053858742117881775,0.08190283179283137,0.18319398164749123,-0.07933573424816134,0.3144283592700958,0.0633966624736787,-0.1795552372932433,0.3084185123443604,-0.20955920219421398,-0.13029268383979797,0.4310535192489624,-0.16873183101415637,0.5531768500804898,0.27607101202011114,-0.033859610557556374,0.30853999406099314,-0.1277140974998473,0.0332236886024474,-0.1530342102050779,0.0038874745368958075,-0.018013954162597545
1656267548.png,0.16244632750749582,-0.052781715989112965,-0.004455775022506714,-0.03439965844154336,-0.008087486028671265,-0.03472974896430958,-0.06846770644187922,-0.026918023824691883,-0.07045540213584894,-0.02932617068290716,0.043209262192249354,0.05488337576389313,-0.043209262192249326,-0.05488337576389307,0.07783043384551996,0.18203020095825184,-0.07967877388000486,0.3152540028095246,0.06440281867980963,-0.18081486225128163,0.30911149084568024,-0.21002697944641135,-0.13298171758651736,0.43078136444091775,-0.16958888620138166,0.5553289949893954,0.284015029668808,-0.2011510133743284,0.31056097894907,-0.15383422374725364,0.02177068591117859,0.007465481758117676,-0.014757633209228516,-0.06133580207824729
1656267549.png,0.16054921597242355,-0.055966004729270935,-0.0030769705772400457,-0.034578919410705566,-0.009012371301651001,-0.036304652690887396,-0.06914198398590088,-0.026475518941879272,-0.07424333691596985,-0.03173735737800609,0.04410316795110708,0.05747811496257782,-0.04410316795110705,-0.057478114962577875,0.08244445919990534,0.1702396273612976,-0.07631561160087585,0.3152036964893343,0.05873459577560425,-0.17416954040527344,0.29532290995121,0.01728665828704823,-0.13329234719276437,0.42867690324783325,-0.16499047726392743,0.5570116341114044,0.29176655411720276,-0.065890073776245,0.3069635108113289,-0.12805581092834462,0.018468350172042902,-0.12488317489624035,0.0033519864082336426,-0.020446479320526012
1656267550.png,0.1601609811186791,-0.055198103189468384,-0.003043025732040461,-0.03478109836578369,-0.008341372013092041,-0.03643766045570379,-0.07001829147338867,-0.026525974273681696,-0.07465451955795294,-0.03173196315765375,0.043688319623470306,0.05623820424079895,-0.04368831962347028,-0.056238204240798895,0.07857033610343928,0.18034857511520386,-0.0795046538114548,0.31432723999023443,0.0631119310855866,-0.18271350860595703,0.3005307018756866,0.017211675643920676,-0.13276863098144528,0.4273048639297483,-0.16575790941715243,0.5543370246887205,0.2909502387046813,-0.10269635915756192,0.3085344135761261,-0.1275852322578429,0.018528282642364502,-0.08539742231369041,0.017702132463455145,-0.03593844175338745
1656267551.png,0.16054375469684595,-0.05654995143413538,-0.0038730800151824396,-0.03423845767974848,-0.011067181825637762,-0.03500628471374517,-0.06956312060356135,-0.024712175130844116,-0.07208502292633057,-0.029427468776702825,0.04400227963924408,0.05582658946514135,-0.04400227963924408,-0.05582658946514135,0.08264431357383734,0.1737288236618042,-0.0772889256477356,0.31435963511467,0.058338016271591076,-0.17522060871124256,0.30778026580810547,-0.21041715145111095,-0.13127657771110537,0.42889714241027854,-0.1649329550564289,0.5556657016277314,0.2907576858997345,-0.10586726665496837,0.31878318265080446,-0.13367676734924328,0.018284261226654053,-0.08282333612442039,0.007210820913314819,-0.03096604347229004
1656267552.png,0.16116570681333542,-0.05464698374271387,-0.0033579766750335693,-0.034676432609558105,-0.007103294134139959,-0.03589051961898804,-0.06705215573310852,-0.025421470403671265,-0.07208186388015758,-0.028425604104995672,0.04230114072561264,0.05600936710834503,-0.04230114072561261,-0.056009367108344976,0.08593177795410156,0.17333847284317028,-0.07785552740097049,0.3145301043987275,0.058000445365905706,-0.1746208667755128,0.3081731647253037,-0.21010160446166992,-0.13086627423763275,0.4290980100631713,-0.16708497330546382,0.5551866590976715,0.29281531274318695,-0.10602593421936002,0.3215131424367428,-0.1324141025543214,0.019638985395431574,-0.08306634426116954,0.005177199840545599,-0.03071540594100941
1656267553.png,0.1592477411031723,-0.056338220834732,-0.002273082733154297,-0.03358104825019842,-0.011205881834030151,-0.03549051284790039,-0.06722572445869446,-0.02470695972442627,-0.07001775503158575,-0.03327032923698431,0.044138506054878235,0.05751731991767883,-0.04413850605487826,-0.05751731991767883,0.08278509974479681,0.170329451560974,-0.07672201097011563,0.3147669434547423,0.05842757225036621,-0.1752868890762328,0.29872693121433264,0.018125176429748535,-0.13206835091114047,0.42927855253219616,-0.16374649479985234,0.5580642223358154,0.29183579981327057,-0.10638904571533225,0.3076059706509114,-0.12938857078552246,0.034014046192169245,-0.08525919914245594,0.018332481384277233,-0.03591972589492809
1656267554.png,0.1597657650709151,-0.0561532080173493,-0.0024007558822630726,-0.03380540013313288,-0.010306447744369396,-0.03543674945831293,-0.06913039088249212,-0.02584418654441828,-0.07014322280883795,-0.0328502357006073,0.04409344494342804,0.057168036699295044,-0.04409344494342804,-0.0571680366992951,0.08354160189628601,0.17152714729309082,-0.07980680465698245,0.31507176160812395,0.057516783475875854,-0.17611956596374512,0.30251234769821167,0.017211735248565563,-0.13110780715942383,0.4253605604171753,-0.16355208307504654,0.5544478297233579,0.29131674766540533,-0.061748504638671764,0.3194908872246742,-0.13034546375274614,0.03508296608924871,-0.12560391426086448,0.0069259703159332275,-0.032240211963653786
1656267555.png,0.1421770676970482,-0.08124010264873505,-0.0027245283126831055,-0.03173545002937317,-0.013041436672210749,-0.039296686649322454,-0.06525981426239014,-0.030832290649414062,-0.08151948451995844,-0.039603292942047175,0.06992172449827194,0.053549155592918396,-0.06992172449827194,-0.05354915559291845,0.06837892532348633,0.20820224285125732,-0.034856662154197665,0.3253407180309295,0.042538791894912664,-0.20853674411773693,0.31394633650779713,0.008091211318969949,-0.10862049460411069,0.409790337085724,-0.1074097380042076,0.5401184260845184,0.37789881229400635,-0.20590800046920776,0.3005769923329353,-0.1318148374557493,-0.03668338060379028,0.07261908054351807,0.025638878345489557,-0.008285343647003396
1656267556.png,0.12166157364845284,-0.11602872610092152,0.013441741466522161,-0.021677672863006592,-0.022543996572494562,-0.043545871973037775,-0.02307489514350891,0.015144169330596813,-0.07783660292625427,-0.002369314432144165,0.07128217816352841,0.05633637309074396,-0.07128217816352841,-0.05633637309074396,0.06208178400993353,0.20174235105514537,-0.03519412875175476,0.32070285081863403,0.05427634716033941,-0.21203500032424927,0.23960891366004944,-0.02423727512359608,-0.10430181026458735,0.4107627272605897,-0.11525020748376846,0.5180257558822631,0.26743406057357794,-0.16614800691604614,0.28916845470666885,-0.105848729610443,0.0752121210098266,0.059585392475128174,0.03326976299285883,0.001876831054687389
1656267557.png,0.14033639430999761,-0.07785730063915258,-0.004549175500869751,-0.0328564047813415,-0.010777562856674305,-0.040172815322875866,-0.06694418191909801,-0.03215661644935608,-0.07414424419403076,-0.03865468502044683,0.06425023078918457,0.05363266170024872,-0.0642502307891846,-0.053632661700248774,0.06397813558578497,0.21143686771392822,-0.04115256667137143,0.32353696227073653,0.04508534073829645,-0.22043395042419434,0.31498971581459034,0.0069147348403932885,-0.09374335408210752,0.41460055112838723,-0.10834807157516477,0.5463325679302216,0.29184427857399,-0.0643007159233091,0.28548720479011536,-0.09560692310333241,0.04789769649505604,-0.04244351387023915,0.01371583342552185,-0.03539663553237937
1656267558.png,0.1418443247675895,-0.07935604453086859,-0.004832357168197521,-0.03268513083457936,-0.010949492454528753,-0.03995439410209656,-0.06736510992050176,-0.03281047940254217,-0.0745270848274231,-0.03935363888740534,0.06318401545286179,0.05407270789146423,-0.06318401545286176,-0.05407270789146423,0.06600296497344971,0.20648032426834095,-0.04309853911399844,0.31937789916992176,0.04539266228675848,-0.21658819913864125,0.31700493395328516,0.011808693408966286,-0.10532869398593903,0.4144833087921145,-0.10978700965642932,0.5308337807655336,0.25079254806041723,0.03205752372741699,0.2870358303189277,-0.10469609498977683,0.0908717811107635,-0.14266598224639915,0.013207793235778864,-0.01355689764022816
1656267559.png,0.14040524512529373,-0.07894977927207952,-0.0039747655391693115,-0.03208759427070618,-0.011795014142990112,-0.04032826423645014,-0.06575438380241394,-0.03143203258514399,-0.07656484842300415,-0.039293199777603205,0.0642707422375679,0.05334791541099548,-0.0642707422375679,-0.05334791541099548,0.06803804636001592,0.20711272954940774,-0.0430182218551636,0.31930571794509877,0.041149139404296875,-0.21703696250915494,0.3192913979291917,0.014701604843139648,-0.1059403270483017,0.41905272006988536,-0.10912948101758957,0.5333741307258607,0.25016079843044275,0.027143359184265026,0.28811467438936234,-0.1087278723716737,0.08446311950683588,-0.154296875,0.013163000345230158,-0.013679325580596924
1656267560.png,0.1413829699158668,-0.07930405437946325,-0.005255490541458074,-0.03144055604934681,-0.010950207710266113,-0.0381439626216889,-0.06642758846282959,-0.032568722963333185,-0.0740507543087005,-0.03867876529693598,0.06433743983507156,0.05107147991657257,-0.06433743983507154,-0.05107147991657257,0.07163935899734492,0.2021884322166443,-0.04062898457050329,0.32038220763206493,0.03784900903701788,-0.2098959684371947,0.3149009943008424,0.010145246982574352,-0.10775801539421082,0.40980857610702526,-0.10782431066036226,0.5305868685245514,0.2793152928352357,-0.1663922667503358,0.28880643844604487,-0.10370039939880371,0.06267303228378285,0.06922799348831166,0.011859655380249023,-0.012889564037323109
1656267561.png,0.14173449575901026,-0.07896301150321955,-0.004923164844512884,-0.03161722421646124,-0.011496812105178722,-0.038710534572601374,-0.06637388467788696,-0.03153601288795471,-0.07494497299194341,-0.03862562775611872,0.06384070217609406,0.05108970403671276,-0.06384070217609406,-0.0510897040367127,0.0691271722316742,0.20752722024917591,-0.041235923767089844,0.322278380393982,0.0411621630191803,-0.21377408504486084,0.3152633905410766,0.008434832096099965,-0.10554522275924685,0.4098857045173644,-0.10713912546634674,0.5318112969398499,0.2801288366317749,-0.1665896177291869,0.28764547407627095,-0.12432706356048584,0.05775576829910278,0.054555535316467174,0.01095375418663036,0.006805539131164551
1656267562.png,0.1407212540507316,-0.0788359642028808,-0.004446953535079956,-0.03266522288322454,-0.01144543290138239,-0.04001989960670471,-0.06669884920120234,-0.03152757883071894,-0.0756489634513855,-0.03884479403495794,0.06342601031064993,0.053855419158935436,-0.0634260103106499,-0.05385541915893549,0.06784802675247176,0.2035061717033385,-0.04162643849849698,0.31734991073608393,0.04229086637496959,-0.21376603841781594,0.3179921805858612,0.01504373550415039,-0.10929875075817114,0.4189491868019104,-0.11999706923961638,0.5327123999595642,0.2848292142152786,-0.1073629856109618,0.2854694724082946,-0.12240445613861073,0.04709500074386597,-0.0071659088134766735,0.007914781570434626,0.02135246992111206
1656267563.png,0.1401267126202584,-0.07713216543197632,-0.0036600828170777477,-0.0340664386749267,-0.011350452899932917,-0.04188412427902227,-0.06700578331947321,-0.033114284276962336,-0.07670089602470404,-0.04058033227920527,0.06551525741815567,0.05476549267768871,-0.06551525741815567,-0.054765492677688654,0.061490714550018255,0.20906394720077492,-0.041772335767746,0.32049733400344843,0.04637706279754644,-0.21967983245849598,0.32702915370464325,0.011741578578948975,-0.11047531664371493,0.42093563079833973,-0.11998532712459564,0.5470800399780278,0.28371833264827717,-0.06990313529968273,0.2873592972755432,-0.11827015876770075,0.04576602578163158,-0.050803422927856334,0.007447004318237249,0.0038614869117736816
1656267564.png,0.13851393759250644,-0.07630844414234161,-0.0035241246223449707,-0.03445127606391901,-0.010760337114334051,-0.04206326603889465,-0.06561705470085144,-0.03348836302757274,-0.07517397403717047,-0.04073894023895264,0.06458179652690885,0.054108843207359314,-0.06458179652690885,-0.05410884320735937,0.06225034594535839,0.21129322052001953,-0.0418524444103241,0.32384869456291204,0.04730343818664551,-0.22057175636291504,0.3211879134178162,0.009201288223266602,-0.10909019410610199,0.42104268074035633,-0.11985078454017639,0.5478240549564364,0.2843858152627945,-0.06771910190582264,0.2866632342338562,-0.11801820993423495,0.05781778693199152,-0.029818058013916016,0.0063848793506622314,0.0038028359413146973
1656267565.png,0.161358043551445,-0.06984902918338781,-0.008787184953689464,-0.03690159320831299,-0.013458877801895142,-0.03559020161628729,-0.06694304943084728,-0.023691833019256592,-0.07289117574691772,-0.033079147338867076,0.05826769769191742,0.05671359598636633,-0.05826769769191745,-0.05671359598636633,0.06976792216300964,0.20189130306243863,-0.0495649129152298,0.3238480985164641,0.057631164789199774,-0.21275746822357156,0.329333558678627,0.0031831860542298474,-0.1251952648162842,0.4201579689979551,-0.13473025709390637,0.5486117303371429,0.23785874247550962,-0.02953433990478538,0.3040339723229408,-0.14491897821426392,0.09358394145965582,-0.1362773776054379,0.004384934902191218,0.006823420524597168
1656267566.png,0.1639123037457466,-0.06802885234355932,-0.008244633674621638,-0.03697279095649719,-0.012829065322875921,-0.03446117043495173,-0.06872019171714777,-0.025469988584518377,-0.07221764326095587,-0.03469404578208923,0.05938304215669632,0.05536089837551117,-0.059383042156696375,-0.055360898375511225,0.06680023670196533,0.2039579153060912,-0.051059439778327886,0.3237421810626984,0.060643583536148016,-0.21308284997940052,0.3305716514587401,0.006650686264038086,-0.12365564703941348,0.4216749668121339,-0.13327767699956888,0.5192371308803558,0.25018638372421265,-0.12159585952758811,0.2928154543042183,-0.11666876077651989,0.0540879368782044,-0.03946042060852051,-0.021892189979553223,-0.02396678924560547
1656267567.png,0.16356693208217615,-0.06712803244590754,-0.007615298032760565,-0.0373926162719726,-0.012770801782607977,-0.03515908122062689,-0.06942942738533026,-0.026827245950698964,-0.07217469811439514,-0.03714644908905035,0.05896233022212982,0.055479973554611206,-0.05896233022212982,-0.05547997355461126,0.06690728664398188,0.20433706045150746,-0.050779178738594055,0.3221654295921325,0.06112143397331243,-0.21415644884109486,0.3301380127668381,0.00809067487716697,-0.12227047979831698,0.4204655885696408,-0.13317910954356194,0.5339463949203491,0.26444007456302643,-0.14933037757873502,0.2911480776965618,-0.18361473083496083,0.039469957351684626,-0.011526286602020264,-0.007394760847091619,0.0033888816833497204
1656267568.png,0.16211763024330134,-0.06667767465114588,-0.006957501173019298,-0.03805550932884222,-0.01238316297531128,-0.03641197085380565,-0.06982222199440002,-0.030194908380508367,-0.07233202457427967,-0.03908577561378468,0.059372574090957586,0.055949255824088995,-0.059372574090957586,-0.055949255824088995,0.06482857465744024,0.2010364532470703,-0.05028834939002996,0.32275375723838806,0.06279501318931574,-0.21190637350082386,0.33125764131546015,0.007429361343383678,-0.10984471440315241,0.42160242795944236,-0.1311852931976319,0.5501047074794769,0.2537252008914947,-0.15115952491760265,0.29236114025115967,-0.12902474403381348,0.050726681947708074,0.0037305355072021484,0.01610672473907465,-0.012463808059692494
1656267569.png,0.14143365621566767,-0.1430261135101319,-0.012442141771316528,-0.03531986474990839,-0.022444605827331487,-0.03595411777496332,-0.07551249861717219,0.009138047695159912,-0.08705143630504608,0.00933617353439331,0.08012324571609497,0.04130038619041443,-0.08012324571609497,-0.04130038619041437,0.0821917355060578,0.21465444564819336,-0.008575685322284712,0.316935360431671,0.04271170496940607,-0.19572985172271717,0.2457593753933906,-0.005613684654235729,-0.08669938147068024,0.4564564824104308,-0.07160250097513199,0.5640026926994324,0.23278678953647608,-0.08032965660095215,0.2760881558060646,-0.11785525083541881,0.06896993517875666,-0.04218411445617665,0.036797195672988836,-0.026598751544952504
1656267570.png,0.12265084683895108,-0.17174072563648224,-0.012582898139953613,-0.03467020392417908,-0.028573602437973078,-0.035969614982605036,-0.06748953461647034,0.008942455053329468,-0.09550900757312766,0.01965203881263733,0.0711680203676224,0.021928355097770635,-0.0711680203676224,-0.021928355097770635,0.11811992526054371,0.24114066362380976,0.22272098064422602,0.28520181775093073,0.0018312633037567694,-0.25453743338584883,0.011730343103408869,-0.2565222382545471,-0.08570821583271032,0.41682624816894503,-0.05290783941745758,0.4857307374477385,0.37858472764492035,-0.15736907720565751,0.48102112114429474,-0.17351430654525746,-0.010401427745819203,0.10356771945953347,-0.129882514476776,0.11309421062469482
1656267571.png,0.15680009871721268,-0.09955880045890814,-0.008913576602935791,-0.03669631481170649,-0.01552316546440119,-0.0373939573764801,-0.08304110169410706,-0.01655617356300354,-0.0896567702293396,-0.018739461898803655,0.03487587720155713,0.0438438355922699,-0.03487587720155716,-0.0438438355922699,0.10599943995475772,0.2541927099227905,0.16618441045284277,0.32885479927063,0.03881612420082098,-0.2780645191669464,0.04984942078590382,-0.27081695199012773,-0.09542965888977051,0.438216269016266,-0.09879891574382782,0.537205636501312,0.39421111345291127,-0.19223707914352428,0.46616584062576283,-0.20300126075744596,-4.094839096058234e-05,0.13566994667053234,0.00841587781906139,0.01301562786102295
1656267572.png,0.14760232716798782,-0.09650446474552149,-0.009321361780166626,-0.03418219089508062,-0.017356812953948864,-0.035115897655487116,-0.07965940237045283,-0.02589067816734314,-0.08757162094116211,-0.029125869274139404,0.04942367225885391,0.04416842758655548,-0.049423672258853885,-0.044168427586555536,0.08157226443290716,0.23307931423187256,0.16406501829624173,0.31781712174415594,0.032107234001159723,-0.2517904639244079,0.04983106255531311,-0.25460341572761536,-0.11226066946983332,0.3918898105621338,-0.11415750905871389,0.5054847300052641,0.3778655230998993,-0.14990562200546265,0.34336018189787865,-0.031805694103240634,-0.04204854369163519,0.14528244733810425,-0.030370503664016724,0.007824480533599742
1656267573.png,0.1485269442200661,-0.09494011104106903,-0.008281558752059992,-0.03377160429954529,-0.01655778288841253,-0.03540179133415222,-0.07854369282722473,-0.02723109722137451,-0.08716949820518499,-0.03029009699821472,0.04830525070428851,0.04480831325054169,-0.04830525070428851,-0.04480831325054169,0.07868167757987965,0.2296285629272461,0.16495995223522192,0.3179294764995575,0.03707286715507513,-0.25129458308219915,0.04868900775909418,-0.25625595450401306,-0.11142352223396304,0.4050765037536621,-0.11478250101208687,0.5088500678539273,0.3773006498813629,-0.1626758575439453,0.35553303733468045,-0.033548176288604514,-0.06223896145820629,0.14056289196014404,-0.04351168870925887,0.005780756473541371
1656267574.png,0.14830815047025683,-0.09481476247310633,-0.0077745020389556885,-0.033728837966919,-0.0166454017162323,-0.03520679473876959,-0.07827258110046387,-0.026973068714141846,-0.08663114905357366,-0.030433237552642878,0.047723911702632876,0.04686848819255829,-0.047723911702632876,-0.04686848819255823,0.07849493622779852,0.2273874282836914,0.16488845646381373,0.31946507096290594,0.03814655542373652,-0.24943313002586376,0.048896074295044,-0.2545496821403506,-0.11043925583362574,0.38528209924697876,-0.11517741903662682,0.5070072114467621,0.3776184767484664,-0.1445887088775636,0.3553155474364757,-0.05811399221420288,-0.07803726196289051,0.11986565589904785,-0.05391636490821827,-0.001371145248413197
1656267575.png,0.15277741849422455,-0.0946436077356338,-0.008142322301864624,-0.0335779488086701,-0.016450166702270508,-0.03505483269691473,-0.07871446013450623,-0.027806520462036133,-0.08722949028015137,-0.03061732649803156,0.04241369664669037,0.04335717856884003,-0.04241369664669037,-0.04335717856884008,0.08749425411224365,0.23063206672668446,0.16385704278945917,0.31640550494194036,0.03824520111083979,-0.2504200339317321,0.04865339398384094,-0.2555679976940155,-0.10181465744972229,0.3925972580909729,-0.11468834429979324,0.5066392123699186,0.3769508600234984,-0.14926761388778687,0.3536604419350624,-0.03416758775711015,-0.07840219140052779,0.14478582143783558,-0.04280292987823486,-0.010743319988250954
1656267576.png,0.1532150954008103,-0.09461958706378931,-0.007915109395980946,-0.033894479274749756,-0.016414850950241144,-0.03540927171707153,-0.07878851890563965,-0.027210950851440374,-0.08735102415084839,-0.030945479869842585,0.04242907464504242,0.04482252895832056,-0.04242907464504242,-0.04482252895832056,0.08864498138427734,0.22982585430145264,0.1648273468017578,0.31778600811958313,0.037379294633865356,-0.25827136635780334,0.04805451631546015,-0.2562620043754577,-0.10045492649078372,0.38988733291625977,-0.1151343323290348,0.5068612396717072,0.37595734000205994,-0.14853972196578957,0.47693023458123207,-0.17591649293899547,-0.07803991436958307,0.1251375675201416,-0.16574519872665405,0.1319536566734314
1656267577.png,0.14814376831054688,-0.0960622131824494,-0.007324278354644775,-0.033496528863906805,-0.01620057225227356,-0.035623311996459905,-0.07777374982833862,-0.027353376150131226,-0.08764100074768066,-0.030914098024368286,0.047323524951934814,0.044657617807388306,-0.047323524951934814,-0.04465761780738825,0.07877913117408747,0.2271134853363036,0.16485804319381714,0.31544739007949824,0.038419812917709295,-0.24968174099922175,0.04860830307006836,-0.25474449992179865,-0.11015075445175171,0.40242815017700195,-0.11453062668442725,0.5062096714973452,0.3775506019592285,-0.16166704893112183,0.35393223538994795,-0.032842159271240234,-0.07872617244720465,0.14249056577682484,-0.04276466369628912,-0.011566281318664773
1656267578.png,0.14877314120531077,-0.09688803553581238,-0.008089601993560736,-0.033497154712677,-0.01617074012756342,-0.03538289666175842,-0.07878121733665466,-0.027273893356323242,-0.08801764249801636,-0.029790043830871582,0.048535145819187164,0.044042229652404785,-0.048535145819187164,-0.044042229652404785,0.07762709259986877,0.22787213325500488,0.16611967980861664,0.31325560808181774,0.038426667451858465,-0.2509350776672364,0.04892849922180176,-0.25399115681648265,-0.11026389896869662,0.4014451503753662,-0.1132354885339737,0.5051258206367492,0.3779192715883255,-0.16272562742233287,0.3547594547271729,-0.03255927562713612,-0.07978186011314392,0.1432279348373413,-0.04268145561218267,-0.011660099029540905
1656267579.png,0.14660590887069702,-0.09439416229724873,-0.006263852119445745,-0.033855646848678644,-0.01633304357528681,-0.03607827425003063,-0.07785725593566895,-0.0273076593875885,-0.08726435899734492,-0.03067761659622187,0.047180891036987305,0.04529859125614161,-0.04718089103698728,-0.04529859125614161,0.0785715281963349,0.22725820541381836,0.16533637046813968,0.3156006634235383,0.04012766480445862,-0.2563548982143401,0.04886230826377874,-0.25432404875755327,-0.10952773690223691,0.38680487871170055,-0.11480666324496266,0.5062337815761564,0.3790591061115264,-0.14847880601882935,0.3532979302108287,-0.03394508361816373,-0.10158661007881148,0.12122678756713867,-0.04155880212783808,-0.011682450771331898
1656267580.png,0.1527383625507354,-0.09494039416313171,-0.007649064064025879,-0.034268796443939264,-0.015606462955474854,-0.035920023918151855,-0.07872724533081055,-0.027955621480941717,-0.0877466201782226,-0.030761659145355225,0.04336377978324893,0.043654680252075195,-0.04336377978324893,-0.043654680252075195,0.08724239468574524,0.22802066802978505,0.16637510061264038,0.3141394257545471,0.03828713297843922,-0.25028124451637257,0.04823502898216253,-0.25467583537101746,-0.10208304226398474,0.4032421112060547,-0.11408981308341026,0.5048006176948548,0.3785383850336075,-0.16343754529953003,0.3543003760278225,-0.03275346755981434,-0.08024418354034424,0.1452903151512146,-0.042657375335693415,-0.008956074714660978
1656267581.png,0.15254148095846182,-0.0961824655532838,-0.0077623724937440075,-0.03385627269744873,-0.015693068504333607,-0.03590399026870722,-0.07816290855407709,-0.027489066123962347,-0.08750671148300165,-0.030309677124023438,0.04291924089193344,0.0447604358196258,-0.04291924089193344,-0.0447604358196258,0.08908438682556152,0.23534154891967773,0.16760931909084315,0.31688660383224476,0.037002682685851995,-0.259499877691269,0.04677820205688482,-0.2562020421028137,-0.10233967006206512,0.4038189649581907,-0.11391270905733109,0.5075371861457824,0.3774036020040513,-0.16345810890197732,0.3547157868742942,-0.036076784133911244,-0.05880138278007524,0.1437948942184447,-0.04302260279655451,-0.01215940713882424
1656267582.png,0.14757004380226138,-0.09573331475257874,-0.007662296295166016,-0.03371185064315796,-0.015509694814682007,-0.035578131675720215,-0.07841965556144714,-0.027068078517913763,-0.08736354112625111,-0.029641240835189875,0.047305047512054416,0.044364452362060436,-0.047305047512054416,-0.04436445236206049,0.07792633771896368,0.22719305753707897,0.16563189029693598,0.3144598007202149,0.038811832666397095,-0.25069409608840953,0.0481422245502473,-0.25448131561279314,-0.11002899706363672,0.3866334557533263,-0.11460817605257034,0.5046114921569822,0.3755831867456437,-0.14739775657653775,0.35579685121774673,-0.05924791097640991,-0.07882133126258861,0.12883633375167824,-0.0440745353698731,0.015999436378479115
1656267583.png,0.15152735263109213,-0.09528602659702307,-0.007631450891494862,-0.033787846565246527,-0.015853613615036066,-0.036004781723022405,-0.0779058039188385,-0.02792215347290039,-0.08690816164016724,-0.030489802360534668,0.0432710126042366,0.04383377730846405,-0.0432710126042366,-0.043833777308464106,0.08689048886299133,0.22839534282684315,0.1681489497423172,0.31769964098930364,0.03809773921966553,-0.2501792013645172,0.04593396186828613,-0.2569889426231384,-0.10328733921051025,0.40278714895248413,-0.11460180580615999,0.5048743188381195,0.37752118706703186,-0.16103321313858032,0.3534065186977386,-0.03329569101333607,-0.06087470054626476,0.14515483379364014,-0.04267194867134089,-0.008155167102813832
1656267584.png,0.1482836604118347,-0.09704060852527618,-0.007600307464599665,-0.03395763039588934,-0.016148656606674194,-0.03604593873023998,-0.07868358492851252,-0.02564322948455805,-0.08818534016609192,-0.02866530418395996,0.04752087593078616,0.045614674687385615,-0.04752087593078616,-0.045614674687385615,0.0800569355487823,0.23230743408203114,0.16899225115776062,0.31777051091194164,0.03639277815818792,-0.2577072083950043,0.045197427272796575,-0.25670412182807945,-0.11142539978027352,0.39891791343688954,-0.11537598446011543,0.5047889053821563,0.3801068365573883,-0.16342437267303478,0.3545945174992084,-0.03279733657836903,-0.081214040517807,0.12725234031677257,-0.04248279333114613,-0.010049402713775746
1656267585.png,0.14703959226608276,-0.09609360992908478,-0.007171362638473566,-0.033903568983078,-0.015842825174331665,-0.03596577048301697,-0.07769909501075739,-0.026304632425308283,-0.08776813745498663,-0.0289078950881958,0.04742974042892456,0.04543127119541168,-0.04742974042892456,-0.04543127119541174,0.0801389217376709,0.2331133484840393,0.1690373718738556,0.3176110088825225,0.03632986545562744,-0.25773200392723083,0.04476556181907654,-0.2569464147090911,-0.11052380502223969,0.39872795343399037,-0.11434541642665863,0.5065572559833524,0.3793666213750839,-0.16085773706436157,0.35288245975971216,-0.03631448745727517,-0.08102986216545116,0.12316286563873302,-0.04193386435508728,-0.01054525375366211
1656267586.png,0.14874599874019623,-0.09840525686740881,-0.007727205753326416,-0.033956497907638494,-0.015946835279464777,-0.03590485453605652,-0.0784633457660675,-0.02630317211151123,-0.08812999725341797,-0.028470784425735418,0.04676385223865509,0.04414837062358856,-0.04676385223865509,-0.04414837062358856,0.0818696916103363,0.2326401472091676,0.17035818099975586,0.3139838874340056,0.0363440215587616,-0.257730633020401,0.044360727071762085,-0.2556346952915191,-0.11061458289623263,0.40158522129058827,-0.11407765001058578,0.5220480263233184,0.3781166821718215,-0.16303652524948098,0.35327901691198343,-0.05276399850845315,-0.07958865165710433,0.14465433359146096,-0.05367785692214966,-0.008900046348571777
1656267587.png,0.14724318683147428,-0.09766525030136114,-0.006799668073654119,-0.033648967742919866,-0.015683442354202215,-0.036039054393768255,-0.07776355743408203,-0.02659022808074951,-0.08839347958564758,-0.029458820819854736,0.047003939747810336,0.04604998230934143,-0.047003939747810336,-0.04604998230934143,0.0807922780513764,0.23145681619644165,0.16864055395126343,0.3162379860877991,0.037053823471069336,-0.2577746212482451,0.04569706320762629,-0.2560456097126009,-0.11003942787647245,0.39928901195526134,-0.11463905870914459,0.5068877935409546,0.3766985982656478,-0.16194796562194824,0.35307638347148895,-0.03709298372268666,-0.07941082119941695,0.12207698822021462,-0.04212617874145508,-0.00956261157989502
1656267588.png,0.15208610147237772,-0.09651057422161102,-0.007418423891067394,-0.03405886888504023,-0.01572799682617182,-0.03620061278343201,-0.07798969745635992,-0.02644652128219599,-0.08766156435012817,-0.029655545949935858,0.04291962832212448,0.04448340833187098,-0.04291962832212448,-0.04448340833187098,0.08900105953216553,0.2358892560005189,0.16947297751903528,0.3173873722553253,0.0366868376731872,-0.2593005299568176,0.04507127404212957,-0.2574271857738495,-0.11525984108448029,0.4031143188476566,-0.11426614969968796,0.5047108829021453,0.3922966867685318,-0.16420626640319846,0.3532038405537605,-0.03305548429489136,-0.07979214191436762,0.14412206411361683,-0.0409113466739654,-0.009472370147705078
1656267589.png,0.14828679710626597,-0.09732773900032043,-0.007315009832382147,-0.033829629421234075,-0.015819907188415472,-0.03575184941291809,-0.07832369208335882,-0.026517480611801203,-0.08776360750198364,-0.029870718717575073,0.04616487771272659,0.045660555362701416,-0.04616487771272662,-0.045660555362701416,0.08206316828727722,0.23172831535339355,0.16958607733249667,0.31474918127059925,0.036341577768325806,-0.25734934210777277,0.0440460741519928,-0.25431913137435896,-0.12159365415573117,0.4038049578666687,-0.11449405550956723,0.5080372691154479,0.3892662227153778,-0.16548103094100952,0.3540915697813034,-0.06519824266433705,-0.07815095782279968,0.1234249472618103,-0.04293721914291382,0.01654285192489635
1656267590.png,0.15237617492675792,-0.09627062082290633,-0.007757335901260487,-0.03408998250961309,-0.015541881322860829,-0.03613558411598217,-0.0786509513854981,-0.027209252119064387,-0.08834588527679443,-0.029468566179275457,0.04279527068138128,0.04437169432640076,-0.04279527068138125,-0.0443716943264007,0.08951917290687555,0.23514914512634277,0.1696054935455322,0.3158159852027895,0.035586863756179754,-0.25929120182991017,0.04419565200805664,-0.2565852701663972,-0.10186697542667394,0.40507030487060547,-0.099754124879837,0.5255270600318909,0.3768623620271683,-0.16632795333862294,0.3402670323848724,-0.05392158031463601,-0.06028598546981817,0.14807510375976562,-0.029443681240081787,-0.009377539157867432
1656267591.png,0.15247756987810135,-0.09632255136966705,-0.007790476083755493,-0.033837080001831055,-0.015493571758270264,-0.035718381404876653,-0.07833722233772278,-0.026197612285614014,-0.08799624443054199,-0.028803706169128418,0.04137776046991348,0.04417581856250763,-0.04137776046991348,-0.044175818562507685,0.08929520845413208,0.22618556022644054,0.169382706284523,0.31534245610237127,0.037909358739852905,-0.24883821606636053,0.043742805719375666,-0.2551191747188569,-0.10054777562618256,0.40240466594696045,-0.11513787508010864,0.5068650543689726,0.3768603056669235,-0.16117167472839367,0.4715948849916458,-0.1784545779228207,0.00816643238067627,0.004489779472351185,-0.13176259398460388,0.1122899055480957
1656267592.png,0.14873747527599335,-0.09817110002040863,-0.007615149021148682,-0.033570617437362615,-0.01660093665122986,-0.03578686714172358,-0.07848483324050903,-0.025352120399475153,-0.08837324380874634,-0.028280675411224476,0.046755775809288025,0.04577134549617767,-0.046755775809288025,-0.04577134549617767,0.08145666122436518,0.22890335321426392,0.16997930407524103,0.31458422541618347,0.03644788265228277,-0.25438499450683594,0.0439969003200531,-0.25384697318077093,-0.12296606600284576,0.40057432651519786,-0.11477824300527571,0.505130022764206,0.38995642960071564,-0.16420602798461936,0.33020230382680893,-0.1517295837402346,-0.07947593927383423,0.12258207798004161,-0.018829911947250366,0.10517197847366344
1656267593.png,0.1521876379847527,-0.09605260193347914,-0.007206678390502985,-0.0342925786972047,-0.015543162822723444,-0.036301434040069636,-0.07890439033508301,-0.02702337503433222,-0.08848494291305542,-0.029408514499664362,0.04281430691480631,0.04358334839344025,-0.04281430691480634,-0.04358334839344019,0.08972826600074774,0.23244476318359375,0.1715085059404373,0.3133836686611176,0.03580603003501892,-0.2564493119716644,0.04280856251716608,-0.2554597556591033,-0.11501045525074,0.40330761671066295,-0.11456612497568132,0.5036319792270663,0.39041675627231587,-0.16439038515090953,0.47637852281332027,-0.1796565651893618,-0.08130663633346541,0.12268978357315052,-0.15206447243690507,0.13168889284133922
1656267594.png,0.14642158895730975,-0.09867605566978455,-0.007324993610382136,-0.03354066610336304,-0.01613384485244751,-0.03573298454284668,-0.07793185114860535,-0.02630525827407837,-0.0877043604850769,-0.029347538948059027,0.04831770807504651,0.046249449253082275,-0.04831770807504651,-0.04624944925308233,0.07804477214813232,0.23092174530029286,0.16830883920192719,0.31589692831039423,0.03699374198913574,-0.2573763132095334,0.04572230577468872,-0.2558586895465851,-0.11453583836555478,0.39911895990371704,-0.1148207038640976,0.5066937208175659,0.3805455267429352,-0.1646004319190979,0.3536456525325775,-0.03590351343154918,-0.08182564377784729,0.14679580926895153,-0.04090237617492681,-0.0080375075340271
1656267595.png,0.14814303070306784,-0.10035642981529241,-0.00762572884559648,-0.03388538956642145,-0.016140937805175837,-0.036095947027206365,-0.07806470990180958,-0.02599465847015392,-0.0886500775814057,-0.028433501720428522,0.04663170129060745,0.04235848784446722,-0.04663170129060745,-0.04235848784446722,0.08211040496826172,0.23042964935302723,0.17085592448711395,0.30897223949432373,0.035334169864654486,-0.25557366013526917,0.042640805244445745,-0.25490200519561773,-0.11149393022060397,0.401499688625336,-0.11526999622583389,0.5015969872474673,0.3785731941461564,-0.1632856726646429,0.4766288623213769,-0.1808745861053469,-0.05902802944183361,0.1236426830291748,-0.15050891041755687,0.13110744953155518
1656267596.png,0.15278859436512,-0.0976975560188294,-0.007945209741592463,-0.03389891982078541,-0.01586928963661194,-0.035719603300094604,-0.07881510257720947,-0.02646365761756908,-0.0875320732593537,-0.029267132282257025,0.042652055621147156,0.042591869831085205,-0.042652055621147156,-0.042591869831085205,0.09004595875740051,0.2325296401977539,0.17107003927230835,0.3116999864578248,0.035557657480239924,-0.2546100318431855,0.04290780425071716,-0.2538554370403291,-0.10194206237792969,0.4054710865020754,-0.1138487234711647,0.5229355096817017,0.37698841094970714,-0.16693204641342196,0.475622959434986,-0.20033544301986694,-0.060613214969635176,0.1467985510826112,-0.15127274394035334,0.13568007946014404
1656267597.png,0.15286055952310562,-0.09747572243213648,-0.007321178913116566,-0.03358170390129095,-0.016253232955932617,-0.035820513963699396,-0.07811558246612538,-0.025310397148132324,-0.08865010738372808,-0.027935713529586792,0.04273221641778946,0.04369424283504486,-0.04273221641778949,-0.04369424283504486,0.09062966704368586,0.23131078481674183,0.17228294909000394,0.3126523196697235,0.03530868887901306,-0.2543853819370269,0.04221841692924505,-0.25370779633522034,-0.10074451565742498,0.4030875563621519,-0.11300468444824222,0.5057716071605679,0.375791996717453,-0.1625935435295104,0.4715949445962907,-0.18028116226196245,0.008774518966674805,0.010690927505493275,-0.14648675918579107,0.1335906982421875
1656267598.png,0.1485304906964302,-0.097640410065651,-0.007494926452636719,-0.03390464186668396,-0.01615574955940241,-0.03593409061431885,-0.07784399390220637,-0.0255917608737945,-0.08832851052284246,-0.02870675921440119,0.04653278738260269,0.04474838078021992,-0.04653278738260269,-0.044748380780219976,0.08164027333259588,0.23044109344482444,0.17117322981357574,0.3147685229778287,0.035677164793014415,-0.25438553094863897,0.04222020506858826,-0.25488588213920566,-0.12274990975856778,0.4038839936256411,-0.11443144828081131,0.5064113438129423,0.3927672654390335,-0.16610854864120495,0.3530886694788933,-0.038954555988311546,0.006214261054992676,0.011281251907348522,-0.04117035865783686,-0.00851416587829601
1656267599.png,0.1481519192457199,-0.0981594026088714,-0.006963938474655151,-0.03335481882095337,-0.016151487827301025,-0.03563722968101507,-0.0779844224452973,-0.024948388338088934,-0.08840960264205933,-0.027906090021133367,0.04585494101047516,0.04395490884780878,-0.04585494101047516,-0.04395490884780878,0.08212760090827942,0.23022609949111938,0.17034277319908142,0.3120867609977722,0.03639250993728632,-0.25457432866096497,0.04277825355529785,-0.2536230981349945,-0.10886362195014954,0.4019181728363037,-0.10018701106309892,0.5056328177452087,0.3776363432407379,-0.16301876306533802,0.4602968469262123,-0.18137824535369873,-0.08176779747009283,0.12262636423110951,-0.14981794357299805,0.13093096017837524
1656267600.png,0.14829280972480768,-0.09961317479610449,-0.007297903299331665,-0.03369519114494324,-0.0162170529365539,-0.03575816750526434,-0.07758390903472895,-0.02498835325241089,-0.08792424201965332,-0.028528451919555664,0.04734763503074646,0.04597379267215734,-0.04734763503074649,-0.04597379267215734,0.08059611916542053,0.2270924448966979,0.171649307012558,0.313813775777817,0.035949110984802246,-0.2547850906848907,0.042672872543334905,-0.2547300457954409,-0.11140309274196625,0.39666587114334084,-0.11486208438873288,0.503975838422775,0.37743963301181793,-0.1619530916213987,0.47575899958610535,-0.18033236265182484,-0.07948163151741028,0.12007284164428711,-0.14991974830627436,0.1309209465980531
1656267601.png,0.1488694995641709,-0.09956115484237676,-0.007926285266876276,-0.03383910655975342,-0.01634114980697632,-0.03580856323242182,-0.07772985100746155,-0.02473014593124384,-0.0874783992767334,-0.028188109397888184,0.04791657626628876,0.04667350649833679,-0.04791657626628876,-0.04667350649833679,0.08098745346069341,0.22921758890151966,0.17286857962608343,0.31398063898086537,0.035015344619750866,-0.25622370839118935,0.041728705167770386,-0.25318044424057,-0.1121501475572586,0.3983622193336488,-0.11400029808282852,0.5065903663635254,0.3787000924348831,-0.16527438163757346,0.35458923131227493,-0.03528231382370006,-0.06078174710273754,0.14629000425338745,-0.029193937778472956,-0.00946265459060669
1656267602.png,0.14906727522611618,-0.09828840196132665,-0.007737249135971069,-0.03378033638000483,-0.015946894884109497,-0.03587189316749567,-0.07823967933654791,-0.026056140661239624,-0.08806630969047546,-0.029463738203048706,0.046652697026729584,0.045603469014167786,-0.046652697026729584,-0.04560346901416784,0.08146926760673529,0.23029214143753052,0.17046867311000818,0.31451269984245295,0.03566250205039967,-0.2557417154312132,0.04317188262939459,-0.25479018688201904,-0.10987509787082672,0.4003847837448119,-0.11418022960424423,0.5066650211811068,0.37697450816631317,-0.1630873680114745,0.4750490561127664,-0.18149983882904064,-0.058249771595001054,0.123190999031067,-0.15019574761390697,0.13175487518310547
1656267603.png,0.15345975011587137,-0.0967906266450882,-0.007295846939086914,-0.03412145376205444,-0.016016244888305664,-0.03614258766174311,-0.0783060491085052,-0.025616466999053955,-0.08889764547348017,-0.028542071580886896,0.04258977621793747,0.04288549721240997,-0.04258977621793747,-0.04288549721240997,0.09053432941436768,0.2316705584526062,0.1720713227987289,0.3123806416988374,0.034944325685501154,-0.2534646987915039,0.04184034466743469,-0.25394847989082353,-0.11554764211177826,0.4064084291458131,-0.11465584486722946,0.5046855509281158,0.38927607238292683,-0.16465377807617188,0.3534629419445991,-0.03805261850357056,-0.07658788561820984,0.14182716608047463,-0.04147446155548101,-0.007293999195098877
1656267604.png,0.15291832387447357,-0.09644208848476415,-0.007463663816451971,-0.034097701311111395,-0.014986604452133234,-0.036246359348297064,-0.07778254151344305,-0.027193874120712336,-0.08791220188140869,-0.030223727226257324,0.04209645092487335,0.04323367774486542,-0.042096450924873324,-0.04323367774486542,0.09083721041679382,0.23325085639953624,0.17143324017524716,0.3131938874721528,0.035046458244323675,-0.2551137804985047,0.04209718108177185,-0.25439503788948076,-0.11524870991706848,0.40538489818572965,-0.11541001498699191,0.5213101804256439,0.39253145456314087,-0.16650903224945035,0.4764239639043808,-0.19644546508789062,-0.07950124144554133,0.1413189172744751,-0.15025857090950007,0.1320090889930725
1656267605.png,0.1532359644770622,-0.09898665547370905,-0.007962346076965332,-0.033785939216613825,-0.016291081905365046,-0.035762995481491144,-0.07790982723236084,-0.024979352951049805,-0.08835828304290771,-0.027925163507461548,0.043108217418193845,0.0433197021484375,-0.043108217418193845,-0.043319702148437444,0.08938807249069208,0.22980546951293956,0.1721697598695755,0.3110408186912536,0.03509259223937988,-0.25394323468208324,0.041465014219284,-0.2541559338569641,-0.11510212719440466,0.4054824709892272,-0.1141715720295906,0.5226127505302425,0.3880869299173356,-0.16719812154769886,0.35357173532247543,-0.057056784629821444,-0.06072440743446372,0.14462047815322865,-0.028846681118011475,0.01339954137802124
1656267606.png,0.1463068202137947,-0.0984711647033692,-0.0067607164382935125,-0.033711910247802734,-0.016718924045562744,-0.035949498414993175,-0.07680720090866083,-0.02359956502914423,-0.08762809634208685,-0.02771952748298645,0.04861731082201004,0.0472433865070343,-0.04861731082201007,-0.04724338650703436,0.07789033651351929,0.22847837209701538,0.17107258737087247,0.3168539404869081,0.035884141921997015,-0.25443470478057856,0.04253435134887701,-0.25479906797409074,-0.11380466818809509,0.3949480056762693,-0.11470682919025418,0.5055594444274907,0.3772071897983551,-0.15817052125930775,0.32857984304428095,-0.1495967507362369,0.006700098514556996,0.003303706645965687,-0.0037449896335600696,0.10270482301712047
1656267607.png,0.13771802186965942,-0.10357373952865606,-0.003075689077377375,-0.0337322056293487,-0.015532612800598145,-0.03996139764785761,-0.07063895463943476,-0.02329525351524353,-0.08613243699073792,-0.030186653137207087,0.0507773756980896,0.04437693953514099,-0.0507773756980896,-0.04437693953514099,0.08337146043777466,0.2409200668334961,0.1661069393157959,0.30999213457107533,0.044630259275436346,-0.2753324806690216,0.05868726968765259,-0.2621866762638091,-0.1109548807144165,0.4091247916221621,-0.13499949499964714,0.5100440382957461,0.3785232603549957,-0.16755062341690086,0.3654873184859753,-0.0033825039863589756,0.005915343761444092,0.011138260364532582,-0.0424688458442688,-0.041903793811798096
1656267608.png,0.1346094757318497,-0.08176791667938232,-0.004187792539596613,-0.032610177993774414,-0.011516302824020386,-0.03593683242797846,-0.0673262476921081,-0.03186085820198059,-0.06777969002723694,-0.031118661165237538,0.06976847350597379,0.039049893617629894,-0.06976847350597379,-0.03904989361762995,0.056173413991928045,0.24240267276763916,0.17950564622879028,0.31602662801742537,0.006508678197860829,-0.28234711289405806,0.010567277669906616,-0.2843977510929106,-0.11031419038772577,0.3618396520614624,-0.159799849614501,0.47710692882537836,0.34804487228393544,-0.1175527572631836,0.38497406803071493,-0.07536625862121571,-0.012717783451080211,0.07910966873168945,-0.031982332468032726,0.01637953519821156
1656267609.png,0.14264748245477682,-0.09380662441253662,-0.0026341974735260565,-0.034565865993499756,-0.01146188378334051,-0.03878867626190191,-0.07395166158676153,-0.03177767992019653,-0.08498910069465643,-0.03742265701293945,0.043186552822589874,0.05710873007774353,-0.043186552822589874,-0.05710873007774353,0.0877419114112854,0.22554588317871083,0.17019878327846527,0.3279563784599304,0.025611400604248047,-0.24792999029159535,0.02363535761833191,-0.2414381504058838,-0.10895866155624387,0.373629629611969,-0.10311310738325119,0.5005905628204346,0.3882814645767212,-0.15279561281204213,0.300158478319645,-0.15311342477798462,-0.0906786322593689,0.0644257664680481,0.0008123517036437433,0.04125380516052246
1656267610.png,0.15205099433660507,-0.08919832110404968,-0.0037931203842163086,-0.03545919060707092,-0.009657561779022106,-0.038571387529373224,-0.07593792676925659,-0.035367399454116766,-0.0823987126350404,-0.037724584341049194,0.04041355103254318,0.05313754081726074,-0.040413551032543155,-0.05313754081726069,0.09296089410781871,0.2226000428199768,0.17061884701251992,0.32354134321212774,0.023635178804397527,-0.24627864360809326,0.030629009008407537,-0.23975551128387473,-0.11520975828170774,0.3808342814445492,-0.10112145543098448,0.49645704030990584,0.40121203660964966,-0.153861284255981,0.3148583918809892,-0.13787400722503673,0.003084897994995117,0.017700791358947643,-0.017932713031768854,0.02361559867858909
1656267611.png,0.1320872157812119,-0.09244035184383398,-0.0015972256660462536,-0.03507429361343384,-0.018380671739578303,-0.04399383068084711,-0.06344601511955256,-0.018216371536254827,-0.08813539147377014,-0.024616718292236328,0.06106556951999664,0.05709587037563324,-0.06106556951999667,-0.057095870375633295,0.06518122553825367,0.20866048336029053,-0.04061114788055417,0.3139404952526092,0.10508820414543169,0.003930926322937012,0.31969901919364935,0.01771128177642811,-0.13878893852233887,0.428278148174286,-0.14910577982664106,0.538946121931076,0.3035338521003723,-0.020928323268890603,0.3306325301527977,-0.0862944722175597,0.04047137498855591,-0.08936268091201793,0.014151781797408947,-0.019973576068878285
1656267612.png,0.13190893083810812,-0.09065186977386469,-0.0018274486064911444,-0.035129338502883856,-0.01784795522689825,-0.043156385421752874,-0.06495660543441767,-0.01936778426170349,-0.08729857206344604,-0.02436041831970215,0.062072791159152985,0.0548652708530426,-0.06207279115915296,-0.05486527085304255,0.07049474120140087,0.19821786880493175,-0.038166463375091525,0.3139790892601015,0.0967416763305663,0.017805814743041992,0.3166630417108535,0.017939507961273193,-0.14240324497222895,0.42970561981201216,-0.14918158203363416,0.5196593999862673,0.2872244715690613,-0.0206459760665898,0.30766212195158005,-0.04403090476989757,0.059692680835723766,-0.08745962381362904,-0.014337986707687378,-0.023257315158843994
1656267613.png,0.13396096229553228,-0.0912984162569046,-0.0021364986896516003,-0.035137146711349376,-0.017522692680358998,-0.04298117756843561,-0.06469991803169245,-0.020209342241287287,-0.08702260255813599,-0.02756804227828974,0.05869853496551514,0.055263623595237676,-0.05869853496551511,-0.055263623595237676,0.062401533126830944,0.1959860324859618,-0.03873986005783084,0.31396469473838795,0.10885787010192877,0.018981754779815785,0.3163493275642395,0.01818537712097179,-0.1510283648967743,0.42901337146759067,-0.1507964059710503,0.5183482468128204,0.28626367449760437,-0.023536264896393266,0.3124186024069786,-0.08580964803695679,0.07240581512451183,-0.08358997106552102,0.018684029579162598,0.001493692398071178
1656267614.png,0.13238840550184255,-0.0923740416765213,-0.0019361376762390137,-0.034414768218994085,-0.018565058708190973,-0.04210305213928223,-0.06310349702835089,-0.018068343400955256,-0.08735412359237676,-0.024240463972091675,0.0596231147646904,0.055228158831596375,-0.0596231147646904,-0.05522815883159643,0.07072886824607838,0.19695568084716797,-0.040557414293289185,0.3141221106052399,0.10010603070259094,0.015061199665069469,0.3173000365495681,0.016167104244232067,-0.13646672666072845,0.41301798820495605,-0.13996796309947968,0.520880311727524,0.3004265278577805,-0.07071566581726085,0.33678394556045527,-0.0676481127738956,0.05378597974777216,-0.03597193956375111,0.020438462495803833,-0.04055392742156971
1656267615.png,0.13327084481716156,-0.0903385877609254,-0.0018498599529266357,-0.03466850519180281,-0.017915397882461492,-0.04328197240829451,-0.06371048092842102,-0.019384264945983998,-0.08578094840049744,-0.025909721851348932,0.05842442810535431,0.05693277716636658,-0.05842442810535431,-0.05693277716636658,0.07176139950752264,0.19781553745269764,-0.0419966131448746,0.31774216890335094,0.10085427761077881,0.01297307014465332,0.3166888803243637,0.013385236263275035,-0.13553512096405027,0.42675763368606545,-0.13998906686902046,0.5234296321868896,0.30398112535476685,-0.05027717351913441,0.33404849842190737,-0.06950068473815918,0.06444013118743891,-0.07425004243850675,0.021771401166916005,-0.04155081510543823
1656267616.png,0.13434620946645737,-0.0895091444253921,-0.0013956427574157715,-0.03491914272308355,-0.017652511596679743,-0.042095273733139094,-0.06431394815444946,-0.019777357578277588,-0.0862609446048736,-0.02813589572906494,0.058682315051555634,0.056158557534217834,-0.058682315051555606,-0.05615855753421789,0.07138320803642267,0.19719743728637706,-0.04039894044399264,0.3159475028514864,0.10054355859756464,0.013821423053741122,0.3158342838287353,0.013915061950683483,-0.13328024744987488,0.42693692445755016,-0.13867017626762393,0.5220784842967987,0.3011244535446166,-0.05103999376297008,0.33421401679515833,-0.06907379627227783,0.06554734706878673,-0.07144862413406372,0.020663172006607167,-0.0408250093460083
1656267617.png,0.1343741714954376,-0.08758820593357092,-0.0021654665470121626,-0.03479325771331793,-0.01688352227210993,-0.04144322872161865,-0.06560632586479198,-0.02111968398094166,-0.08395832777023315,-0.02872446179389948,0.059077739715576144,0.05461446940898895,-0.059077739715576144,-0.05461446940898895,0.07230925559997564,0.2019076943397522,-0.040121421217918424,0.3155330717563628,0.10100784897804255,0.012558460235595703,0.31801073253154766,0.015234649181366189,-0.13370218873023984,0.4294109940528871,-0.1375984326004982,0.5375947654247284,0.3031960427761079,-0.048330605030060036,0.3337822631001472,-0.08272582292556785,0.0628583133220672,-0.07425057888030995,0.020801037549972534,-0.042039811611175315
1656267618.png,0.13431787490844727,-0.09011267125606542,-0.002097070217132513,-0.03490990400314331,-0.017100214958190862,-0.04168593883514399,-0.06480303406715393,-0.02081251144409174,-0.0853110551834107,-0.02866727113723755,0.05861693620681763,0.05620311200618744,-0.05861693620681763,-0.056203112006187494,0.07285115122795105,0.1979627013206482,-0.04128658771514887,0.3156553208827971,0.09929010272026068,0.0126609206199646,0.31639778614044195,0.014681100845337136,-0.13467037677764887,0.4279688596725465,-0.13901281729340548,0.5232304632663731,0.3031581342220307,-0.04985046386718761,0.3210558928549289,-0.06724864244461093,0.06440562009811396,-0.07547205686569214,0.033421397209167536,-0.04238307476043712
1656267619.png,0.13413283228874207,-0.08727236092090607,-0.0023831427097320557,-0.03458356857299799,-0.017158150672912598,-0.04088994860649109,-0.06531146168708796,-0.020233660936355702,-0.08420369029045105,-0.027816414833068848,0.05858480930328369,0.05262534320354462,-0.05858480930328369,-0.05262534320354462,0.0716770887374879,0.2038862109184265,-0.04041969776153562,0.3134681284427643,0.10059550404548634,0.013124346733093262,0.31562963128089905,0.01603984832763672,-0.13423164188861847,0.41852229833602905,-0.13916810974478722,0.52031996846199,0.3029023259878159,-0.034211277961730846,0.33322542533278465,-0.0667409300804136,0.05087006092071539,-0.07600867748260498,0.02091741561889643,-0.04097992181777954
1656267620.png,0.13150093704462054,-0.09441708028316503,-0.003116995096206665,-0.033413261175155584,-0.017285048961639404,-0.04215416312217701,-0.06788668036460871,-0.022098809480667114,-0.08712354302406311,-0.024542897939682062,0.06185973435640332,0.056452080607414246,-0.06185973435640332,-0.056452080607414246,0.07218217849731451,0.2003455162048341,-0.03744670748710632,0.31601789593696605,0.10057643055915838,0.00783199071884122,0.31895302236080175,0.013916969299316184,-0.1372938603162765,0.42812973260879517,-0.13560819625854492,0.5392340719699859,0.30120994150638575,-0.05192208290100098,0.33301790058612823,-0.08702445030212391,0.06714314222335821,-0.0714254379272461,0.01586076617240917,-0.02391481399536144
1656267621.png,0.13650117069482803,-0.11003868281841273,-0.0017791390419006348,-0.03385788202285772,-0.020107626914978083,-0.04240441322326666,-0.05402040481567383,-0.002991616725921631,-0.09346762299537653,-0.010937988758087158,0.06932751089334493,0.0516272634267807,-0.0693275108933449,-0.0516272634267807,0.07517278194427485,0.2067282795906067,-0.01493163406848902,0.31067290902137745,0.10455328226089483,0.01165771484375,0.3176952004432678,0.023730576038360707,-0.12792158126831063,0.4373806118965149,-0.12020846456289289,0.5418072044849395,0.26942941546440125,-0.08954715728759755,0.2871008887887001,-0.10395771265029885,0.08687227964401234,-0.013083338737487904,0.04056099057197571,-0.005266427993774636
1656267633.png,0.1404786109924317,-0.0896832793951034,-0.005556762218475453,-0.032718241214752364,-0.01624768972396856,-0.03883516788482677,-0.07327455282211298,-0.028335362672805675,-0.08635696768760681,-0.03434059023857111,0.06693872809410095,0.052805885672569275,-0.06693872809410098,-0.05280588567256933,0.07496711611747742,0.2069767117500303,-0.019526273012161227,0.31140020489692694,0.1071301400661468,0.0089094638824464,0.3231064677238464,0.016648709774017445,-0.12652704119682312,0.4424082040786742,-0.12414138019084928,0.5481382310390472,0.28058066964149475,-0.10359817743301392,0.3162669390439987,-0.11952066421508789,0.06338459253311157,0.009377300739288441,0.02567693591117859,-0.0012328624725340687
1656267634.png,0.1412010788917541,-0.09098713099956512,-0.005571156740188599,-0.03286030888557434,-0.018113136291503906,-0.03936675190925598,-0.07438534498214722,-0.02620446681976324,-0.08793622255325317,-0.031860023736953735,0.06602835655212408,0.05376599729061127,-0.0660283565521241,-0.05376599729061127,0.0670408010482787,0.20633453130722035,-0.020597264170646612,0.30939212441444386,0.11399036645889282,0.007929086685180775,0.3198461979627608,0.01899552345275901,-0.14471331238746654,0.4448451995849607,-0.12907560914754865,0.5471883714199066,0.2978577315807342,-0.11009001731872547,0.2900873050093651,-0.11760175228118896,0.06368967890739435,0.008716762065887562,0.0339282751083374,0.01468724012374878
1656267635.png,0.1442238762974739,-0.10526561737060552,-0.006426095962524414,-0.034369587898254395,-0.021609604358673096,-0.039244651794433594,-0.06854191422462463,-0.008394956588745062,-0.09086510539054876,-0.01554384827613825,0.06255728751420969,0.056805163621902466,-0.06255728751420975,-0.056805163621902466,0.05447643995285034,0.22320687770843495,-0.05424559116363528,0.3288416266441345,0.10770869255065912,-0.0044133663177490234,0.325661137700081,0.005247056484222412,-0.11303175985813135,0.44800436496734597,-0.13354845345020294,0.5646914839744569,0.2845229953527451,-0.036309063434600386,0.33080679178237915,-0.10223257541656516,0.0500327050685882,-0.0636505484580997,0.021780699491500854,-0.028493762016296387
1656267636.png,0.14303136616945272,-0.09538581967353815,-0.006335586309433094,-0.03401330113410961,-0.019428491592407282,-0.03921681642532354,-0.06972604990005488,-0.011832326650619451,-0.08812373876571655,-0.019522488117218073,0.059648402035236414,0.05856436491012573,-0.05964840203523636,-0.05856436491012573,0.04016041755676264,0.22958379983901978,-0.0583705008029938,0.3388664126396179,0.11973792314529413,0.006397426128387229,0.32368625700473785,0.0049399733543396,-0.09533439576625835,0.43702387809753407,-0.12616296857595444,0.5639135241508483,0.2918402403593064,-0.051149308681487815,0.33611664921045303,-0.0947411060333252,0.036449968814849854,-0.05041134357452415,0.029702216386795044,-0.04940950870513905
1656267637.png,0.144483894109726,-0.09776358306407928,-0.006818354129791315,-0.03395000100135798,-0.0189741849899292,-0.039144426584243774,-0.0708547830581665,-0.012696713209152333,-0.08716768026351934,-0.020658046007156428,0.05821248888969416,0.06226359307765961,-0.058212488889694214,-0.06226359307765955,0.0487215816974641,0.22857135534286488,-0.05936871469020846,0.3403008878231048,0.11523199081420893,0.0007350444793701172,0.3251965492963792,0.004251301288604736,-0.09523229300975791,0.43263280391693115,-0.12802089005708694,0.5656227171421049,0.27159829437732697,-0.023338973522186612,0.32272542268037796,-0.09450620412826538,0.05850940942764282,-0.08267980813980058,0.0459112823009491,-0.052469074726104625
1656267638.png,0.14300394803285604,-0.09349499642848969,-0.006121993064880427,-0.03478172421455383,-0.018183499574661366,-0.03859928250312805,-0.07179686427116394,-0.011538177728652954,-0.08817005157470698,-0.0189991295337677,0.06277681142091751,0.05795733630657196,-0.06277681142091757,-0.05795733630657196,0.04213303327560425,0.2200765609741212,-0.06137377023696891,0.3401322066783905,0.06422233581542969,-0.22501397132873546,0.32246316969394684,0.0022173523902891956,-0.1041689068078995,0.4218895435333252,-0.13737144321203226,0.5599232614040375,0.292952224612236,-0.07055974006652821,0.3476062789559365,-0.12422204017639171,0.03472757339477539,-0.030747532844543568,0.04784098267555226,-0.040545761585235485
1656267639.png,0.14314612746238708,-0.08941160142421728,-0.006051063537597712,-0.03814589977264404,-0.0199415385723114,-0.042381674051284735,-0.0719781219959259,-0.011612892150878906,-0.08841979503631592,-0.01875150203704834,0.06363433599472046,0.05848367512226105,-0.06363433599472049,-0.0584836751222611,0.029342740774154663,0.22971159219741832,-0.06034336984157557,0.3399007618427276,0.07508626580238348,-0.23357588052749634,0.3280791789293289,0.0014404058456420898,-0.10268795490264895,0.42655396461486794,-0.12727952003478998,0.5650188028812408,0.305869996547699,-0.04584187269210793,0.3204673826694489,-0.09741854667663574,0.03251701593399037,-0.04348158836364746,0.05996927618980408,-0.054839849472045676
1656267640.png,0.1432178094983101,-0.096647247672081,-0.006154358386993353,-0.03514871001243591,-0.018656015396118164,-0.03975450992584234,-0.07423883676528936,-0.014697611331939697,-0.08762145042419434,-0.02043142914772028,0.0625230148434639,0.06284798681735981,-0.0625230148434639,-0.06284798681735987,0.032093703746795654,0.22607237100601207,-0.05933280289173126,0.3400588929653167,0.07391557097434998,-0.23870515823364258,0.3264856934547425,0.001994788646697998,-0.10219432413578033,0.4319133162498474,-0.12746476382017136,0.5672946870326996,0.29024259746074677,-0.05195069313049283,0.3194874897599221,-0.09823185205459584,0.03745204210281372,-0.05131232738494884,0.044408619403839056,-0.052582502365112305
1656267641.png,0.14055036008357996,-0.0926210731267928,-0.004772633314132635,-0.03475013375282304,-0.0193603634834289,-0.03946030139923107,-0.07263445854187017,-0.014244318008422852,-0.08773738145828242,-0.02036750316619873,0.0641484409570694,0.05804963409900665,-0.06414844095706942,-0.05804963409900665,0.027247756719589233,0.23106300830841042,-0.05926945805549616,0.3394776880741118,0.07559126615524292,-0.23446083068847634,0.3254060149192811,0.0018396973609925427,-0.10327669978141785,0.4419063329696655,-0.12663051486015317,0.5682080090045929,0.2871517837047576,-0.055120348930359,0.318944752216339,-0.09967064857482899,0.03924834728240978,-0.047387003898620494,0.02498030662536621,-0.047362565994262806
1656267642.png,0.144084982573986,-0.09808607399463648,-0.006327033042907715,-0.035025954246520996,-0.019226044416427612,-0.039253890514373835,-0.07146692276000971,-0.010579913854599055,-0.08811944723129267,-0.01807311177253723,0.061931125819683075,0.06301571428775787,-0.061931125819683075,-0.06301571428775787,0.031747400760650635,0.2246549129486083,-0.060454532504081726,0.34056350588798523,0.07478460669517517,-0.23721158504486073,0.32773604989051813,0.001909494400024414,-0.09983329474925995,0.43187230825424194,-0.12643957883119583,0.5675107538700103,0.2891983836889267,-0.052903950214385986,0.31891181319952006,-0.09873163700103738,0.0372614860534668,-0.04941153526306152,0.04453948140144359,-0.051293671131134144
1656267643.png,0.14372100681066513,-0.09710384905338298,-0.005814731121063177,-0.034703433513641246,-0.018904477357864435,-0.039598941802978405,-0.07405558228492748,-0.014272093772888239,-0.08747979998588556,-0.020165741443634033,0.06168016046285624,0.06341810524463659,-0.06168016046285629,-0.06341810524463659,0.03982415795326244,0.22864031791687012,-0.06012775003910065,0.34156087040901184,0.06800192594528198,-0.24195945262908947,0.3272806406021118,0.0010483264923095703,-0.10026448965072632,0.43110132217407193,-0.12721897661685944,0.5672025978565216,0.2897076308727264,-0.0538932681083677,0.3340050876140595,-0.09855842590332031,0.050333023071289174,-0.04686689376831055,0.028919309377670288,-0.04927563667297341
1656267644.png,0.14185076206922526,-0.09690065681934351,-0.005303800106048473,-0.035115838050842285,-0.019185870885848944,-0.03997239470481878,-0.07312482595443726,-0.015130013227462824,-0.08767622709274292,-0.020969867706298884,0.0627969428896904,0.06236450374126434,-0.06279694288969037,-0.0623645037412644,0.038899958133697565,0.23058557510375988,-0.05984377861022952,0.3406380116939545,0.06623616814613337,-0.24145787954330455,0.32273454964160914,0.0031731724739075817,-0.10165512561798098,0.43404889106750466,-0.1270272731781006,0.5690944492816923,0.28763914108276367,-0.05420589447021462,0.3198096007108688,-0.10011649131774891,0.03950381278991688,-0.048441171646118275,0.04496455192565929,-0.05080604553222645
1656267645.png,0.09203388541936877,-0.1229120939970017,0.019426554441451915,-0.0322068035602569,-0.0308305323123933,-0.04752209782600397,-0.006481885910034124,0.021730691194534302,-0.07791322469711298,0.006234377622604315,0.08685635775327685,0.05806724727153778,-0.08685635775327685,-0.05806724727153778,0.07386982440948481,0.2369125485420227,-0.0017343312501907349,0.34602656960487344,0.040363430976867676,-0.21121561527252197,0.3262782990932464,0.019957304000854714,-0.12209768593311318,0.4583126902580261,-0.10010291635990143,0.549538940191269,0.19917766749858865,-0.11622446775436412,0.10225348174571991,-0.21935939788818382,0.14739245176315302,-0.0536046028137207,0.11961816251277929,0.029358088970184215
1656267658.png,0.13613970577716825,-0.12006160616874695,0.0014667809009552002,-0.0417114794254303,-0.022676825523376437,-0.050437286496162415,-0.06677368283271787,-0.02104589343070984,-0.09828045964241025,-0.03184862434864044,0.0999498516321182,0.05021591484546656,-0.0999498516321182,-0.050215914845466614,0.08784982562065125,0.23725956678390508,0.013632461428642273,0.3117257058620453,0.08228400349617004,0.0033690929412842907,0.34042482078075414,0.017905116081237793,-0.045779407024383545,0.46510416269302385,-0.013776279985904697,0.5386716425418853,0.25013476610183727,-0.021705865859985574,0.20941091328859326,0.04706758260726951,0.09230521321296675,-0.03887140750884999,0.14663776755332955,-0.07380747795104992
1656267659.png,0.14843610674142846,-0.09326048195362086,0.001248091459274181,-0.04101543128490451,-0.026505649089813288,-0.048804804682731684,-0.06605175137519831,-0.008866429328918513,-0.10003827512264252,-0.016692593693733188,0.08601013571023938,0.037983849644660894,-0.0860101357102394,-0.03798384964466095,0.060809016227722335,0.23875024914741522,-0.06923986971378325,0.3105814456939697,0.025908350944518987,0.0006691217422486462,0.3058680593967437,-0.024423599243164062,-0.09006917476654047,0.4854570329189301,-0.06338268145918845,0.524871289730072,0.2478544712066651,-0.0409645438194276,0.17840353772044185,0.037822961807250866,0.05570483207702631,-0.030264735221862793,0.13243982195854184,-0.06972539424896229
1656267660.png,0.14628634229302406,-0.08312295377254475,-0.0011778175830841064,-0.03864689171314245,-0.022516638040542603,-0.045851394534111106,-0.0658816397190094,-0.01120254397392273,-0.09623154997825623,-0.02660310268402097,0.08818763867020607,0.04167436063289642,-0.08818763867020606,-0.04167436063289642,0.07447382807731628,0.2409894764423371,-0.05394801497459413,0.32663983106613154,0.04385820031166077,0.008238136768341064,0.31276435405015945,-0.0036265254020689808,-0.07029652595520022,0.47177681326866167,-0.052044823765754714,0.5415118336677551,0.23018136620521548,-0.03324466943740867,0.24691792577505112,-0.013309299945831299,0.05781912803649902,-0.0004298090934752308,0.09350430965423578,-0.015258550643920787
1656267661.png,0.15317244827747345,-0.0781935304403305,-0.010362207889556885,-0.044425562024116544,-0.020364999771118164,-0.04600989818572995,-0.0788877010345459,-0.016577765345573398,-0.08742666244506836,-0.023906946182251032,0.08978782594203949,0.04977558553218836,-0.08978782594203949,-0.04977558553218836,0.05312708020210272,0.23288610577583319,-0.09454948827624321,0.32133942842483515,0.05591380596160883,-0.007609665393829346,0.322952937334776,-0.012000560760498047,-0.12447161972522736,0.46967127919197077,-0.09512739256024362,0.5310897827148435,0.24061478674411768,-0.024282991886138805,0.1801830269396305,0.042153775691986306,0.020443767309188954,-0.028191506862640492,0.000387117266654996,-0.004345536231994851
1656267662.png,0.15419101715087893,-0.07535418868064886,-0.010620057582855225,-0.0449597686529159,-0.020603746175766047,-0.0482012331485748,-0.07479256391525274,-0.01319119334220889,-0.0908601582050323,-0.01975901424884796,0.08776223659515378,0.05198821425437927,-0.08776223659515378,-0.05198821425437927,0.05244979262351995,0.2334747016429901,-0.09689521789550781,0.31947484612464905,0.04808169603347778,-0.010924994945526012,0.32859900593757624,-0.007193326950073242,-0.12590326368808744,0.45785197615623474,-0.10491447523236275,0.49993935227394104,0.25755293667316437,-0.018805623054504506,0.2636336274445057,0.013463973999023438,0.029029905796051136,-0.05148983001708962,-0.07924026250839236,0.05324363708496094
1656267663.png,0.1464952528476715,-0.07753592729568481,-0.008264929056167492,-0.044189825654029874,-0.021065264940261785,-0.046106740832328796,-0.0783949494361878,-0.017162472009658786,-0.08996334671974182,-0.027333945035934448,0.09042149782180786,0.05209624767303461,-0.09042149782180783,-0.05209624767303467,0.05068063735961914,0.23610606789588934,-0.09397015348076818,0.3248719871044158,0.04841956496238714,-0.008946657180786133,0.3277196325361728,-0.007880747318267822,-0.11197282373905174,0.46107241511344915,-0.08031279593706128,0.5225352346897126,0.254382386803627,0.02848649024963379,0.2331211343407631,0.05404597520828258,0.02897784113883972,-0.06012922525405884,-0.07159203290939331,0.009462594985961692
1656267664.png,0.14360062032938004,-0.0821741372346878,-0.005536437034606934,-0.04398326575756073,-0.021034657955169733,-0.04566614329814908,-0.0798428654670715,-0.020659878849983215,-0.09384036064147941,-0.02651873230934146,0.0880739763379097,0.027384594082832336,-0.0880739763379097,-0.027384594082832336,0.07270446419715881,0.24007418751716614,-0.03316153213381767,0.3144117593765259,0.0741279125213623,0.022827625274658314,0.3265450559556484,-0.0007207393646240234,-0.022861048579215948,0.46278443932533264,0.0021394118666648587,0.530689537525177,0.2381037920713424,-0.03161048889160156,0.2646157667040825,-0.01749837398529064,0.09080567955970764,0.02283763885498047,0.06744846701622004,-0.016053974628448375
1656267665.png,0.152111604809761,-0.0917517691850662,-0.0008293390274047296,-0.038721486926078796,-0.02513697743415827,-0.046008750796318054,-0.06422540545463568,-0.011309534311294611,-0.09986494481563574,-0.017123013734817477,0.0853823870420456,0.042898014187812805,-0.08538238704204561,-0.042898014187812805,0.07841983437538147,0.22015681862831105,-0.061258502304553986,0.32513266801834106,0.04450950026512146,-0.2174696624279021,0.32250941544771194,-0.006925404071807861,-0.09697903692722323,0.44991931319236755,-0.09471870772540569,0.5222601294517516,0.295653834939003,-0.07544523477554321,0.2823405396193266,-0.11684262752532959,0.04756632447242737,-0.032130837440490945,0.07553154230117798,-0.022437214851379284
1656267666.png,0.1488611921668052,-0.09203703701496124,-0.002304792404174749,-0.035223320126533564,-0.022458583116531317,-0.04198114573955533,-0.061765700578689575,-0.016583323478698703,-0.09223537147045133,-0.024986222386360196,0.08568497747182846,0.04559294879436493,-0.08568497747182847,-0.04559294879436493,0.07084405422210693,0.23706662654876698,-0.05693404376506804,0.32220950722694397,0.03178092837333685,-0.25553235411643965,0.32654166221618647,0.0030813217163085938,-0.10179781913757324,0.4633082151412963,-0.09471566975116728,0.5344766676425934,0.24527993798255926,-0.0851154327392577,0.21187432110309595,0.03438091278076172,0.028348624706268144,-0.0186179280281068,0.17591919004917145,-0.22197687625885
1656267667.png,0.14565340429544457,-0.08956852555274963,-0.0018700063228607733,-0.036024495959281866,-0.02182829380035406,-0.04290120303630826,-0.06065589189529419,-0.017063573002815302,-0.09320320188999176,-0.028014615178108243,0.08820787817239759,0.04384893178939819,-0.0882078781723976,-0.04384893178939819,0.06466537714004522,0.2423311173915862,-0.05946237221360207,0.32760658860206604,0.031218200922012274,-0.25638797879219044,0.32880945876240725,0.0004000663757324219,-0.10362114012241358,0.4680827558040619,-0.08003228157758711,0.5367914140224456,0.2572167962789536,-0.03045254945755005,0.19748797267675397,0.03866112232208274,0.015798240900039617,-0.046473026275634766,0.17378969490528104,-0.2239907979965211
1656267668.png,0.14249402284622192,-0.09160889685153961,0.0012687742710113525,-0.03550180792808533,-0.022186636924743708,-0.04498586058616641,-0.055304110050201416,-0.01929798722267148,-0.09283366799354548,-0.035117343068122836,0.08614662289619446,0.04897466301918024,-0.08614662289619447,-0.04897466301918024,0.06617414951324463,0.23181346058845537,-0.06332455575466155,0.32399734854698176,0.020395547151565496,-0.2556315660476685,0.33097808063030243,0.0038323402404784046,-0.09078274667263034,0.4544446170330046,-0.08233056589961052,0.5385952293872833,0.24823965132236483,-0.05396550893783547,0.24997500702738762,-0.1484076976776123,0.025787681341171265,-0.04068809747695934,0.1334517896175385,-0.041636884212493896
1656267669.png,0.14222684502601624,-0.09296834468841553,0.00027820467948913574,-0.03520028293132779,-0.02033054828643799,-0.04442402720451352,-0.05719864368438721,-0.019396662712097168,-0.09009924530982968,-0.032984688878059415,0.08414185047149658,0.046930149197578486,-0.08414185047149658,-0.046930149197578486,0.0681111216545105,0.23009651899337774,-0.06610111519694328,0.3196962177753449,0.029119312763214056,-0.25263902544975286,0.3320184759795666,0.005731046199798695,-0.09892693161964419,0.45637261867523177,-0.08546485751867294,0.5243339240550995,0.2576957046985626,-0.07576328516006459,0.25114890187978745,-0.1366063356399536,0.025076180696487593,-0.022063136100769043,0.12499183416366572,-0.039853572845458984
1656267670.png,0.14237409830093395,-0.09310647845268252,0.0001390576362608753,-0.0349236726760864,-0.021028578281402643,-0.044148489832878085,-0.05638861656188965,-0.01854999363422391,-0.09212237596511844,-0.03203549981117251,0.08393216133117676,0.04639196395874029,-0.08393216133117673,-0.046391963958740234,0.06731548905372631,0.23010376095771784,-0.06673318147659299,0.32203027606010437,0.028791338205337524,-0.25128993391990667,0.33122119307518005,0.0045757293701171875,-0.09083847701549522,0.4585223495960234,-0.08572084084153173,0.5368505418300629,0.2495607286691666,-0.07806736230850209,0.2486733235418797,-0.1498311161994934,0.025628238916397095,-0.02165144681930531,0.1387782990932464,-0.039521634578704834
1656267671.png,0.1415694430470467,-0.09010159969329834,0.0008298754692077637,-0.034860461950302096,-0.020503908395767267,-0.04409047961235052,-0.05572810769081116,-0.019504621624946622,-0.08963213860988614,-0.032580971717834445,0.08331478387117383,0.04317514598369593,-0.08331478387117383,-0.043175145983695984,0.0645064115524292,0.2361541092395783,-0.06717608124017715,0.32369792461395264,0.03214862942695623,-0.2511289119720459,0.33173244446516037,0.001975536346435547,-0.10068009793758392,0.46359542012214655,-0.08810554072260857,0.5243647694587709,0.26041083037853247,-0.07444673776626598,0.2503942511975765,-0.13766622543334972,0.02408474683761591,-0.02408570051193204,0.1285049021244048,-0.03844064474105835
1656267672.png,0.14238259196281428,-0.09079113602638239,-0.00011980533599847965,-0.034187629818916376,-0.0203515887260437,-0.04317553341388705,-0.0573133528232575,-0.02069568634033203,-0.0897465050220489,-0.03348918259143832,0.08338332176208502,0.04281638562679285,-0.08338332176208499,-0.04281638562679291,0.0679580569267273,0.23537573218345637,-0.06851579621434209,0.32049477100372314,0.0291653573513031,-0.25103348493576033,0.33267502859234804,0.004159271717071644,-0.10237988829612737,0.4642177522182465,-0.087959099560976,0.5340278744697572,0.26141199469566356,-0.07591819763183605,0.2509219534695149,-0.14827084541320823,0.024631142616271806,-0.022039055824279785,0.1358895599842071,-0.039060592651366965
1656267673.png,0.14450395107269282,-0.09039160609245303,-0.0007644295692443848,-0.03357815742492676,-0.020812958478927557,-0.04204884171485895,-0.05848640203475952,-0.019738391041755676,-0.0898450165987015,-0.03200535476207736,0.0837695300579071,0.043228343129158076,-0.0837695300579071,-0.04322834312915802,0.07066348195075983,0.2361998558044433,-0.06909910589456558,0.3216328322887422,0.027713030576706044,-0.2515036165714264,0.333070583641529,0.003783404827117809,-0.09940867125988007,0.44698077440261824,-0.0863121747970581,0.5257503092288971,0.2595340460538864,-0.06020510196685791,0.2656687498092651,-0.1618049144744873,0.02590242028236389,-0.04076594114303578,0.10671865940094005,-0.019602596759796143
1656267674.png,0.14350987225770948,-0.09026388823986053,-0.0005359649658202015,-0.03364503383636472,-0.02044013142585749,-0.042222261428833036,-0.05856895446777349,-0.02045767009258273,-0.08912575244903567,-0.03184160590171811,0.08274609595537183,0.042589008808135986,-0.08274609595537183,-0.042589008808135986,0.06890070438385021,0.23356106877326965,-0.0680929385125637,0.3168516457080841,0.029098957777023315,-0.24903663992881775,0.32753578945994366,0.007783651351928711,-0.08981606364250175,0.4623038470745088,-0.08710788935422897,0.5244201719760896,0.2496546506881713,-0.0732102990150455,0.26309926062822336,-0.16118705272674572,0.02597078680992143,-0.025103211402892844,0.12311947345733648,-0.018284916877746582
1656267675.png,0.1443769410252571,-0.08750721812248227,-0.001242756843566839,-0.03423921763896942,-0.01985311508178711,-0.041292980313301086,-0.061300784349441584,-0.02168515324592593,-0.08824799954891208,-0.03243502974510193,0.08323246985673904,0.04190719127655035,-0.08323246985673904,-0.04190719127655029,0.0655879378318786,0.23616203665733332,-0.06829387322068214,0.32143643498420715,0.03332999348640453,-0.24815633893013006,0.3267996795475483,0.0037693381309508167,-0.08816930651664734,0.4453136622905733,-0.08712369576096535,0.5235891044139861,0.2478751540184021,-0.08567416667938266,0.24965675547718996,-0.15929222106933583,0.023282051086425726,0.005919814109802357,0.12093728780746466,-0.01992100477218628
1656267676.png,0.14500591158866877,-0.08844892680644992,-0.001163631677627508,-0.035597443580627386,-0.01936882734298695,-0.040179461240768405,-0.06261897087097168,-0.02062773704528814,-0.08775785565376287,-0.031873419880867004,0.08317238092422485,0.04191333055496216,-0.08317238092422485,-0.04191333055496216,0.06882560253143316,0.232831209897995,-0.0718078464269638,0.3204304277896881,0.02986428141593922,-0.2446934878826142,0.3259463757276535,0.004090070724487305,-0.08690559864044192,0.4453713595867156,-0.08833495154976845,0.5238294899463654,0.26200851798057556,-0.08678370714187611,0.26587972417473793,-0.1594213843345642,0.008118778467178345,-0.011260688304901123,0.1025492250919342,-0.020040452480316273
1656267677.png,0.1451223269104957,-0.08951291441917417,-0.0009249150753020685,-0.03497210144996646,-0.019879758358001653,-0.04065445065498349,-0.06164032220840454,-0.01928162574768061,-0.0891000032424927,-0.03025183081626895,0.0839538648724556,0.04148776829242701,-0.08395386487245562,-0.04148776829242701,0.06584042310714722,0.23661142587661754,-0.06930637359619138,0.31824198365211487,0.03238177299499517,-0.2475927472114563,0.3240301460027694,0.005367934703827015,-0.09019675850868225,0.4429507851600649,-0.08876001089811322,0.5216719806194304,0.24792808294296265,-0.1161378026008607,0.2489529326558113,-0.17914849519729603,0.011580020189285278,0.016858994960784912,0.11988696455955505,0.0007662773132324219
1656267678.png,0.14680393785238266,-0.0877737402915954,-0.0006819665431976318,-0.03479751944541937,-0.019553184509277288,-0.040427491068840055,-0.061424493789672796,-0.019997909665107755,-0.08779300749301908,-0.03238348662853244,0.08119132369756699,0.041224703192710876,-0.08119132369756696,-0.041224703192710876,0.07156944274902349,0.23182281851768494,-0.07007840648293492,0.3207889199256897,0.03133064508438105,-0.24175637960433954,0.3251167424023152,0.00396031141281139,-0.09538789093494407,0.4487780034542084,-0.09030962735414502,0.5240686535835264,0.2598298341035842,-0.0883793830871582,0.2517536804080009,-0.1594937443733212,0.021814644336700495,0.007102489471435658,0.1242391467094422,-0.017737150192260853
1656267679.png,0.14435743540525436,-0.08738185465335846,-0.001182317733764704,-0.03383640944957733,-0.019971579313278198,-0.04059116542339328,-0.05985254049301142,-0.020774006843566867,-0.0873904824256897,-0.030492261052131653,0.08311685174703598,0.04084929823875433,-0.08311685174703598,-0.04084929823875433,0.06735935807228088,0.23270145058631891,-0.07215417921543121,0.31672236323356623,0.03191697597503668,-0.24302560091018682,0.32678583264350886,0.006119728088379017,-0.08861824870109555,0.4447565376758574,-0.08858399093151093,0.5210330188274384,0.2481405138969421,-0.08606207370758046,0.2495474517345428,-0.15880823135375977,0.023929893970489446,0.008236169815063366,0.12141007184982305,-0.019713640213012695
1656267680.png,0.13988504931330678,-0.06991019845008845,0.002247571945190485,-0.039469644427299416,-0.015926539897918646,-0.05066284537315366,-0.060182929039001465,-0.02957777678966525,-0.08282402157783506,-0.05102740228176114,0.08711282536387441,0.05041944980621338,-0.0871128253638744,-0.05041944980621332,0.07435905933380138,0.23735296726226818,-0.03537102043628694,0.3146821260452271,0.06295612454414362,-0.011649787425994873,0.31186566501855845,-0.005822658538818359,-0.03784270584583277,0.39411813020706177,-0.015687115490436568,0.5219923853874207,0.30564700067043293,-0.052417874336242565,0.30161958932876587,-0.0997539758682251,0.09051191806793213,-0.009279787540435791,0.06301265954971325,-0.07513260841369629
1656267681.png,0.1314017549157143,-0.08878499269485479,0.00668975710868841,-0.037469342350959695,-0.01804929971694952,-0.04945139586925504,-0.050061881542205894,-0.026385188102722196,-0.08719159662723536,-0.04994507133960721,0.08621697872877118,0.06344276666641241,-0.08621697872877118,-0.06344276666641235,0.02490372955799114,0.2560663819313049,0.031767800450324984,0.30548691749572754,0.09979280829429615,0.008989870548248402,0.2539821118116379,0.006861507892608643,-0.0504890233278274,0.424104332923889,0.007996030151844039,0.5160167813301086,0.2213132381439209,-0.0024937987327574573,0.2540492042899132,0.00398564338684082,0.1552206575870514,0.04639542102813721,0.08064579963684088,0.02504575252532959
1656267682.png,0.14199306815862656,-0.10109023749828341,-0.0008111000061035711,-0.03913700580596921,-0.017413556575775146,-0.04446455836296079,-0.07091300189495084,-0.02486547827720642,-0.0881342738866806,-0.03570528328418732,0.07706765085458755,0.0633588433265686,-0.07706765085458755,-0.0633588433265686,-0.014636084437370356,0.2781123220920563,-0.011855736374855055,0.31426408886909474,0.11918300390243536,-0.08182859420776378,0.2576356083154678,-0.0001219511032103382,-0.06555865705013275,0.44860509037971497,-0.05732500925660135,0.5335831940174102,0.22316184639930725,0.05460268259048462,0.2895866967737674,0.05213224887847934,0.09393122792243952,0.003306150436401145,0.0370422899723053,-0.0069727301597598546
1656267683.png,0.1471247375011444,-0.08948095142841336,0.0017530918121337336,-0.039133906364440973,-0.01868259906768799,-0.0494751185178757,-0.0614288449287414,-0.022981643676757757,-0.09029868245124817,-0.04144155979156494,0.07410548627376556,0.0658836811780929,-0.07410548627376555,-0.06588368117809296,-0.04097214341163635,0.28267514705657953,-0.050950989127159126,0.317789763212204,0.14985631406307215,0.01684945821762096,0.2883940041065216,-0.01327592134475708,-0.06500454246997833,0.4508125185966491,-0.038880433887243285,0.5396457016468047,0.2624507546424866,0.11182284355163574,0.3087592534720897,0.1491209864616394,0.1076362133026123,0.0036181211471556507,0.0012525618076325573,-0.030853271484375222
1656267684.png,0.1372454091906547,-0.0741442590951919,0.0075067877769471325,-0.0381884127855302,-0.0184115469455719,-0.05263514816761025,-0.046425968408584706,-0.031436279416084206,-0.08512818813323969,-0.05623300373554224,0.07602234929800034,0.06287936866283417,-0.07602234929800035,-0.06287936866283417,-0.03533053398132324,0.28322282433509827,-0.045817706733942025,0.30649811029434193,0.14416354894638056,0.009820997714996449,0.2870437391102314,-0.006934940814971813,-0.06152454018592837,0.4503762423992157,-0.04675200581550597,0.5345639586448668,0.23511880636215213,0.10575389862060558,0.2884037047624588,0.12450081110000621,0.07234203815460205,-0.007704615592956765,0.004752814769744873,-0.03557640314102173
1656267685.png,0.13386486470699305,-0.06386405229568481,0.008004277944564875,-0.04049687087535858,-0.015502870082855225,-0.05123527348041537,-0.04456603527069086,-0.027519702911376953,-0.08114741742610929,-0.05869738757610321,0.07942071557044986,0.06170961260795593,-0.07942071557044984,-0.06170961260795599,0.0331174582242966,0.23042938113212585,-0.038204252719879137,0.30295190215110773,0.07039034366607655,-0.03012925386428833,0.2769788056612015,0.011412620544433705,-0.0626082569360733,0.416916102170944,-0.040841463953256586,0.5327820479869843,0.2257941961288452,0.013907611370086892,0.2947489507496357,-0.04888153076171875,0.11286574602127075,0.007485508918762096,0.044014602899551336,0.030515849590301514
1656267686.png,0.13814466446638107,-0.0660228282213211,0.007045924663543701,-0.03903172910213476,-0.015387326478958185,-0.0490353852510452,-0.047760188579559326,-0.029049798846244757,-0.08324104547500608,-0.05785377323627475,0.07395582646131513,0.06425677239894867,-0.07395582646131516,-0.06425677239894872,-0.036510407924652044,0.22469428181648254,-0.02175194025039673,0.3005869388580323,0.12666752934455863,0.009112119674682728,0.24939127266407013,0.007112085819244385,-0.05992624163627622,0.4306386411190032,-0.04553569853305817,0.5340916514396667,0.20645278692245478,0.013993263244628906,0.2810502648353577,-0.004626631736755371,0.05521067976951605,0.026678264141082875,0.019273102283477728,0.003719806671142578
1656267687.png,0.14450386166572565,-0.08561855554580694,-0.0026224553585051935,-0.04108808934688568,-0.016210347414016613,-0.048281148076057434,-0.07372505962848669,-0.03171035647392276,-0.08667418360710152,-0.04210096597671509,0.07701675593852997,0.061522841453552246,-0.07701675593852997,-0.061522841453552246,-0.022552102804184015,0.28119793534278864,-0.03879455104470254,0.30694791674613947,0.14145196974277507,-0.04270529747009277,0.2685073502361775,-0.0016575455665588379,-0.06297256052494049,0.44095000624656683,-0.04787562787532806,0.5506450831890104,0.22704139351844793,0.024726450443267822,0.30457955598831177,-0.0028902292251585804,0.10363322496414179,-0.011548221111297718,0.03448784351348866,-0.034866273403167725
1656267688.png,0.14892856031656265,-0.037074595689773615,0.005913972854614258,-0.04384726285934448,-0.011517822742462214,-0.05237294733524317,-0.06233233213424688,-0.04342737793922416,-0.07925955951213834,-0.058895900845527704,0.0687263831496239,0.06309139728546137,-0.06872638314962387,-0.06309139728546131,-0.05795204639434817,0.22519427537918096,-0.06696812063455582,0.30895859003067005,0.1315333992242813,-0.01818901300430298,0.26415566354990005,0.015296578407287487,-0.08649098873138433,0.41452389955520624,-0.06114875897765159,0.5318617820739743,0.2594646066427231,0.11782258749008179,0.32556673511862755,0.05584192276000999,0.09964153170585632,-0.02392381429672219,0.015526950359344427,-0.04691869020462047
1656267689.png,0.14206026121973986,-0.06324826180934906,0.008489578962326105,-0.03805060684680944,-0.015532284975051824,-0.0502551794052124,-0.04736313223838806,-0.02733421325683591,-0.08141843974590304,-0.05652765929698947,0.07401950284838676,0.06120656430721283,-0.07401950284838678,-0.061206564307212885,-0.04880364239215848,0.27867063879966736,-0.05449325218796729,0.29773890972137457,0.1618505269289017,-0.008038401603698841,0.27128350362181664,0.007759809494018555,-0.07626096904277802,0.4127101004123688,-0.062015134841203676,0.5117941498756406,0.2583294063806534,0.04145151376724221,0.29280571267008776,0.03625881671905529,0.12790712714195263,-0.0013036727905270107,0.009575277566909846,-0.03343921899795521
1656267690.png,0.1416557580232621,-0.08540846407413483,-0.0010800957679749645,-0.03944587707519531,-0.018293261528015248,-0.04803156852722168,-0.06272672116756436,-0.023220613598823547,-0.08591492474079127,-0.04005204141139984,0.07505168020725247,0.06150449812412262,-0.07505168020725249,-0.06150449812412262,-0.03110677003860468,0.25020894408226013,-0.05370841175317762,0.29983532428741444,0.12841853499412537,0.020648717880249134,0.27190534025430674,0.002413034439087025,-0.0763485580682754,0.40942105650901806,-0.05996310152113436,0.5112367868423463,0.2559999972581863,0.047050237655639426,0.30757676996290684,0.04146784543991089,0.13192880153656011,0.022293150424957386,0.0031031966209412176,0.008899509906768688
1656267691.png,0.1446048654615879,-0.08599244058132174,-0.008282303810119573,-0.041377812623977606,-0.022150158882141113,-0.04372942447662351,-0.08105525374412542,-0.01863506436347967,-0.08918322622776031,-0.024029940366745023,0.09992349520325661,0.020223587751388605,-0.09992349520325662,-0.020223587751388605,0.05476725101470953,0.25694754719734186,0.0001520663499832292,0.309642344713211,0.0632270872592926,0.04360443353652954,0.315033994615078,0.022103726863861195,-0.04789365828037259,0.44435337185859664,0.005566053092479706,0.511132687330246,0.2254105061292647,0.01714235544204723,0.21386049687862396,0.01668703556060791,0.029829978942871205,0.016070544719696045,0.08932808041572571,-0.02431654930114746
1656267692.png,0.14762567728757856,-0.09369215369224548,-0.006893903017044067,-0.0389372855424881,-0.019776672124862726,-0.04263988137245181,-0.07552158832550049,-0.01746535301208499,-0.08900116384029383,-0.021214768290519714,0.10179161280393603,0.039748504757881165,-0.10179161280393605,-0.039748504757881165,0.06016445159912104,0.2574126124382019,-0.015677079558372484,0.3223283588886261,-0.0322968065738678,-0.15577858686447138,0.30440035462379456,0.017077207565307617,-0.09679219126701355,0.4039708375930786,-0.04551349952816961,0.49535229802131653,0.20763590931892384,-0.14176541566848755,0.1468206979334354,-0.2990025281906128,-0.0983907282352447,-0.0029543638229371227,0.08697682619094851,0.1278473734855653
1656267693.png,0.14277982711791998,-0.092848315834999,-0.00258752703666687,-0.038353890180587824,-0.020034641027450506,-0.041628092527389554,-0.06998586654663091,-0.01819117367267606,-0.08990773558616644,-0.025920867919921903,0.09671974182128906,0.04701942205429077,-0.09671974182128903,-0.04701942205429077,0.017081886529922596,0.2548562288284301,-0.06288610398769374,0.3395740985870362,0.06071671843528742,-0.26359942555427535,0.32993750274181366,-0.002083301544189453,-0.0965931415557861,0.4627147316932679,-0.06212196499109267,0.5455446839332583,0.27588006854057323,0.007974982261657826,0.28674275428056717,-0.023011684417725053,0.0010918676853181042,-0.059482216835022084,0.02235710620880116,-0.06385040283203103
1656267694.png,0.14488632977008814,-0.08467657864093786,-0.0031899809837341864,-0.037327170372009194,-0.021057158708572388,-0.04054673016071311,-0.05340555310249323,-0.019931599497795133,-0.08634224534034729,-0.033599615097045954,0.09227488934993744,0.04283113777637476,-0.09227488934993747,-0.04283113777637482,0.03591838479042042,0.255315274000168,-0.06231185793876651,0.33719998598098755,0.040491789579391535,-0.26505255699157726,0.33537113666534424,-0.00418543815612793,-0.0816960036754609,0.46806362271308916,-0.05586951971054081,0.541592001914978,0.2757609188556672,0.027606844902038463,0.2501124143600464,0.023860037326812744,-0.026334166526794545,-0.03185665607452404,-0.06235301494598394,0.014202713966369518
1656267695.png,0.14414021000266067,-0.08581124246120453,-0.0016088485717773438,-0.03839945793151858,-0.01882237195968628,-0.041995525360107394,-0.05590063333511347,-0.02031032741069791,-0.08624160289764404,-0.032938525080680875,0.09267887100577352,0.04489018023014074,-0.09267887100577353,-0.04489018023014074,0.03227987885475159,0.25187611579895003,-0.06246566772460943,0.33799335360527044,0.04506102204322804,-0.2657016217708586,0.3333083614706993,-0.0061539411544799805,-0.08497720956802368,0.47947978973388666,-0.05726575851440434,0.5425737798213959,0.27653318643569935,0.009348690509796143,0.2689898833632469,0.020406723022460938,-0.008428245782852062,-0.03260207176208507,-0.08263692259788513,0.01684415340423595
1656267696.png,0.14544312283396715,-0.08725427091121671,-0.003276199102401678,-0.038017272949218694,-0.01720109581947321,-0.042163580656051663,-0.07188841700553894,-0.02718846499919894,-0.09122860431671148,-0.03068342804908747,0.09301881119608879,0.044693171977996826,-0.0930188111960888,-0.044693171977996826,0.031330108642578125,0.25273832678794866,-0.060156982392072664,0.3351942598819732,0.04567953944206238,-0.26731559634208685,0.33274147287011147,-0.004057228565215953,-0.08398619294166568,0.4634581506252288,-0.0571460649371147,0.542328804731369,0.2763153612613678,0.010082006454467773,0.2707013338804245,0.0027021169662476696,-0.010562032461166326,-0.017126917839050293,0.049923777580261286,-0.06441301107406627
1656267697.png,0.14602947980165473,-0.08757187426090246,-0.0035234689712523304,-0.03814978897571561,-0.018514961004257147,-0.04240134358406064,-0.057188332080841064,-0.018476441502571134,-0.09127739071846008,-0.029601663351058988,0.09306938201189038,0.04447513818740845,-0.0930693820118904,-0.04447513818740845,0.02863326668739319,0.25160744786262507,-0.0639195367693901,0.33807227015495295,0.04806590080261236,-0.2668001055717468,0.33657858520746237,-0.00742173194885265,-0.07708406448364252,0.4772091209888459,-0.04369089007377623,0.5422997772693632,0.2826007306575775,0.00936913490295388,0.25476680696010595,0.022595107555389293,-0.022799551486968994,-0.028629183769225852,-0.08216261863708502,0.015402078628540261
1656267698.png,0.14608784765005106,-0.08876672387123108,-0.003638863563537542,-0.03825235366821292,-0.019229978322982788,-0.042938262224197415,-0.05743798613548279,-0.01835882663726801,-0.0912520289421081,-0.02933010458946228,0.09420367330312729,0.04588724672794342,-0.0942036733031273,-0.04588724672794342,0.023175299167633057,0.25272196531295776,-0.06314222887158391,0.3392709791660309,0.052786797285079956,-0.27035585045814514,0.338009838014841,-0.007869482040405384,-0.08902333676815027,0.47927182912826527,-0.05930758267641067,0.5579296052455901,0.29331751167774206,0.006100893020629994,0.271817646920681,0.006028711795806885,-0.024573355913162453,-0.028502047061920166,0.04840648174285889,-0.05762672424316406
1656267699.png,0.14588748663663875,-0.0869714617729187,-0.0032102763652802624,-0.03834429383277893,-0.02060964703559881,-0.043139368295669556,-0.056615352630615234,-0.017464756965637207,-0.09081867337226868,-0.029536530375480624,0.09498163312673569,0.04468594491481781,-0.09498163312673569,-0.044685944914817866,0.025238811969757136,0.25122255086898804,-0.06215889751911159,0.3381351530551912,0.0494051575660705,-0.2668835818767548,0.33600431680679327,-0.007197976112365945,-0.078550025820732,0.4600345492362976,-0.04300167411565775,0.5420430600643158,0.2810864299535751,0.02612990140914906,0.2560769394040107,0.020833194255828746,-0.022014319896697943,-0.026579082012176514,0.05042108893394481,-0.08257389068603527
1656267700.png,0.14702282845973977,-0.08676564693450928,-0.003886461257934626,-0.038667917251586886,-0.02019742131233221,-0.04325425624847409,-0.057934701442718506,-0.0179118365049363,-0.0915899276733399,-0.028942272067070035,0.09462244808673856,0.045411944389343206,-0.09462244808673856,-0.045411944389343206,0.02673801779747015,0.251798689365387,-0.06143859028816223,0.3382939696311951,0.048881322145462036,-0.26783105731010437,0.33729329705238337,-0.005780577659607156,-0.09033657610416412,0.4811879992485047,-0.06003006547689438,0.5572701692581177,0.2800839096307755,0.010659098625183105,0.27189650386571884,0.00713038444519043,-0.024823576211929266,-0.03244894742965709,-0.07994255423545832,0.017458021640777588
1656267701.png,0.1479855291545391,-0.0865032225847244,-0.003921985626220759,-0.038832098245620755,-0.020154237747192383,-0.04372191429138192,-0.0583947598934173,-0.017995119094848605,-0.09273496270179746,-0.028378009796142523,0.09371883794665337,0.04506850242614746,-0.09371883794665335,-0.04506850242614746,0.031140506267547663,0.25039228796958923,-0.0619272366166115,0.33784785866737366,0.04622170329093922,-0.267222136259079,0.3356358706951142,-0.006383955478668213,-0.08820050954818726,0.4814228117465974,-0.057742454111576094,0.5439814031124115,0.27950096130371094,0.011008262634277233,0.26938009262084966,0.020048379898071178,-0.025414109230041615,-0.0344604253768922,0.03762865066528309,-0.07884883880615223
1656267702.png,0.147735483944416,-0.08710606396198273,-0.004076510667800903,-0.038730546832084656,-0.020506203174590953,-0.043258875608444214,-0.05868518352508545,-0.01734471321105957,-0.09162959456443792,-0.028702497482299805,0.09448019415140152,0.04522326588630671,-0.09448019415140152,-0.04522326588630676,0.02477395534515381,0.2501314580440523,-0.06035877764225007,0.3383135497570038,0.05165478587150568,-0.2670964002609254,0.33645287156105036,-0.006368279457092285,-0.0801785886287689,0.48046508431434637,-0.057477667927742004,0.5588701665401459,0.26701509952545166,0.032562255859375,0.2702285051345825,0.00449448823928833,-0.02163988351821905,-0.053835391998291016,-0.08266088366508484,0.017925739288329967
1656267703.png,0.14683668687939638,-0.08845694363117224,-0.003990113735198975,-0.03911745548248283,-0.020714282989501898,-0.044266551733016885,-0.05747106671333313,-0.0169537961483002,-0.09165003895759583,-0.028300076723098783,0.09412278607487679,0.04798594117164612,-0.0941227860748768,-0.047985941171646174,0.027747005224227905,0.24703016877174377,-0.06236234307289123,0.33636209368705755,0.04865160584449768,-0.26828902959823614,0.33607289940118784,-0.002576470375061035,-0.09036174416542056,0.4767087996006011,-0.05820333212614058,0.5435990989208221,0.29584065079689015,-0.011437058448791393,0.28721514344215393,0.0008028149604798474,-0.024812817573547252,-0.03234899044036865,0.029575616121292114,-0.061298668384552
1656267704.png,0.14638428762555128,-0.08767236769199371,-0.0037129521369935192,-0.03879868984222412,-0.01998642086982738,-0.043588280677795466,-0.06574919819831843,-0.021375060081481934,-0.0912266075611114,-0.028120234608650152,0.09421365335583687,0.0467110276222229,-0.09421365335583687,-0.0467110276222229,0.026339799165725652,0.248944491147995,-0.06117567047476768,0.3368895947933197,0.07451623678207403,-0.0033347606658936657,0.33515745773911476,-0.0037150979042053223,-0.08894428610801697,0.4633769690990448,-0.05933866649866105,0.5434515774250029,0.27885332703590393,0.02824878692626942,0.2858709245920181,0.0033502578735351562,-0.007867872714996393,-0.03109985589981079,0.019395887851715143,-0.061956405639648215
1656267705.png,0.1466999910771847,-0.08721943199634549,-0.0037708580493927,-0.03864061832427987,-0.020222872495651245,-0.043469399213790894,-0.05796328186988825,-0.017411559820175088,-0.09132909774780279,-0.027902320027351407,0.09415721520781514,0.04607471823692322,-0.09415721520781513,-0.04607471823692327,0.02719452977180481,0.24779078364372242,-0.061375074088573484,0.33837166428565973,0.049287587404251154,-0.26535215973854054,0.3351501375436783,-0.005973994731903076,-0.08931694924831385,0.4628579914569855,-0.05841045826673508,0.5426707565784454,0.27814204990863806,0.028550803661346547,0.2878115624189377,0.0013493895530700684,-0.00738894939422613,-0.05388820171356212,0.031072199344634954,-0.06303095817565929
1656267706.png,0.14740013703703886,-0.08766809105873108,-0.003622055053710993,-0.038907244801521274,-0.020828932523727528,-0.04397442936897278,-0.05733752250671387,-0.016623973846435547,-0.09116494655609125,-0.028363749384880038,0.09406184777617455,0.04563523828983307,-0.09406184777617455,-0.04563523828983307,0.026397287845611572,0.24907368421554565,-0.06112241744995118,0.3383069932460785,0.04910480976104731,-0.26476249098777777,0.33394109457731247,-0.006446659564971924,-0.08758372068405154,0.46512800455093384,-0.05807853490114212,0.544131726026535,0.29449623823165905,0.0038909316062926136,0.2881728410720825,-0.0011754035949707031,-0.02445742487907432,-0.03321695327758789,0.035429537296295166,-0.09179806709289573
1656267707.png,0.1483300998806954,-0.08761496841907501,-0.0039576590061188854,-0.038775756955146845,-0.020669966936111506,-0.043606236577034024,-0.057650417089462225,-0.0169421434402465,-0.09145048260688782,-0.02789410948753357,0.09348956495523453,0.04601331055164337,-0.0934895649552345,-0.04601331055164337,0.03130313754081726,0.24870923161506664,-0.06093412637710574,0.3388296365737915,0.04751297831535334,-0.26651766896247875,0.3328225165605545,-0.006569206714630016,-0.08707839250564578,0.46265462040901184,-0.05861943960189823,0.5415059924125672,0.2796689569950104,0.010049283504485973,0.2868342846632003,0.0030670166015625,-0.009528428316116277,-0.03694719076156616,0.017824620008468683,-0.06294995546340953
1656267708.png,0.1469428539276123,-0.0882782489061355,-0.004427552223205566,-0.038483828306198176,-0.020464330911636353,-0.043309181928634644,-0.05799713730812078,-0.016994550824165316,-0.09159237146377563,-0.027368858456611606,0.09509158134460449,0.04584705829620356,-0.09509158134460448,-0.04584705829620356,0.026480883359909058,0.25026583671569835,-0.06128407642245294,0.33962541818618774,0.0496620237827301,-0.2686333954334259,0.33495057746768,-0.007341980934143066,-0.08995246887207028,0.4649953842163086,-0.058315828442573575,0.5429757237434386,0.2942676246166229,0.023310363292694092,0.28537560999393463,0.001886129379272572,-0.024820595979690607,-0.05018973350524891,0.03313973546028132,-0.06364232301712047
1656267709.png,0.14608481153845787,-0.1185914725065231,-0.001049727201461792,-0.03408248722553253,-0.028445422649383545,-0.039715483784675654,-0.05449238419532776,-0.001654669642448453,-0.0943164527416229,-0.00490863621234891,0.08956583961844444,0.04144361615180969,-0.08956583961844444,-0.04144361615180969,0.04171982407569885,0.23524954915046692,-0.05767619982361794,0.33196398615837097,0.06046721339225769,-0.23404508829116832,0.3219643197953701,-1.9073486328125e-06,-0.08195929229259491,0.46927812695503246,-0.057026624679565416,0.537492960691452,0.27049149572849274,-0.006303071975708008,0.27571763843297953,-0.04244929552078258,0.0036519765853881836,-0.046223104000091886,0.07089287042617803,-0.1417865753173827
1656267710.png,0.15780621767044062,-0.10634209215641022,-0.009798884391784668,-0.03847210109233856,-0.02303189039230341,-0.04267442226409915,-0.07903134822845459,-0.00585782527923584,-0.09493106603622437,-0.003908634185791016,0.10004186630249023,0.0444222092628479,-0.10004186630249026,-0.044422209262847845,0.023677289485931396,0.2544647455215454,-0.062129758298397036,0.33580034971237177,0.06463494896888733,-0.25027656555175776,0.3307071849703788,-0.004152059555053711,-0.10240194201469419,0.4825168251991271,-0.06105997413396834,0.5418277382850645,0.29781925678253174,-0.029780268669128418,0.2971353158354759,-0.024109661579131858,-0.027720451354980358,-0.03480851650238026,0.05407479405403132,-0.07390767335891735
1656267711.png,0.14999109134078026,-0.10314811766147616,-0.0062743425369262695,-0.04073822498321533,-0.023102432489395197,-0.04427894949913022,-0.07322689890861511,-0.0069943666458129605,-0.09461554884910583,-0.00789669156074524,0.10200219973921776,0.04647225141525263,-0.10200219973921774,-0.046472251415252686,0.0184717178344726,0.25326758623123174,-0.061271365731954595,0.3364223837852478,0.08097061514854442,-0.006852924823760986,0.3331849463284015,-0.002636432647705078,-0.10501629114151001,0.4789102673530579,-0.06013198941946031,0.5413872599601744,0.29485341906547535,-0.01101195812225364,0.2936709076166153,-0.0010123252868651234,-0.025169581174850297,-0.03301858901977517,0.044141143560409546,-0.03622710704803467
1656267712.png,0.15097887814044952,-0.10114948451519012,-0.006635725498199518,-0.04009175300598142,-0.020145088434219416,-0.04192022979259491,-0.07186183333396906,-0.008563086390495328,-0.09689173102378845,-0.011030077934265164,0.10053907334804535,0.0449779629707337,-0.10053907334804535,-0.04497796297073364,0.02465495467185974,0.252568632364273,-0.060999952256679535,0.3339332044124603,0.06229844689369202,-0.2504609227180481,0.3307204768061638,-0.0024344325065612793,-0.10299843549728391,0.47977653145790106,-0.06001729518175126,0.5413652956485747,0.2797042727470397,-0.02973979711532604,0.28070998936891556,-0.023554682731628307,-0.024584770202636608,-0.035834312438964955,0.05821153521537775,-0.07114589214324962
1656267713.png,0.15206811949610716,-0.10128618776798248,-0.006888717412948608,-0.04067492485046384,-0.01999425888061529,-0.04240389168262482,-0.0756590068340302,-0.009291455149650601,-0.0965086817741394,-0.010888427495956449,0.1002570204436779,0.04480732977390289,-0.10025702044367792,-0.04480732977390289,0.022820442914962713,0.25306758284568776,-0.060775674879550934,0.3355437517166139,0.0646494328975678,-0.2510268986225127,0.3306073248386383,-0.004084050655365212,-0.10129393637180331,0.4808991253376008,-0.05998217314481733,0.5420402884483336,0.29527874290943146,-0.02927100658416759,0.28063197433948517,-0.024612247943877952,-0.04085129499435425,-0.035220444202423096,0.0587465763092041,-0.07030916213989258
1656267714.png,0.15162979811429972,-0.10122610628604883,-0.006620585918426458,-0.04045788943767556,-0.02047181129455561,-0.042569249868393,-0.07543414831161499,-0.010075211524963351,-0.09643557667732239,-0.011875182390213013,0.10062729567289352,0.045942157506942805,-0.10062729567289351,-0.045942157506942805,0.022115230560302734,0.25219073891639715,-0.060730680823326125,0.33689084649086004,0.0712045431137085,-0.005449533462524525,0.33205991983413696,-0.004288017749786488,-0.10186101496219638,0.47978547215461725,-0.05903776735067369,0.5417847335338595,0.2952180951833725,-0.030276119709015004,0.2797573581337929,-0.02163749933242798,-0.040999770164489746,-0.03336411714553833,0.05769544839859009,-0.041031599044799916
1656267715.png,0.15170815959572798,-0.10167604684829712,-0.006798177957534901,-0.0401619225740433,-0.019353687763214167,-0.04194979369640353,-0.07643169164657593,-0.011300176382064764,-0.09648662805557251,-0.012020707130432129,0.0995523370802402,0.04534593224525446,-0.09955233708024021,-0.04534593224525452,0.026245743036270197,0.25189736485481257,-0.060955479741096545,0.3349449932575226,0.062282234430313055,-0.2507835328578948,0.330860786139965,-0.0030516386032104492,-0.10156853497028343,0.478451520204544,-0.06024510413408284,0.5415226519107817,0.27990390360355377,-0.028005361557006836,0.281152680516243,-0.021632194519042747,-0.024034053087234386,-0.0356783866882322,0.05761262774467463,-0.07257610559463534
1656267716.png,0.15057533979415896,-0.09984524548053747,-0.006003916263580378,-0.04195635020732877,-0.021079838275909424,-0.043617323040962164,-0.0635440051555633,-0.004669502377510071,-0.09650439023971558,-0.011010050773620605,0.10196900367736814,0.04536862671375269,-0.10196900367736814,-0.04536862671375269,0.01784107089042669,0.2538063824176789,-0.059603661298751824,0.3359555602073669,0.07423150539398199,-0.005697190761566162,0.3336276412010193,-0.003824591636657715,-0.1040645688772201,0.47983995079994196,-0.05886499583721162,0.5413277745246887,0.2948801964521408,-0.01200568675994873,0.29191975295543665,0.01865023374557495,-0.02518478035926819,-0.029177844524383323,0.04451796412467962,-0.05311554670333862
1656267717.png,0.15193548798561085,-0.10269144177436826,-0.006780028343200517,-0.040652275085449274,-0.020964115858077892,-0.04286341369152072,-0.07583373785018926,-0.009353920817375183,-0.0974741280078888,-0.01062813401222229,0.1005362868309021,0.04675704240798956,-0.1005362868309021,-0.0467570424079895,0.02339702844619751,0.25097528100013716,-0.06240829080343246,0.3344758450984955,0.06866797804832458,-0.006971418857574352,0.33181001991033565,-0.002637028694152832,-0.10357943177223211,0.47834601998329146,-0.06101186946034431,0.5415897667407988,0.2806000113487244,-0.02780061960220337,0.28091575577855116,-0.023298263549804576,-0.009090662002563588,-0.03759753704071045,0.05689048767089838,-0.04015117883682262
1656267718.png,0.15218989178538328,-0.10029028356075279,-0.00634145736694347,-0.04128015041351321,-0.02027416229248058,-0.04310488700866702,-0.07513454556465143,-0.011081457138061523,-0.09699535369873041,-0.012495160102844238,0.09977255389094353,0.04560154676437378,-0.09977255389094354,-0.04560154676437378,0.024242669343948364,0.25141015648841863,-0.0594653785228729,0.33440849184989935,0.07110041379928589,-0.004931390285491832,0.3299792632460594,-0.002770066261291504,-0.10030460357666018,0.4790352284908295,-0.059943471103906625,0.5415249764919281,0.29437649250030506,-0.028661727905273438,0.28147634491324425,-0.023077726364135853,-0.039155185222625566,-0.035454511642456055,0.05650430917739868,-0.04232192039489735
1656267719.png,0.1512835323810577,-0.10074841976165771,-0.006672412157058716,-0.041304796934127835,-0.020285099744796697,-0.043249487876892145,-0.07548385858535761,-0.010312631726264926,-0.0966985821723938,-0.011314272880554116,0.10022041201591489,0.0462222546339035,-0.10022041201591489,-0.04622225463390356,0.01413720846176153,0.25032731890678406,-0.06193088367581368,0.33488243818283087,0.08008149266242975,-0.005107760429382324,0.336247880011797,-0.0021420717239379883,-0.10255354642868039,0.4773949086666106,-0.0595935396850109,0.5414696335792544,0.28125545382499695,-0.02643442153930653,0.28040946647524834,-0.023112654685974343,-0.025172621011734064,-0.017299890518188477,0.04334753751754755,-0.04121220111846924
1656267720.png,0.1494135409593582,-0.09851244091987607,-0.0066271126270293634,-0.04217302799224859,-0.02100634574890131,-0.044726938009262085,-0.07089486718177795,-0.009286880493164007,-0.0955418050289154,-0.01136040687561038,0.10301236808300016,0.04722853004932409,-0.10301236808300016,-0.047228530049324036,0.01662880182266241,0.25660780072212214,-0.06047728285193445,0.3365486264228821,0.07565975189208984,-0.00954437255859375,0.33533927425742144,-0.001972198486328125,-0.10860678553581232,0.49452862143516535,-0.060967281460762024,0.5439119338989258,0.2952408492565155,-0.009503304958343617,0.27477099001407623,0.018767595291137473,-0.023785650730133,-0.028370678424835205,0.0626175701618194,-0.033489048480987216
1656267721.png,0.15718603134155273,-0.11341793835163116,-0.006873369216919001,-0.038092777132987976,-0.026430398225784302,-0.04318535327911377,-0.0690337717533111,-0.005017325282096918,-0.09438678622245791,-0.004335045814514188,0.09498021006584167,0.041155904531478826,-0.09498021006584166,-0.04115590453147888,0.06148865818977356,0.2571216523647309,-0.054589480161666884,0.33360233902931213,0.03392145037651062,-0.249250590801239,0.3224048316478729,-0.00042569637298583984,-0.07410639524459836,0.4536666572093964,-0.03980038315057756,0.5402688086032866,0.28519415855407715,-0.017801642417907826,0.29977200180292135,-0.01847761869430531,0.012151539325714,-0.010225355625152477,0.049216061830520574,-0.06861823797225941
1656267722.png,0.14224456995725634,-0.14007249474525452,-0.007824301719665583,-0.03861178457736969,-0.025963693857193104,-0.04591591656208038,-0.06468859314918518,-0.0003896206617355624,-0.09590016305446616,-0.0029174089431762695,0.1005237624049187,0.03307308256626129,-0.1005237624049187,-0.03307308256626135,0.08000281453132624,0.22017759084701538,-0.0028791576623916487,0.3164068758487702,0.06487712264060974,-0.19584709405899048,0.28629872202873236,0.005335390567779541,-0.021459519863128718,0.4489535689353943,0.023640796542167664,0.5201359689235687,0.26002636551856995,-0.05783802270889293,0.3081942200660706,-0.04848623275756836,0.15687429904937744,0.15694570541381847,0.33716663718223555,-0.14012736082077026
1656267723.png,0.14754763990640635,-0.10895779728889463,-0.003828197717666515,-0.038694977760315,-0.024042129516601507,-0.04676242172718051,-0.07088291645050054,-0.016492590308189392,-0.09530700743198392,-0.02370014786720273,0.09198612719774246,0.03573125600814825,-0.09198612719774248,-0.03573125600814819,0.09553414583206182,0.2579245269298552,-0.00996296107769011,0.32376572489738453,0.030731230974197388,-0.14752045273780817,0.2693977952003479,-0.014856934547424205,-0.03017404675483701,0.4232411086559296,0.00680197030305861,0.5178597867488861,0.2921348810195923,-0.17622679471969604,0.2912120595574379,-0.16904348134994507,0.137803316116333,0.12705111503601063,0.3556455969810484,-0.0036447644233703613
1656267724.png,0.13988615572452548,-0.11591537296772,-0.001966148614883423,-0.037724569439888,-0.025909066200256292,-0.04622310400009161,-0.06097984313964844,-0.008897379040718106,-0.09366504848003393,-0.01686944067478177,0.09421725571155545,0.0361209511756897,-0.09421725571155545,-0.0361209511756897,0.07574918866157532,0.20698580145835876,-0.01631383597850801,0.3261187970638275,0.043586820363998524,0.04302215576171875,0.30605010688304896,-0.0025866031646727405,-0.0314506441354751,0.39402100443840027,0.0077735260128974915,0.5075200498104094,0.23639671504497534,-0.04345506429672241,0.29929500073194504,-0.13200318813323964,0.17511594295501703,0.05313950777053822,0.3412567973136901,-0.025954067707061768
1656267725.png,0.1399493664503097,-0.114644929766655,-0.004089474678039551,-0.038886189460754395,-0.024856120347976685,-0.04588255286216733,-0.06981179118156433,-0.012238502502441406,-0.09308771789073939,-0.019261121749877902,0.09347529709339142,0.03562533855438227,-0.09347529709339143,-0.035625338554382324,0.07623571157455439,0.2109446525573731,-0.01581160724163054,0.3270995616912842,0.04947134852409368,0.04351013898849487,0.2970643788576126,-0.0020964741706848145,-0.0290653258562088,0.412831485271454,0.00564957410097125,0.5224035382270813,0.24711595475673676,-0.05630600452423107,0.2936204597353936,-0.107019543647766,0.07550188899040233,0.09996700286865223,0.12934842705726618,0.062297940254211426
1656267726.png,0.13926081731915474,-0.11723467707633975,-0.004417479038238581,-0.038784101605415316,-0.024327993392944336,-0.04578596353530881,-0.0703977048397064,-0.011487931013107328,-0.09344302117824554,-0.018682435154914884,0.09318645671010017,0.03912132978439331,-0.09318645671010017,-0.03912132978439331,0.07548549771308899,0.20627614855766296,-0.01868473738431929,0.3258834183216095,0.048052698373794556,0.042689502239227295,0.2975142002105713,-0.0032538175582885742,-0.030974000692367554,0.42587533593177795,0.005008012056350722,0.5260416567325591,0.24774229526519792,-0.04644131660461415,0.2948743775486946,-0.08100152015686035,0.09769928455352755,0.07301908731460571,0.11643514037132263,0.05596446990966819
1656267727.png,0.13834438100457194,-0.1154445558786392,-0.004701286554336548,-0.039625138044357355,-0.02384859323501587,-0.04629811644554141,-0.07149298489093783,-0.013697743415832492,-0.09214638173580175,-0.020699158310890226,0.09355807676911351,0.03825360536575323,-0.09355807676911351,-0.038253605365753174,0.08379045128822338,0.21818929910659784,-0.017812229692935944,0.3263455629348754,0.07768279314041138,0.028108835220336914,0.29971887171268463,-0.0034542083740233265,-0.04018914699554438,0.45097160339355463,0.0033032745122909407,0.53911554813385,0.23833850026130676,-0.023264586925506703,0.2787896320223809,-0.04044884443283081,0.09677016735076904,0.04079914093017589,0.0998087823390959,0.0013418197631837048
1656267728.png,0.13788494840264323,-0.11652839183807373,-0.004415452480316162,-0.03919696807861328,-0.023439586162567194,-0.044895604252815274,-0.07176302373409266,-0.013517811894416837,-0.09257261455059046,-0.0220263600349426,0.09369427338242528,0.03976769745349884,-0.0936942733824253,-0.039767697453498896,0.08182248473167425,0.21587195992469788,-0.01958016306161879,0.3276066184043885,0.059629023075103704,0.03317314386367798,0.30111791193485266,-0.003469049930572621,-0.035773053765296825,0.4475459158420564,0.0026706308126449724,0.5408545136451721,0.23233918845653528,-0.020364701747894398,0.26252593845129013,-0.03942936658859242,0.07391157746315002,0.016818046569824108,0.09877240657806396,-0.0026791691780091442
1656267729.png,0.1387340053915978,-0.11702287197113034,-0.004456818103790339,-0.03901991248130801,-0.023638486862182617,-0.04455003142356875,-0.07180932164192197,-0.012742310762405423,-0.09220503270626074,-0.021404176950454712,0.09323929995298386,0.03978331387042999,-0.09323929995298387,-0.03978331387043005,0.07538837194442749,0.21349388360977173,-0.018760748207569122,0.32672503590583796,0.06456515192985535,0.034990668296813965,0.29976215213537216,-0.0030117034912108265,-0.039993077516555786,0.4451047182083131,0.003894187510013608,0.5381610095500946,0.2386936247348786,-0.0396828055381776,0.27717364579439163,-0.06572520732879661,0.07393139600753768,0.040715157985687256,0.09458562731742853,0.003791213035583607
1656267730.png,0.13771616294980052,-0.11810645461082456,-0.004396796226501465,-0.03871536254882818,-0.0234757661819458,-0.044563487172126826,-0.0715668797492981,-0.012627929449081393,-0.09250073134899137,-0.02157467603683469,0.09411789849400518,0.0415143221616745,-0.09411789849400519,-0.041514322161674444,0.08145508170127874,0.21359875798225392,-0.01878979057073593,0.3265967965126037,0.05711299180984508,0.03263932466506969,0.29978001117706304,-0.0029664039611816406,-0.04295772314071655,0.4446289837360381,0.002730838954448714,0.5403691530227661,0.23908641934394842,-0.022736847400665283,0.2781323939561844,-0.06797933578491211,0.0941033363342284,0.023258745670318715,0.0958774983882903,0.026999533176422008
1656267731.png,0.13847472146153458,-0.11345897614955908,-0.0038067698478699286,-0.04131276905536646,-0.023824095726013295,-0.04701320827007288,-0.07110944390296936,-0.012939214706420898,-0.09306174516677856,-0.021811440587043762,0.09410213306546208,0.040393128991127014,-0.09410213306546207,-0.04039312899112707,0.082282155752182,0.21366912126541138,-0.020023316144943265,0.32708165049552923,0.05442574620246887,0.034146368503570446,0.30146557837724686,-0.0019654035568237305,-0.04636082053184501,0.44568008184432983,-0.00010582804679873381,0.5390524566173551,0.2418991923332214,-0.024025797843933105,0.26884550601243973,-0.06652379035949685,0.07383126020431519,-0.00041472911834716797,0.1048455536365509,-0.023562192916870228
1656267732.png,0.1406993716955185,-0.0991342514753342,-0.0057869553565979,-0.04380619525909424,-0.020353615283966064,-0.04914999008178708,-0.07471348345279691,-0.0194398760795593,-0.0901980996131897,-0.023683845996856717,0.09276185929775238,0.03947296738624573,-0.0927618592977524,-0.03947296738624573,0.07458275556564326,0.2042786180973053,-0.021392479538917528,0.3266521394252777,0.05881011486053461,0.04484903812408447,0.30042369663715357,-0.0008887052536010742,-0.04193970561027527,0.4299112260341643,0.0011861175298690796,0.5278923213481902,0.24105557799339294,-0.05284118652343739,0.2833649963140487,-0.057422637939453014,0.0951135754585265,0.049081504344940075,0.11519154906272894,0.005177855491638184
1656267733.png,0.14010100811719894,-0.10305909812450406,-0.004646360874176025,-0.04190714657306671,-0.02104240655899048,-0.04727661609649658,-0.0710765421390534,-0.01691520214080805,-0.09017930924892428,-0.023468047380447332,0.0925217792391777,0.04099598526954645,-0.09252177923917772,-0.04099598526954645,0.0759875476360321,0.21287432312965393,-0.01932156831026076,0.32719478011131276,0.058564722537994385,0.03346651792526256,0.3019895479083061,0.00026011466980002673,-0.040079548954963684,0.4263378679752351,0.0006590634584427157,0.5279122292995453,0.24235065281391138,-0.05273902416229248,0.2959343791007995,-0.08545315265655529,0.13559553027153032,0.0773996114730835,0.11879581212997442,0.0367075800895692
1656267734.png,0.1415800377726555,-0.10209193825721743,-0.004767268896102905,-0.04161211848258964,-0.020528078079223633,-0.04722265899181363,-0.07460451126098633,-0.018332779407501276,-0.09097875654697421,-0.022829368710517883,0.09203752130270004,0.03993673622608185,-0.09203752130270003,-0.03993673622608185,0.07575315237045288,0.20184412598609924,-0.02143452316522601,0.32575464248657227,0.05992484092712402,0.045622825622558705,0.3016261979937554,0.0005815029144287109,-0.042947247624397306,0.424670308828354,-0.01303495466709137,0.5242488980293274,0.2444360703229904,-0.05345886945724487,0.29641810059547424,-0.0819295048713683,0.11464095115661627,0.05572426319122292,0.11649233102798462,0.033017218112945446
1656267735.png,0.14080004394054407,-0.0996167659759522,-0.0038019716739653986,-0.042187452316284096,-0.021329343318939153,-0.047753930091857855,-0.06648555397987366,-0.011708810925483731,-0.09048798680305481,-0.022751882672309875,0.09166456758975983,0.03980903327465063,-0.09166456758975981,-0.03980903327465063,0.07575306296348572,0.20446574687957758,-0.023944742977619185,0.3273451626300811,0.05855464935302729,0.04436558485031117,0.3018124476075173,-0.00037539005279529913,-0.04244890809059143,0.41125458478927585,-0.013507828116416945,0.5265790522098541,0.24585717916488642,-0.06324505805969216,0.2964687198400497,-0.08279371261596691,0.11363905668258673,0.07763826847076416,0.1303513646125793,0.034367918968200906
1656267736.png,0.14094759523868558,-0.10093419253826136,-0.00375935435295105,-0.04168558120727539,-0.02103480696678167,-0.047319814562797574,-0.06720498204231268,-0.012140080332756042,-0.09122566878795618,-0.022975876927375766,0.0918686240911484,0.03986601531505585,-0.0918686240911484,-0.03986601531505585,0.07547211647033686,0.20310387015342718,-0.0216890349984169,0.326947033405304,0.06067609786987299,0.045162856578827015,0.29945788532495493,-1.9788742065429688e-05,-0.04069241881370547,0.42450335621833807,0.0010456591844558855,0.5243765711784363,0.24193626642227176,-0.051234960556030384,0.28044395148754114,-0.08022212982177745,0.11430001258850092,0.054042041301727295,0.14693343639373785,0.033446431159973256
1656267737.png,0.13944352418184286,-0.10298907756805412,-0.004246830940246693,-0.041619420051574735,-0.021505355834960993,-0.046862676739692716,-0.07332645356655113,-0.01845705509185791,-0.08699306845664978,-0.02481609582901001,0.09230846911668777,0.04099225997924799,-0.09230846911668777,-0.04099225997924799,0.07490712404251099,0.2015373706817627,-0.020291842520236955,0.3267045021057128,0.059635549783706665,0.04438471794128429,0.2989796623587609,-0.0021381378173825905,-0.04224926233291623,0.4257767796516422,-0.00012902915477754073,0.5264372229576111,0.2422746419906616,-0.05860817432403587,0.28119426965713507,-0.08274686336517334,0.11568331718444824,0.056760907173156516,0.11763381958007807,0.03159373998641957
1656267738.png,0.14063848555088043,-0.1005361378192901,-0.003391414880752619,-0.04153923690319061,-0.021136969327926636,-0.04710750281810763,-0.06653833389282227,-0.01293782889842987,-0.08983153104782102,-0.02483963966369626,0.09146620333194733,0.03961138427257538,-0.09146620333194734,-0.03961138427257538,0.07675382494926458,0.20361357927322393,-0.01893739402294156,0.3266007006168366,0.05772441625595087,0.04462254047393799,0.29768042266368866,-0.0006252527236937366,-0.04093793034553525,0.40735208988189714,0.0006244108080863814,0.5123915374279022,0.24405768513679513,-0.060630738735199086,0.2794252708554268,-0.09707909822463989,0.11358442902564991,0.07895934581756592,0.13251876831054693,0.06245887279510498
1656267739.png,0.14091606810688975,-0.1010157912969589,-0.0040528178215026855,-0.04145760834217074,-0.021161049604415894,-0.046664237976074247,-0.06690627336502081,-0.011839866638183594,-0.09017898142337796,-0.023049965500831576,0.09101222828030583,0.03993925452232355,-0.09101222828030583,-0.03993925452232361,0.07656127214431763,0.2019805014133454,-0.02058170735836032,0.325460284948349,0.05814933776855474,0.04459834098815918,0.2977212592959404,-0.0002491474151611328,-0.0401066392660141,0.40740022063255327,-8.679181337356567e-05,0.5150919854640961,0.24374915659427648,-0.05932712554931663,0.2791283875703811,-0.09792262315750133,0.13452202081680298,0.08232378959655773,0.13475990295410162,0.06294339895248424
1656267740.png,0.1411237940192222,-0.10317863523960119,-0.004247456789016668,-0.041350007057189914,-0.0206362903118133,-0.04721835255622858,-0.06711724400520319,-0.012041211128234863,-0.09080620110034945,-0.023331254720687894,0.0912899300456047,0.039961457252502386,-0.0912899300456047,-0.03996145725250244,0.07562831044197083,0.20032945275306707,-0.022219501435756683,0.32517024874687195,0.05727866291999817,0.04490023851394653,0.3019801154732704,0.00014990568161010742,-0.04201868176460269,0.4074436724185943,-0.0004854723811149736,0.51411435008049,0.24534139037132272,-0.0636107325553893,0.2818620875477791,-0.09979629516601562,0.13441118597984308,0.08295500278472889,0.14712220430374146,0.06370204687118541
1656267741.png,0.14217055588960642,-0.09938959777355197,-0.002092957496643011,-0.04254002869129178,-0.021265268325805664,-0.049072504043579074,-0.06941518187522894,-0.012719318270683289,-0.09138341248035428,-0.023407056927680997,0.09179548174142838,0.040230244398117065,-0.09179548174142839,-0.04023024439811701,0.07615238428115839,0.20147594809532166,-0.018963351845741258,0.324986845254898,0.05941170454025274,0.04418623447418213,0.29809984564781195,-0.0011377334594727673,-0.04035662114620209,0.42418214678764354,0.0002718493342399736,0.5253994166851041,0.241207793354988,-0.05373424291610729,0.2828196510672569,-0.0811437964439391,0.11588150262832653,0.05462789535522461,0.14555153250694264,0.03230321407318104
1656267742.png,0.14112645387649536,-0.10148596763610843,-0.0039559900760650635,-0.04167003929615015,-0.020664036273956354,-0.04756383597850797,-0.06749805808067322,-0.012743830680847223,-0.09073777496814725,-0.023892074823379517,0.09099209308624268,0.04086348414421076,-0.09099209308624266,-0.040863484144210815,0.07610973715782166,0.2009705007076263,-0.022526465356349973,0.32680872082710266,0.05756640434265131,0.04540342092514049,0.30070044845342636,0.0005115866661071777,-0.04251661896705633,0.4247004687786103,-0.0014653578400612433,0.525845021009445,0.24378868937492382,-0.05801570415496815,0.2976335361599923,-0.08567184209823586,0.1350043118000031,0.05649876594543435,0.1318359375,0.0370611548423766
1656267743.png,0.1416086107492447,-0.0996937453746796,-0.0020855963230133057,-0.04276673495769498,-0.021074265241622925,-0.04941491782665247,-0.06957542896270752,-0.013409376144409207,-0.0906301140785217,-0.024355962872505216,0.0912323147058487,0.041017159819602966,-0.09123231470584868,-0.04101715981960302,0.07583031058311462,0.20041149854660034,-0.021918416023254422,0.32494774460792547,0.05721628665924072,0.04417902231216431,0.3000084459781647,0.0017068982124328613,-0.04252679646015173,0.42344194650650047,-0.002580367028713268,0.5261623561382294,0.24322994053363817,-0.054529309272766224,0.2852094694972038,-0.08296912908554088,0.1159997284412384,0.05667430162429776,0.12991896271705633,0.035727202892303356
1656267744.png,0.14106019958853722,-0.09841725230216977,-0.0021959245204925537,-0.04309466481208801,-0.021341770887374878,-0.04959388077259069,-0.06810340285301208,-0.014806389808654813,-0.09070903062820432,-0.026185214519500705,0.09234922751784325,0.041072085499763544,-0.09234922751784323,-0.04107208549976349,0.07913762331008911,0.20250153541564925,-0.02123864740133287,0.3263164460659026,0.05536314845085144,0.04301613569259655,0.299939051270485,-0.0011717081069944069,-0.044257953763008145,0.42376691102981573,-0.014448821544647245,0.5256694257259368,0.24204443395137784,-0.05353081226348888,0.2952759191393852,-0.08289206027984619,0.11715877056121832,0.0544031262397765,0.11751684546470642,0.0323963165283202
1656267745.png,0.1424368098378181,-0.09925992786884313,-0.0013509690761565607,-0.0427551716566085,-0.02177137136459345,-0.04951846599578852,-0.06959235668182379,-0.013137578964233454,-0.09161640703678134,-0.02410671114921567,0.09108442813158035,0.04059544205665594,-0.09108442813158035,-0.040595442056655884,0.07535040378570557,0.20135977864265436,-0.020987629890441895,0.32590726017951965,0.05840796232223505,0.0447155237197876,0.29975591599941254,0.0001805424690246582,-0.04247592389583585,0.4250595867633818,-0.014145150780677795,0.5255777537822724,0.24249105155467968,-0.05366182327270497,0.30929538607597357,-0.08270478248596214,0.11748859286308305,0.056430816650390736,0.11814227700233454,0.03678548336029053
1656267746.png,0.14165309816598892,-0.10018670558929443,-0.0017209947109222412,-0.04296942055225372,-0.02127146720886236,-0.049469947814941406,-0.0696566104888916,-0.01342444121837616,-0.09060239791870112,-0.024477824568748474,0.09132746607065201,0.040971010923385565,-0.09132746607065201,-0.04097101092338562,0.07527050375938416,0.20060202479362493,-0.02227631211280824,0.3252139389514922,0.06056830286979681,0.04532003402709961,0.30150024592876434,-0.0004572868347167969,-0.044957101345062256,0.4275179207324981,-0.014178484678268419,0.5268382728099822,0.2438849508762359,-0.0568961501121521,0.29802088439464564,-0.08428913354873646,0.11832991242408758,0.05360209941864036,0.11480477452278148,0.03587448596954346
1656267747.png,0.14232707023620608,-0.09968669712543488,-0.0018216967582702637,-0.043035268783569336,-0.02153605222702032,-0.049106717109680204,-0.06971600651741028,-0.012741923332214328,-0.09079936146736142,-0.023459196090698214,0.09068956971168515,0.04073019325733185,-0.09068956971168514,-0.04073019325733179,0.07706215977668762,0.20263472199440014,-0.021865740418434157,0.32574415206909174,0.05861651897430431,0.04371249675750721,0.3001771122217179,-0.00019502639770518915,-0.04309077560901636,0.4269088804721831,-0.015196822583675398,0.5275185704231262,0.2429974228143692,-0.05515313148498513,0.309700958430767,-0.08535933494567882,0.1370295286178589,0.05430096387863159,0.11755385994911188,0.010518312454223633
1656267748.png,0.14141823351383204,-0.10293516516685489,-0.0014110803604125421,-0.040883302688598605,-0.020835310220718384,-0.046955868601798983,-0.06903120875358587,-0.012945368885993958,-0.09010088443756098,-0.024608105421066284,0.09081383049488068,0.0410467386245727,-0.0908138304948807,-0.041046738624572754,0.07639351487159729,0.20213612914085394,-0.023684874176979023,0.32505103945732106,0.05890598893165594,0.043319523334503174,0.3016507476568222,-0.00022828578948963507,-0.04282243549823764,0.42553111910820013,-0.0022260993719100536,0.5260118544101716,0.2441978305578231,-0.05638796091079723,0.2980498224496841,-0.0854530930519104,0.13589063286781333,0.05728846788406372,0.11765033006668096,0.03903865814208962
1656267749.png,0.1408484354615211,-0.10318425297737122,-0.0011515617370604914,-0.041008740663528415,-0.021024256944656317,-0.04744970798492429,-0.06842550635337824,-0.013175532221794156,-0.09037937223911285,-0.02474382519721985,0.09177962690591812,0.04123352468013758,-0.09177962690591812,-0.041233524680137634,0.08108118176460266,0.20305547118186956,-0.021486349403858185,0.32606327533721924,0.05358725786209112,0.04187464714050293,0.29980071634054184,-0.002348661422729603,-0.04389061033725744,0.42531117796897905,-0.0005279406905174394,0.525808274745941,0.24248667061328888,-0.0536324977874757,0.2841247692704201,-0.08347445726394653,0.13796415925025934,0.05630379915237438,0.13108333945274353,0.03835034370422363
1656267750.png,0.14045641943812368,-0.104682058095932,-0.0037439167499542236,-0.040809705853462275,-0.020771265029907227,-0.0467149764299393,-0.06661716103553772,-0.011889457702636663,-0.09023755788803103,-0.023163899779319735,0.09101216122508052,0.0413699597120285,-0.09101216122508053,-0.0413699597120285,0.07555732131004322,0.20037296414375305,-0.023340411484241458,0.32525259256362904,0.05921009182929998,0.04354292154312134,0.3014855086803437,-0.0011891722679137073,-0.043936654925346486,0.4230221211910248,-0.015303425490856143,0.5241116285324097,0.24282760918140422,-0.05483114719390858,0.29729019105434423,-0.08276677131652832,0.13721522688865656,0.055097460746764804,0.11624404788017267,0.03509807586669933
1656267751.png,0.14200898632407188,-0.10238116979598999,-0.0014414489269257147,-0.04089248180389404,-0.020914673805236816,-0.04745022952556607,-0.0694126784801482,-0.012956142425537137,-0.09117253124713898,-0.023943111300468445,0.09063523635268211,0.040768250823020935,-0.09063523635268211,-0.040768250823020935,0.07652831077575684,0.20237287878990173,-0.02216128259897232,0.32456034421920765,0.05896514654159546,0.04321873188018799,0.2993645668029784,-0.0008678436279296875,-0.041630223393440274,0.42503556609153736,-0.0018711015582084656,0.5260607004165648,0.2432317286729813,-0.055788516998291016,0.29820849001407623,-0.0837378501892091,0.13521459698677063,0.05951094627380371,0.11824703216552734,0.037776172161102406
1656267752.png,0.1395079717040062,-0.10317035019397736,-0.003956526517868042,-0.041632816195488004,-0.02108597755432129,-0.046726867556572044,-0.06631487607955933,-0.01263599097728732,-0.08838674426078796,-0.024206101894378662,0.09080751985311508,0.041002631187438965,-0.09080751985311511,-0.041002631187438965,0.07600858807563782,0.2011557221412657,-0.024066701531410203,0.325563073158264,0.058067768812179565,0.04347568750381481,0.30138945579528814,-0.00019091367721546515,-0.042583778500556946,0.42210990190505965,-0.014315269887447343,0.5242541432380676,0.2430549412965774,-0.05355024337768555,0.2950620427727699,-0.11096644401550304,0.13585647940635687,0.0575595498085022,0.13252484798431402,0.06622159481048595
1656267753.png,0.1394238881766796,-0.10571122169494629,-0.0037738382816314697,-0.04105265438556671,-0.02099934220314026,-0.04648590087890622,-0.06651982665061945,-0.011791706085205078,-0.08944027125835419,-0.02280019223690033,0.09157766029238701,0.04099810123443598,-0.09157766029238702,-0.04099810123443598,0.07509854435920715,0.1995729804039002,-0.021785661578178392,0.32456368207931513,0.05820009112358093,0.044366955757141,0.29948536306619644,-0.0019400715827940784,-0.043049514293670654,0.4232474565505981,0.0003122761845588823,0.5245757699012756,0.24194759130477916,-0.053889691829681285,0.2831435352563859,-0.0836092233657838,0.1362244188785552,0.05798983573913574,0.13054332137107838,0.03919684886932395
1656267754.png,0.13893861323595044,-0.10363535583019257,-0.0034717917442321777,-0.04172456264495844,-0.021439701318740845,-0.046797007322311346,-0.0656769871711731,-0.012050151824951172,-0.0889770835638046,-0.023351818323135404,0.09087786823511126,0.041207313537597656,-0.09087786823511126,-0.041207313537597656,0.07621976733207697,0.20128259062767023,-0.019921667873859406,0.3244315087795258,0.05936792492866516,0.04342275857925426,0.29701258987188334,-8.463859558216491e-06,-0.042142033576965415,0.42309418320655817,-0.001971133053302765,0.5256013572216036,0.24143731594085696,-0.053379833698272594,0.28148599714040756,-0.08393502235412609,0.11748391389846802,0.05445933341979958,0.11983436346054083,0.03596705198287953
1656267755.png,0.13716664165258402,-0.10409463942050934,-0.004263430833816528,-0.041054964065551786,-0.020679950714111328,-0.04623708128929138,-0.07322216033935544,-0.01837734878063199,-0.08933523297309873,-0.023193776607513428,0.09252389520406723,0.04035148024559021,-0.09252389520406726,-0.04035148024559021,0.07239630818366999,0.20258530974388111,-0.023496247828006786,0.3249526917934418,0.05762258172035212,0.043119192123413086,0.3053889200091362,-0.0016025304794311523,-0.044898256659507835,0.42276492714881886,0.0003705322742461742,0.5239407718181609,0.24292646348476418,-0.05314373970031727,0.29259793460369105,-0.11187928915023782,0.14999401569366438,0.058319926261901966,0.35231670737266546,-0.06450271606445324
1656267756.png,0.13937633484601972,-0.1036808043718338,-0.0044844746589660645,-0.042281389236450195,-0.020666837692260742,-0.04711294174194336,-0.07363605499267578,-0.019588440656661987,-0.08883002400398252,-0.024793878197669983,0.09126897901296618,0.041063547134399414,-0.0912689790129662,-0.04106354713439947,0.0757874846458435,0.19951024651527405,-0.02199594676494597,0.32514324784278875,0.05721810460090632,0.04392862319946278,0.300642192363739,-0.0017077326774597168,-0.039236456155777005,0.42161771655082725,0.0010932162404060364,0.5244850814342499,0.24067276716232286,-0.05015927553176913,0.29570860415697103,-0.08300882577896107,0.13354498147964478,0.05750119686126698,0.13242763280868536,0.041101813316345215
1656267757.png,0.13915999978780746,-0.10384811460971835,-0.003767043352127075,-0.04171343147754672,-0.02120068669319153,-0.04715004563331601,-0.06596556305885315,-0.012652084231376592,-0.08900697529315948,-0.024741753935813904,0.09152504056692123,0.04154318571090698,-0.09152504056692125,-0.04154318571090704,0.07557940483093262,0.20022884011268605,-0.020598322153091417,0.3264375030994416,0.05774635076522827,0.0429065227508546,0.2993733733892441,-0.003316521644592285,-0.04256881773471832,0.4220047891139984,-0.0006236359477043152,0.524366170167923,0.2431464046239854,-0.05539339780807495,0.28218988329172134,-0.08219176530838013,0.1337497830390929,0.05841660499572754,0.130732923746109,0.0373668670654298
1656267758.png,0.1375860497355461,-0.1069749444723129,-0.002404570579528864,-0.03851647675037384,-0.021055161952972412,-0.04388065636157995,-0.06536144018173212,-0.012004852294921903,-0.08912818133831021,-0.02345925569534299,0.09106554836034775,0.04190155863761902,-0.09106554836034776,-0.04190155863761902,0.0754560232162475,0.19929578900337208,-0.02487577497959137,0.3241495192050934,0.057046532630920466,0.04314059019088745,0.3063136041164398,-0.0008854866027832031,-0.04121117293834692,0.4203146994113922,-0.00031563639640808105,0.5248299539089202,0.2591117173433303,-0.07612222433090221,0.29577349126338953,-0.11086940765380848,0.1314199864864351,0.08227705955505393,0.17000946402549738,0.03750830888748158
1656267759.png,0.1379717886447906,-0.10670575499534607,-0.003779202699661255,-0.03911797702312467,-0.020173311233520452,-0.043822407722473145,-0.07355709373950953,-0.018710672855377253,-0.0885913074016571,-0.023795664310455322,0.09084972739219666,0.04133987426757818,-0.09084972739219666,-0.041339874267578125,0.07632401585578918,0.2000316679477691,-0.023256994783878326,0.3244630396366118,0.05904126167297363,0.04359513521194458,0.30085939913988113,-0.00037473440170276984,-0.039100751280784635,0.42069926857948287,0.0006048157811164995,0.5234588086605073,0.24092356860637662,-0.050045013427734375,0.29589270800352097,-0.08075761795043956,0.13451662659645086,0.057423770427703746,0.13172277808189392,0.03707587718963601
1656267760.png,0.13907033577561378,-0.10276614129543307,-0.0036796629428863525,-0.04159815609455106,-0.020716875791549683,-0.04678066074848172,-0.07367478311061865,-0.01943357288837433,-0.08887811005115509,-0.0249105095863342,0.09112543240189552,0.041334569454193115,-0.09112543240189554,-0.041334569454193115,0.07662138342857361,0.20032739639282227,-0.02328847348690033,0.32469993829727184,0.057730704545974676,0.042895495891571045,0.30096020549535757,-0.0014898180961608887,-0.04159584641456604,0.4229316115379331,-0.00035440176725387573,0.5263713598251342,0.24228310585021978,-0.054418563842773215,0.28199177980422974,-0.08267313241958607,0.135930687189102,0.05677300691604614,0.1309669017791748,0.03460657596588146
1656267761.png,0.1357463374733925,-0.10611607134342194,-0.003183424472808838,-0.038717463612556485,-0.020157039165496826,-0.043509677052497864,-0.07288822531700132,-0.018934845924377414,-0.08842456340789795,-0.024306252598762512,0.09241215139627457,0.04069036245346069,-0.09241215139627457,-0.04069036245346069,0.07315227389335632,0.20258787274360668,-0.024891123175621005,0.32679203152656555,0.058698028326034546,0.04334795475006081,0.3065294325351715,-0.0035205483436585583,-0.04408520460128784,0.4252170026302339,-0.00044608116149900956,0.5261359512805939,0.2417955994606018,-0.05645960569381736,0.2944826632738114,-0.11212384700775146,0.14954093098640442,0.057686686515808216,0.17090854048728948,0.03330814838409424
1656267762.png,0.13868170231580734,-0.09905456006526947,-0.0023512840270996094,-0.04207070171833038,-0.020543754100799616,-0.047228455543518066,-0.06730324029922485,-0.013126224279403687,-0.09029698371887204,-0.025491312146186856,0.09130894392728806,0.038295045495033264,-0.09130894392728807,-0.03829504549503321,0.07422637939453125,0.20400315523147583,-0.022474996745586395,0.3238317668437956,0.05813965201377874,0.04432713985443115,0.3001076653599739,-0.000910639762878307,-0.044767975807189914,0.42948561906814564,-0.002047553658485385,0.5256048142910001,0.2442369461059569,-0.05511552095413186,0.29737880825996393,-0.08296138048171975,0.13355237245559692,0.0559382438659668,0.11731180548667924,0.03668028116226185
1656267763.png,0.13703325390815735,-0.09620976448059079,-0.002611815929412842,-0.043846324086189326,-0.02179455757141119,-0.048926755785942105,-0.06892314553260803,-0.017729759216308594,-0.0869177877902984,-0.027221888303756714,0.09138080477714539,0.03915324807167048,-0.09138080477714537,-0.03915324807167048,0.07393744587898254,0.2028678953647614,-0.023650497198104872,0.3251140415668487,0.05758631229400635,0.04452991485595703,0.3006183803081512,-0.0015917420387268066,-0.044234827160835294,0.4121462404727935,-0.002442300319671631,0.5248709619045255,0.2429852634668351,-0.03835791349411011,0.3000210821628571,-0.082289218902588,0.15043348073959345,0.05799144506454479,0.13046774268150324,0.03901612758636497
1656267764.png,0.13788970559835428,-0.0956040024757385,-0.002956449985504095,-0.0439908504486084,-0.021629810333251898,-0.048598527908325195,-0.068810373544693,-0.016941219568252508,-0.08585590124130252,-0.025526300072669955,0.0908011719584465,0.037849441170692444,-0.09080117195844649,-0.037849441170692444,0.07499712705612183,0.203236073255539,-0.022629521787166623,0.3233477473258974,0.05627167224884033,0.04605835676193237,0.2989691868424416,0.0011810064315794788,-0.040633320808410645,0.4121908843517303,-0.0014739558100700656,0.5154979228973389,0.24261048436164862,-0.061432063579559215,0.2820047810673714,-0.10032510757446289,0.1345681250095367,0.08255332708358776,0.14706924557685835,0.06485253572464
1656267765.png,0.13775590807199484,-0.09956638514995578,-0.002393901348114069,-0.041206404566764804,-0.02281215786933899,-0.046337127685546875,-0.06530076265335083,-0.011997655034065247,-0.08598676323890692,-0.024835482239723178,0.09127558022737503,0.03745977580547338,-0.09127558022737503,-0.03745977580547333,0.07425233721733093,0.20282158255577093,-0.02471644431352614,0.3252902626991272,0.056936502456665095,0.046042561531066895,0.301901750266552,-0.003281831741333008,-0.043812990188598605,0.41309925913810713,-0.002047814428806305,0.5142576098442075,0.2431050539016724,-0.042451024055480735,0.29842584580183024,-0.0727536082267759,0.13637548685073836,0.059468626976013184,0.1315383911132813,0.03605490922927845
1656267766.png,0.13657638058066365,-0.09753897786140442,-0.001584559679031372,-0.04101824760437012,-0.022198379039764404,-0.04655981063842771,-0.06398752331733698,-0.013248130679130554,-0.08657737076282501,-0.028536781668663053,0.09050666913390162,0.03800266981124878,-0.09050666913390162,-0.03800266981124878,0.07501637935638417,0.20366939902305603,-0.021858371794223785,0.3227921426296234,0.058493494987487904,0.04575604200363148,0.29886630177497864,-0.0007252097129821777,-0.04321974515914931,0.4125923812389375,-0.002206936478614807,0.5140852034091951,0.24343541264534005,-0.06322634220123302,0.29626334458589554,-0.10000771284103405,0.15092256665229797,0.08367478847503673,0.13311445713043213,0.06558990478515636
1656267767.png,0.13860745728015902,-0.10069724917411796,-0.001705914735794123,-0.04043085873126978,-0.022042691707611084,-0.04610247910022733,-0.06415358185768122,-0.013105824589729337,-0.0872816145420075,-0.028312847018241855,0.08907155692577359,0.03987054526805878,-0.08907155692577358,-0.03987054526805872,0.07847324013710028,0.20098766684532177,-0.023311689496040358,0.321451485157013,0.05785009264945978,0.04370689392089844,0.29918737709522253,-0.001434326171875,-0.041400939226150374,0.40767261385917675,-0.003684401512145996,0.5126736760139465,0.24278622865676877,-0.04113203287124634,0.296651005744934,-0.10031110048294056,0.1526550650596618,0.06010526418685913,0.1342992186546325,0.06513309478759777
1656267768.png,0.13590797781944275,-0.10128773748874664,-0.0009719133377075195,-0.0390702486038208,-0.020883888006210383,-0.04477150738239288,-0.06443223357200623,-0.01202900707721713,-0.0868162363767623,-0.027155086398124723,0.09044525027275085,0.038789525628089905,-0.09044525027275087,-0.03878952562808996,0.07551085948944086,0.20335379242897034,-0.025353282690048204,0.3239042162895202,0.05693405866622925,0.04481470584869385,0.301818072795868,0.0002462267875672497,-0.04361611604690552,0.4110638201236724,-0.002648957073688493,0.5156096816062927,0.24413403868675232,-0.06394195556640614,0.29849431663751597,-0.10241734981536854,0.1521458923816681,0.08334290981292702,0.13051673769950872,0.06612896919250488
1656267769.png,0.14045448601245875,-0.1034748554229736,-0.003701031208038219,-0.041452810168266324,-0.021457523107528687,-0.04715132713317874,-0.06585612893104559,-0.011789202690124512,-0.08947868645191187,-0.02302028238773346,0.09038729965686798,0.04145655035972601,-0.09038729965686797,-0.04145655035972595,0.07700830698013306,0.20160302519798284,-0.0249317213892937,0.32475027441978443,0.057910591363906805,0.04332756996154774,0.3017982169985771,0.0001311302185059704,-0.041675314307212885,0.4255889952182768,-0.014690995216369643,0.5273066461086271,0.24385221302509308,-0.05671668052673329,0.30890843272209173,-0.08480113744735684,0.13479223847389227,0.0562434196472168,0.13383799791336054,0.010657191276550182
1656267770.png,0.1372175887227058,-0.09931755065917966,-0.0019571781158447266,-0.040189266204833984,-0.022484868764877375,-0.045909926295280484,-0.06361958384513855,-0.012676477432251032,-0.08619236946105954,-0.027656853199005127,0.09091786295175555,0.03820952773094172,-0.09091786295175555,-0.03820952773094177,0.07479089498519892,0.20252600312232977,-0.024370931088924422,0.3238235414028169,0.05709356069564808,0.04559826850891113,0.3013055101037026,-0.0017864108085633434,-0.045513466000556974,0.4103903472423555,-0.002932809293270125,0.5133425295352936,0.24628593027591697,-0.06427556276321411,0.2989643290638924,-0.10058665275573742,0.14884367585182184,0.08239871263504028,0.14851272106170638,0.03677845001220703
1656267771.png,0.13826048374176025,-0.09819425642490384,-0.00019389390945440121,-0.042559713125228965,-0.022326976060867254,-0.048835158348083524,-0.06444832682609553,-0.013326048851013156,-0.08857455849647528,-0.025093227624893216,0.08965030312538147,0.03981819748878479,-0.08965030312538147,-0.03981819748878479,0.07680723071098328,0.20087239146232616,-0.022464551031589508,0.3226377069950104,0.057459950447082464,0.04371774196624745,0.29800600558519363,0.001075148582458496,-0.04361113905906677,0.41033169627189625,-0.017162360250949873,0.5139418542385101,0.2293862104415894,-0.03764677047729481,0.2971572950482368,-0.07144302129745483,0.13121294975280756,0.055960893630981445,0.13108873367309587,0.03658473491668701
1656267772.png,0.14034350216388702,-0.09664322435855865,-0.0003967583179473877,-0.04238303005695346,-0.022688210010528564,-0.04880447685718539,-0.06529662013053894,-0.012620612978935242,-0.08749769628047946,-0.02711540460586548,0.08902440965175629,0.039185032248497065,-0.08902440965175629,-0.039185032248497065,0.07835772633552551,0.20327341556549067,-0.023516438901424422,0.3235521614551545,0.056551277637481634,0.04321932792663574,0.30014615505933767,-0.0021109580993652344,-0.042411208152770996,0.4079624414443969,-0.003563418984413133,0.513024240732193,0.2459861636161806,-0.06290555000305176,0.28204171359539026,-0.09987366199493397,0.13356789946556064,0.05281776189804077,0.132582575082779,0.039583802223205455
1656267773.png,0.13840944319963455,-0.09192578494548798,-0.0006103217601776123,-0.044101357460021945,-0.022111833095550593,-0.05030794441699979,-0.06552895903587341,-0.015240550041198786,-0.08919070661067963,-0.028260514140129117,0.09056217223405838,0.03751607239246363,-0.09056217223405838,-0.037516072392463684,0.07506158947944636,0.20534253120422358,-0.023229748010635376,0.322247177362442,0.05868047475814825,0.044093847274780384,0.30000750720500946,0.00021767616271961554,-0.044954821467399625,0.41401165723800665,-0.0031124278903007646,0.5150981843471528,0.23076875507831582,-0.039539098739624245,0.2822726145386696,-0.10277104377746593,0.1491060853004454,0.058104753494262806,0.14794379472732544,0.040606558322906494
1656267774.png,0.13188227266073219,-0.122022420167923,0.00043463706970214844,-0.03593082726001734,-0.022109895944595226,-0.044644594192504855,-0.06507605314254761,-0.008745834231376676,-0.09086295962333682,-0.022730544209480286,0.09416105598211291,0.05604551732540136,-0.0941610559821129,-0.056045517325401306,0.08358982205390925,0.22745212912559504,-0.02299382537603381,0.3266654014587401,0.0813510119915008,-0.017303109169006348,0.29795367270708084,-0.0020555853843688965,-0.07032676041126257,0.45599099993705744,-0.0238078609108925,0.5455737113952636,0.2616664618253707,0.012353897094726451,0.3138883039355279,-0.013930976390838401,0.07317647337913524,-0.02004587650299061,0.04132482409477217,-0.038993418216705544
1656267775.png,0.14195303991436956,-0.07801714539527893,0.009204208850860596,-0.024217173457145663,-0.015579849481582697,-0.051285281777381925,-0.034272581338882446,-0.00816354155540469,-0.07688614726066584,-0.04570068418979642,0.10048441961407664,0.06605187058448792,-0.10048441961407663,-0.06605187058448792,0.050694465637206976,0.22006496787071228,-0.0238642618060112,0.3343624770641327,0.05290624499320984,-0.0020623207092284046,0.31095978617668146,0.00998520851135265,-0.05919417738914495,0.4008989632129668,-0.01976648718118669,0.5325910747051239,0.2544863820075989,0.03886914253234863,0.2773537188768387,0.04604935646057129,0.07648956775665272,-0.0036170482635495826,0.04396867752075195,-0.07276111841201782
1656267776.png,0.14341481029987335,-0.09785696864128113,0.0024312138557433527,-0.03307008743286133,-0.02004286646842962,-0.044039413332939176,-0.04822775721549988,-0.01449203491210943,-0.08762980997562411,-0.03545133769512174,0.09082068502902985,0.04528377950191498,-0.09082068502902987,-0.04528377950191498,0.07332953810691828,0.2266286015510558,-0.021914958953857464,0.3226783573627472,0.035510301589965876,-0.2365171313285827,0.296433687210083,0.00976872444152832,-0.03750100731849676,0.4191695451736449,0.0002877861261367243,0.52766814827919,0.2626388669013977,0.034173786640167236,0.2941964715719224,0.007866263389587513,0.13661950826644897,0.014610469341278187,0.08274888992309565,-0.09297466278076172
1656267777.png,0.14744209125638008,-0.07816533744335169,0.0002257227897644043,-0.03774698078632363,-0.019300431013107244,-0.04383531212806713,-0.06469285488128662,-0.025369763374328586,-0.0859356969594956,-0.04012358188629145,0.09152858331799507,0.04834969341754913,-0.09152858331799509,-0.04834969341754919,0.065979152917862,0.23613181710243225,-0.0266275256872177,0.3314234018325806,-0.0031095445156097967,-0.2558847367763519,0.31352888792753225,0.0027635097503661,-0.05985188484191892,0.4562069475650785,-0.022999741137027713,0.5414148569107056,0.25573015213012684,0.036414682865143044,0.278239592909813,0.028132736682891846,0.052843421697616744,-0.03844141960144054,0.0398887693881988,-0.0741720199584961
1656267778.png,0.14733065292239192,-0.07731562852859497,-0.000620275735855158,-0.03747108578681943,-0.01930132508277893,-0.04284587502479553,-0.0649395883083343,-0.025304242968559293,-0.08539488911628726,-0.039686203002929715,0.09228546544909474,0.04758745431900019,-0.09228546544909474,-0.047587454319000244,0.0736022293567658,0.24193134903907781,-0.027277410030365004,0.33131858706474293,-0.01088002324104309,-0.2573841512203217,0.31152599304914474,0.0033011436462403454,-0.04793447256088257,0.43846955895423895,-0.02095710486173631,0.5398367941379546,0.2606039941310883,0.03230845928192139,0.28994409739971155,0.029176831245422585,0.05185455083847046,-0.031351566314697266,0.03827846050262457,-0.09888970851898216
1656267779.png,0.14651375263929373,-0.07700315117836004,0.00017189979553217105,-0.03754237294197077,-0.019750833511352595,-0.04388752579689023,-0.06299740076065052,-0.024160936474800138,-0.08669462800025932,-0.03931494057178497,0.09272228926420212,0.04716596007347107,-0.09272228926420209,-0.04716596007347107,0.07159009575843817,0.2433655560016632,-0.026343740522861453,0.3292858898639678,-0.008899450302124023,-0.25762686133384705,0.31218766421079636,0.004573345184326283,-0.06141102313995356,0.45751461386680603,-0.020773522555828053,0.5300227105617524,0.2550220787525176,0.040882349014282116,0.2728743031620979,0.04042285680770874,0.05511105060577404,-0.063240587711334,0.040988922119140625,-0.12824946641922008
1656267780.png,0.14650455117225644,-0.07715471088886255,0.0014241039752960205,-0.036719843745231684,-0.021173477172851562,-0.045573070645332336,-0.05461606383323675,-0.01940751075744626,-0.08625212311744687,-0.03731405735015869,0.09226250648498538,0.04716701805591583,-0.09226250648498538,-0.04716701805591583,0.07475078105926508,0.24247059226036077,-0.026151210069656344,0.3302535414695739,-0.01156970858573908,-0.254093885421753,0.30995672941207875,0.005910158157348744,-0.06119778752326971,0.4572304785251618,-0.020748175680637346,0.5311663150787354,0.25755327939987166,0.019893765449523926,0.2757626548409462,0.02347320318222046,0.05240899324417131,-0.04195350408554077,0.038048386573791504,-0.11388534307479825
1656267781.png,0.14576822891831398,-0.07631434500217443,0.0018430650234222967,-0.037188500165939276,-0.020763814449310358,-0.04596938192844385,-0.0544141829013825,-0.020068645477294922,-0.0826765149831771,-0.037633419036865234,0.09247762337327003,0.0477155596017837,-0.09247762337327005,-0.04771555960178375,0.07120373845100397,0.24086004495620733,-0.027103848755359636,0.3293568789958953,-0.007858514785766546,-0.25373610854148865,0.310751661658287,0.007626354694366566,-0.06062433123588562,0.45626688003540034,-0.02025289833545682,0.532951146364212,0.25572362542152394,0.019880056381225586,0.2635677680373192,0.023250043392181508,0.05382576584815979,-0.040314674377441295,0.04915672540664673,-0.08515906333923362
1656267782.png,0.14563066512346262,-0.07767030596733093,0.002081722021102961,-0.036521211266517695,-0.021282106637954712,-0.04585756361484533,-0.0534582138061524,-0.019398570060729925,-0.08539766073226923,-0.03711612522602076,0.09213919192552567,0.04718807339668274,-0.09213919192552568,-0.047188073396682795,0.0724951326847077,0.24253031611442566,-0.02570162713527678,0.32943168282508856,-0.008125871419906727,-0.25517529249191284,0.3078330159187317,0.005595862865447887,-0.06188221275806427,0.45919665694236755,-0.03787054121494292,0.5435582101345062,0.25558806955814367,0.04052877426147461,0.27852961421012884,0.011849820613861084,0.05464228987693792,-0.06258249282836914,0.05130732059478765,-0.08436632156372059
1656267783.png,0.14636121690273282,-0.07677283883094793,0.001782447099685669,-0.036741122603416415,-0.020450264215469416,-0.045849755406379644,-0.05985817313194275,-0.02301725745201108,-0.08625854551792139,-0.03747518360614774,0.09156848490238192,0.046825617551803644,-0.09156848490238191,-0.04682561755180359,0.07631587982177734,0.24313053488731368,-0.026542745530605344,0.3296947181224823,-0.011993825435638483,-0.25423482060432423,0.3089876994490623,0.005025506019592285,-0.06173945963382732,0.45902308821678156,-0.03778589516878128,0.5427003800868988,0.25839419662952434,0.019158124923705833,0.29168618470430374,0.01317143440246571,0.05056974291801447,-0.040774762630462424,0.03751304745674133,-0.11178338527679421
1656267784.png,0.14760928228497505,-0.07593132555484766,0.0005653798580169678,-0.03855720162391668,-0.020254909992218018,-0.04743452370166787,-0.06234797835350031,-0.02455663681030279,-0.08604721724987027,-0.03818333148956296,0.09166936948895454,0.04832462966442114,-0.09166936948895454,-0.04832462966442108,0.07527446746826172,0.2411076128482818,-0.02702455222606659,0.3300650715827942,-0.0114535391330719,-0.25522255897521967,0.30911811441183096,0.005280435085296631,-0.06253831088542941,0.4562911689281462,-0.03913722187280655,0.5423376560211182,0.2557992786169051,0.03891867399215698,0.28038556873798376,0.010806381702423207,0.03905758261680614,-0.0645415186882018,0.03787252306938166,-0.08620679378509533
1656267785.png,0.1462081037461757,-0.07614591717720026,0.001815199851989746,-0.036817416548729026,-0.020575016736984197,-0.04558299481868752,-0.05955943465232838,-0.02282676100730896,-0.08583797514438632,-0.037514373660087585,0.09191572293639183,0.047400087118148804,-0.09191572293639183,-0.047400087118148804,0.07415905594825739,0.2409760057926178,-0.027253724634647383,0.33089902997016907,-0.010621905326843262,-0.25228050351142883,0.30830124020576477,0.005194127559661865,-0.049204438924789456,0.43952873349189747,-0.0204320028424263,0.531693547964096,0.24477300047874453,0.036171793937683105,0.275551825761795,0.02541893720626831,0.05348527431488026,-0.038964509963989036,0.03670379519462591,-0.11448091268539418
1656267786.png,0.1462499275803566,-0.07696768641471863,0.0020292997360228937,-0.037237420678138705,-0.020313531160354614,-0.04626052081584933,-0.0551525354385376,-0.019996523857116727,-0.08618353307247162,-0.03708772361278531,0.09238944202661514,0.04765325784683222,-0.09238944202661514,-0.047653257846832275,0.07008939981460571,0.24057024717330938,-0.02608154714107512,0.32824862003326405,-0.007512420415878351,-0.25358679890632635,0.30858829617500305,0.006818354129791371,-0.06149634718894964,0.4554511904716492,-0.021001935005188002,0.5314945578575134,0.25576102733612055,0.04317522048950195,0.2654965072870254,0.02517426013946522,0.05392637848854076,-0.06084769964218151,0.03509455919265747,-0.0857054591178893
1656267787.png,0.1471416838467121,-0.07504336535930634,0.0013165473937988281,-0.03831510245800018,-0.02135142683982849,-0.04741832613945007,-0.05504921078681946,-0.019446969032287625,-0.08620743453502655,-0.03644442558288574,0.0920793004333973,0.04792164266109461,-0.09207930043339731,-0.047921642661094666,0.06994354724884033,0.24266511201858537,-0.02696649730205536,0.3310007154941558,-0.0065590739250183105,-0.2555247247219086,0.3096971139311791,0.005391359329223744,-0.06040403246879575,0.45498567819595354,-0.037301518023014055,0.5424343645572662,0.25485435128211964,0.04358100891113281,0.28026862442493433,0.014458358287811168,0.05221113562583929,-0.06045144796371482,0.050153791904449574,-0.08620256185531616
1656267788.png,0.14671675488352773,-0.07518872618675232,0.0008264780044555664,-0.038774803280830356,-0.021606445312499944,-0.04755072295665741,-0.060487717390060314,-0.02173683047294625,-0.08634257316589358,-0.035668522119522095,0.09262601658701894,0.047467768192291204,-0.09262601658701894,-0.04746776819229126,0.06969991326332098,0.24055615067482,-0.026280649006366744,0.3299706280231476,-0.007684409618377741,-0.2528409659862518,0.30759197473525995,0.006237685680389404,-0.06360426545143125,0.4570206701755524,-0.022556342184543623,0.532863050699234,0.25689899921417236,0.043439149856567494,0.26529380679130554,0.04175859689712502,0.05201819539070118,-0.06070047616958629,0.038129776716232244,-0.10669612884521462
1656267789.png,0.14573810994625092,-0.0778556764125824,0.001376330852508545,-0.036904335021972656,-0.021126806735992487,-0.046146586537361145,-0.0596657395362854,-0.022127151489257812,-0.08614283800125111,-0.03615312278270724,0.09261016547679901,0.049253940582275335,-0.09261016547679901,-0.04925394058227539,0.06763300299644476,0.2421149313449859,-0.027057774364948273,0.3294238746166229,-0.005835145711898859,-0.25775730609893793,0.3088165894150734,0.006502985954284668,-0.06445914506912231,0.45669803023338335,-0.038799867033958435,0.5441919863224027,0.2573359608650207,0.0390997529029844,0.2784007638692856,0.02989393472671531,0.05462133884429937,-0.039463281631469616,0.039273798465728704,-0.07711052894592296
1656267790.png,0.14628948271274572,-0.0764212310314179,0.002389729022979681,-0.03708069026470179,-0.0207666158676148,-0.04626107215881345,-0.054643839597702026,-0.019045472145080594,-0.08590027689933777,-0.03624038398265836,0.09161694347858429,0.04781043529510498,-0.0916169434785843,-0.04781043529510498,0.07150766253471375,0.24198850989341736,-0.02655750513076781,0.3308763802051544,-0.008301764726638738,-0.25409218668937683,0.30903160572052,0.004735171794891246,-0.06149931252002713,0.4567936360836029,-0.03755348175764084,0.5433453023433685,0.25634796917438507,0.04241579771041848,0.27889927476644516,0.03119271993637085,0.05160266160964966,-0.06312686204910256,0.03825753927230835,-0.10799378156661987
1656267791.png,0.14634235203266144,-0.07666420936584473,0.0032910704612731934,-0.0357636958360672,-0.02129805088043213,-0.04675813019275668,-0.05210039019584656,-0.01855127513408661,-0.0826444327831268,-0.03673112392425537,0.09079594910144806,0.04849949479103083,-0.09079594910144807,-0.048499494791030884,0.07139986753463745,0.241854339838028,-0.02620933204889296,0.3291797339916229,-0.00654485821723938,-0.2549016177654267,0.30871240049600596,0.007480263710021973,-0.0619486421346665,0.4582727253437043,-0.04028269648551938,0.5460660159587858,0.2572476416826249,0.040627360343932994,0.279167503118515,0.027972400188446267,0.052122533321380615,-0.06413292884826649,0.04031050205230707,-0.1048709750175475
1656267792.png,0.14675994962453837,-0.07614237070083613,0.00276747345924383,-0.036257356405258234,-0.020656794309616033,-0.046235173940658625,-0.05446109175682068,-0.01988820731639865,-0.08612294495105749,-0.03807449340820315,0.09044351428747177,0.04870808124542242,-0.09044351428747177,-0.04870808124542236,0.07739260792732239,0.24174693226814264,-0.02669263631105423,0.32984569668769836,-0.011521577835083008,-0.2553349435329438,0.3058291897177696,0.006288349628448486,-0.061441600322723416,0.4557627141475677,-0.038987293839454665,0.5446291267871857,0.25835517048835754,0.0403328537940979,0.2797570526599884,0.010913252830505371,0.0522772371768952,-0.06082278490066528,0.03824874758720398,-0.08653259277343772
1656267793.png,0.1458480246365071,-0.07738992571830744,0.0022367238998411976,-0.03735287487506864,-0.02030456066131603,-0.046913981437683105,-0.05552998185157776,-0.01971897482872012,-0.08613157272338864,-0.03657694160938263,0.0919627733528614,0.050422847270965576,-0.0919627733528614,-0.050422847270965576,0.06375548243522644,0.24076452851295477,-0.0256081223487854,0.328158050775528,-0.0031513571739196777,-0.2567583024501801,0.3081299737095833,0.006506264209747203,-0.06403955817222595,0.451631873846054,-0.040215946733951555,0.5436315834522247,0.2580316960811615,0.04142063856124889,0.2836627811193466,0.0137465000152589,0.050826311111450084,-0.06125593185424816,0.036417752504348755,-0.08080589771270752
1656267794.png,0.14566904306411738,-0.0754976868629455,0.0024813413619995117,-0.03698742389678955,-0.020738661289215032,-0.04687845706939697,-0.05502486228942871,-0.018914982676506098,-0.08652116358280185,-0.036159440875053406,0.09239858388900757,0.04798188805580139,-0.09239858388900757,-0.04798188805580139,0.06701359152793884,0.24140873551368708,-0.026302993297576904,0.3289045989513398,-0.00605851411819458,-0.2539544105529784,0.3089323043823242,0.00565791130065918,-0.06440341472625732,0.45621553063392634,-0.023076817393302917,0.5339211523532867,0.2587974965572357,0.020461618900299294,0.26737101376056666,0.020815670490265004,0.05079275369644176,-0.042644262313842995,0.036162942647934015,-0.08456891775131237
1656267795.png,0.14756853878498077,-0.07432606816291809,0.0017657279968261719,-0.03782512247562411,-0.021053314208984375,-0.047621458768844604,-0.055248767137527466,-0.01906085014343256,-0.08659625053405756,-0.03710110485553739,0.09037961065769196,0.04797598719596863,-0.09037961065769196,-0.04797598719596863,0.07470583915710449,0.2410202920436859,-0.027205467224121094,0.3303427994251251,-0.010079294443130493,-0.2528186440467834,0.30742767453193665,0.005540788173675537,-0.06204874813556671,0.4582352340221404,-0.04080358147621156,0.5456465780735016,0.2580045610666274,0.041600048542022816,0.2817926406860352,0.02877950668334961,0.05282700061798107,-0.06183218955993652,0.053552657365798895,-0.10383319854736339
1656267796.png,0.14540290087461477,-0.07535013556480408,0.0027706921100615345,-0.036719948053359985,-0.020944803953170887,-0.04686401784420016,-0.05426314473152155,-0.019295021891593905,-0.08638425171375275,-0.03769175708293915,0.09180780500173569,0.048310607671737726,-0.09180780500173569,-0.04831060767173767,0.06301748752593989,0.23771104216575628,-0.027377396821975708,0.33068206906318665,-0.0006026029586791437,-0.24967285990715032,0.3105931133031845,0.0063623785972594105,-0.06348375976085663,0.45723107457160944,-0.023474395275115967,0.5334458053112031,0.2565508931875229,0.04009526968002319,0.264714851975441,0.0422282814979551,0.05088675022125244,-0.06158280372619629,0.039161473512649536,-0.10259747505187977
1656267797.png,0.14754633978009224,-0.07592672109603876,0.0013406574726104736,-0.03738810122013092,-0.020301014184951727,-0.04417714476585394,-0.062281489372253473,-0.023307681083679255,-0.08624234795570376,-0.039026975631713895,0.090689767152071,0.04741406440734858,-0.09068976715207103,-0.04741406440734863,0.07222503423690801,0.24183335900306696,-0.02692400664091109,0.32779863476753235,-0.00831183791160589,-0.2543439269065855,0.30706208944320684,0.006226956844329723,-0.06132026016712189,0.4569172561168671,-0.039838321506977054,0.5425706207752227,0.25586880743503565,0.04259210824966431,0.28200744092464447,0.0290150046348574,0.052557855844497736,-0.06338071823120106,0.03728586435317993,-0.10593128204345714
1656267798.png,0.14715972915291786,-0.0762456059455871,0.0021659433841704767,-0.036829352378845215,-0.020846426486968994,-0.046163037419319125,-0.059400737285614014,-0.021801903843879727,-0.08613830804824824,-0.037508770823478726,0.09073695912957191,0.048786461353301946,-0.09073695912957194,-0.048786461353301946,0.06554067134857178,0.23734354972839367,-0.02730685472488402,0.33014899492263794,-0.001362442970275879,-0.25099465250968933,0.30819658190011984,0.005419254302978627,-0.061246395111083984,0.45532631874084484,-0.03981139510869977,0.5433802008628844,0.25929674506187456,0.02073603868484497,0.29654452204704285,0.01401209831237804,0.048786491155624334,-0.03912389278411854,0.03751581907272339,-0.08313620090484619
1656267799.png,0.14754004031419746,-0.07537317276000982,0.001526653766632191,-0.03789715468883509,-0.021528601646423284,-0.04710857570171348,-0.05582538247108465,-0.0190244913101196,-0.0861416757106781,-0.0364957749843598,0.09088841825723651,0.04811590909957886,-0.09088841825723652,-0.04811590909957886,0.07394203543663025,0.2410024106502533,-0.028465300798416124,0.3306903541088104,-0.010495841503143366,-0.2534309923648835,0.30604429543018336,0.0044062137603759766,-0.06324791908264168,0.45773664116859414,-0.03853053599596022,0.5434310734272002,0.25706425309181224,0.04060745239257835,0.29506265372037876,0.030914187431335338,0.053074568510055486,-0.04004037380218506,0.03776308894157415,-0.0992852449417112
1656267800.png,0.14838626980781555,-0.07400213181972504,0.0010614395141601562,-0.038414701819419916,-0.020873278379440308,-0.045857742428779574,-0.06168296933174133,-0.023537918925285256,-0.08638441562652585,-0.039443686604499845,0.09019950032234192,0.04774068295955658,-0.09019950032234195,-0.04774068295955658,0.07020804286003107,0.24235248565673828,-0.027416713535785647,0.3289487659931183,-0.005323618650436346,-0.2541040480136872,0.3078792467713356,0.007050871849060059,-0.060601726174354525,0.4552388787269591,-0.04039718210697171,0.5425555408000945,0.2568843811750412,0.04341888427734375,0.28220449388027186,0.030778348445892334,0.054443597793579046,-0.037519097328185924,0.06466335058212291,-0.07489645481109597
1656267801.png,0.1470620259642601,-0.07540014386177063,0.0021544694900512695,-0.03689374029636383,-0.02048969268798828,-0.04429604113101959,-0.05964010953903198,-0.022109508514404297,-0.08634400367736825,-0.03872802853584292,0.08990608900785446,0.04773497581481928,-0.08990608900785446,-0.047734975814819336,0.07374730706214905,0.24236840009689337,-0.02818267047405243,0.3304932713508606,-0.008522480726242065,-0.25352987647056585,0.3071958124637605,0.004686832427978516,-0.06228931248188019,0.4576629400253294,-0.04115026444196701,0.5431658029556273,0.25838021934032424,0.04048109054565441,0.28285474330186844,0.012506186962127797,0.05162319540977495,-0.06177145242691029,0.03697833418846125,-0.08648860454559348
1656267802.png,0.1481551826000214,-0.07527244091033936,0.0009855329990386963,-0.03850047290325162,-0.0208759605884552,-0.047543689608573886,-0.05968070030212408,-0.022160455584526034,-0.08548052608966827,-0.03691637516021726,0.0892408490180969,0.04851973056793213,-0.0892408490180969,-0.04851973056793213,0.07438191771507269,0.2398642003536225,-0.028053529560565962,0.33077564835548406,-0.007951527833938599,-0.25230950117111206,0.3073285892605781,0.0040988922119140625,-0.062115177512168857,0.4558113515377045,-0.040179044008255005,0.5332664549350739,0.26272208988666534,0.020415425300598034,0.2970131337642669,0.0244903564453125,0.048240542411804255,-0.05843520164489735,0.036897510290145985,-0.1128212809562682
1656267803.png,0.14858650416135788,-0.0736749023199082,0.0017869770526886541,-0.038147941231727545,-0.021235227584838867,-0.045680016279220526,-0.054275780916214045,-0.01862180233001709,-0.08709444105625158,-0.03771920502185824,0.08950787037611008,0.046355292201042175,-0.08950787037611006,-0.046355292201042175,0.07317569851875305,0.2435528039932251,-0.02697544544935228,0.33058252930641174,-0.0061713457107543945,-0.2526701688766479,0.3052505627274514,0.004149019718170166,-0.05776412785053256,0.4426213502883912,-0.024436898529529585,0.5333935320377351,0.25993187725543987,0.03872328996658303,0.28212546557188034,0.0219147205352781,0.048085778951644675,-0.041746258735656516,0.036158412694931086,-0.08440768718719471
1656267804.png,0.149990975856781,-0.07269717752933502,0.0022722184658050537,-0.03807917237281799,-0.021498501300811823,-0.045514091849327115,-0.05676066875457758,-0.02035684883594513,-0.08705191314220428,-0.03925614058971405,0.08951425552368164,0.04577632248401636,-0.08951425552368164,-0.04577632248401642,0.06855088472366333,0.24135160446166998,-0.02800724655389787,0.3277237117290498,0.00031507015228271484,-0.25310531258583063,0.30918604880571365,0.005890965461730846,-0.057168170809745844,0.4415069222450257,-0.02391323447227478,0.5307139456272126,0.25740854442119604,0.039391160011291504,0.2810933887958526,0.02526283264160145,0.04877564311027527,-0.0411229133605957,0.037001907825470026,-0.08686089515686035
1656267805.png,0.16223355010151866,-0.11643542349338534,-0.011050522327423096,-0.0380902290344238,-0.023384511470794733,-0.040623471140861456,-0.07737642526626587,-0.0010643899440765658,-0.09993647038936612,0.0017624646425246915,0.09035246446728704,0.04687637090682978,-0.09035246446728704,-0.04687637090682978,0.06002482771873474,0.24193555116653437,-0.0380837619304657,0.331533133983612,0.021846473217010498,-0.25140661001205433,0.31590760499238973,0.0020298361778259277,-0.06341251730918879,0.4575722813606263,-0.02923121303319931,0.5421290993690489,0.2570353150367736,0.03600013256073009,0.2868300974369049,0.02730417251586914,0.06975936889648443,-0.04980725049972534,0.06179332733154291,-0.09671115875244152
1656267806.png,0.16262677684426302,-0.1179598122835159,-0.011523514986038152,-0.03707599639892581,-0.023274600505828857,-0.040233701467514066,-0.07697784900665283,-0.0009641647338867188,-0.09931430220603935,0.000656247138977023,0.09068027511239052,0.048831224441528376,-0.09068027511239053,-0.04883122444152832,0.05844932794570917,0.24039226770400995,-0.039349444210529314,0.33358865976333607,0.020984530448913574,-0.25071337819099426,0.31920160353183746,0.0013501644134522595,-0.06534743309020999,0.4706732630729677,-0.029996164143085466,0.5435703396797181,0.2748663127422333,0.017803668975829856,0.300503596663475,0.027859508991241233,0.05192577838897705,-0.046023964881897084,0.04890871047973627,-0.09470582008361816
1656267807.png,0.16187399998307223,-0.10219635069370273,-0.00863316655158991,-0.04036593437194824,-0.022865355014801025,-0.04220072925090787,-0.06742346286773676,-0.004647016525268499,-0.09944310784339896,-0.00953240692615509,0.09165794029831886,0.047393336892127935,-0.09165794029831886,-0.04739333689212799,0.061660975217819214,0.24503150582313543,-0.03646022081375121,0.33018141984939575,0.018899649381637518,-0.2583450376987457,0.3140789344906807,0.003893911838531605,-0.06524968147277832,0.45405843853950495,-0.02843417227268219,0.5405467748641967,0.27448245882987976,0.013677835464477761,0.28651031106710434,0.01132822036743164,0.050598859786987305,-0.04550546407699607,0.04558986425399786,-0.10669064521789529
1656267808.png,0.16163470596075055,-0.10176146030426025,-0.009330213069915716,-0.04057328402996063,-0.023180782794952337,-0.04194195568561551,-0.07733002305030828,-0.009490996599197388,-0.09863184392452237,-0.00906817615032196,0.09190499037504193,0.04561999440193176,-0.09190499037504195,-0.04561999440193176,0.060593873262405507,0.2463291585445404,-0.038796760141849504,0.32961592078208923,0.019733965396881104,-0.2574349343776703,0.3208335861563682,0.004709720611572266,-0.06584677100181577,0.4592778980731964,-0.02827295660972594,0.5389565527439117,0.25747567415237427,0.03747093677520741,0.28571318089961995,0.028320491313934326,0.04998388886451721,-0.07681494951248158,0.04845827817916881,-0.12534254789352417
1656267809.png,0.1622763648629188,-0.10285833477973938,-0.009442210197448675,-0.040597110986709595,-0.022404640913009644,-0.042406827211380005,-0.0783668458461762,-0.010136887431144714,-0.09728984534740442,-0.009373158216476468,0.09115288406610489,0.046773687005043085,-0.0911528840661049,-0.04677368700504303,0.06243327260017395,0.2440784573554992,-0.037433020770549774,0.3295706808567047,0.018104523420333807,-0.2583498358726501,0.3157841935753821,0.0026491284370422363,-0.06584618985652921,0.4584223628044128,-0.02925188839435576,0.541798561811447,0.27412737905979156,0.030699014663696178,0.28658881783485407,0.027238845825195312,0.051652491092681885,-0.06543159484863281,0.04730543494224554,-0.1254940629005431
1656267810.png,0.1619842574000358,-0.10078911483287814,-0.008734524250030462,-0.04091863334178922,-0.022005081176757757,-0.042981341481208774,-0.07827493548393255,-0.01171150803565979,-0.09916596114635473,-0.011580556631088257,0.09044548124074936,0.04684670269489288,-0.09044548124074935,-0.04684670269489288,0.06511199474334717,0.2431284785270691,-0.03846959024667741,0.3286523520946504,0.016660690307617132,-0.2577486336231231,0.3174370750784874,0.004434108734130748,-0.06378288567066193,0.4562523365020753,-0.029337972402572646,0.5407803952693937,0.27459587156772614,0.0322468876838683,0.2864978462457657,0.027406573295593373,0.0515439510345459,-0.06605488061904907,0.060153752565383856,-0.12457799911499001
1656267811.png,0.11228134855628011,-0.1257331073284149,0.017121315002441406,-0.02935776114463806,-0.027444183826446478,-0.05230498313903814,-0.017305761575698797,0.011591836810112,-0.08513814210891721,-0.01666395366191864,0.09699654206633565,0.049500092864036505,-0.09699654206633566,-0.049500092864036505,0.06359630823135382,0.21487861871719366,-0.020784124732017503,0.3270095288753509,0.06195148825645447,-0.005403876304626576,0.319136954843998,-0.017672598361968994,-0.026547551155090277,0.3787375688552856,0.01891323924064639,0.5072371065616608,0.28075361251831055,0.03316444158554077,0.31425612419843674,-0.027937889099121205,0.11780112981796265,0.042135298252105824,0.05243381857872009,-0.03642475605010964
1656267812.png,0.11261238157749173,-0.12717045843601227,0.0169036984443664,-0.026415154337882996,-0.02797891199588773,-0.05337356030941012,-0.01710638403892517,0.015382498502731351,-0.08445702493190771,-0.014330297708511325,0.09126545488834384,0.059009805321693365,-0.09126545488834384,-0.05900980532169342,0.11119437217712391,0.20323029160499578,-0.04626816511154175,0.2714846730232239,-0.01229244470596308,-0.21367880702018738,0.021715439856052395,-0.18612584471702576,-0.00285977125167855,0.3472526371479033,0.052786603569984436,0.5072897076606749,0.33211493492126465,-0.08484596014022805,0.3379145413637161,-0.020565271377563477,0.06911450624465942,0.21495372056961082,0.10000789165496815,0.001134932041168324
1656267813.png,0.13315931893885136,-0.13712555170059204,0.006980240345001221,-0.030341014266014127,-0.028437644243240356,-0.04661183059215546,-0.03388145565986633,0.007639870047569275,-0.09090550243854525,-0.004000782966613797,0.09808383323252201,0.05737926065921778,-0.09808383323252201,-0.057379260659217834,0.10012856125831604,0.20220786333084112,-0.048795312643051154,0.31634482741355885,-0.0155564546585083,-0.22539323568344116,0.01671719923615455,0.1341172456741334,0.004752427339553833,0.35487192869186407,0.06222747638821601,0.5230158269405365,0.31434571743011475,-0.08693921566009521,0.37221065163612366,-0.13750439882278442,0.08136087656021118,0.16060370206832897,0.0800485908985138,0.06684327125549316
1656267814.png,0.14362408965826035,-0.12245167791843414,-0.00134918093681341,-0.033335596323013306,-0.024721413850784357,-0.042336851358413696,-0.059275865554809515,-0.002217933535575839,-0.093682050704956,-0.014689594507217407,0.096066914498806,0.04414355754852295,-0.09606691449880597,-0.04414355754852295,0.08533433079719543,0.22148868441581726,-0.04335989430546763,0.39160510897636425,-0.005540430545806885,-0.22552993893623352,0.15716658905148506,0.12106436491012551,-0.022637635469436646,0.385105937719345,0.020551167428493472,0.5095779001712799,0.3400540351867676,-0.10217303037643422,0.18592923134565353,0.0693669319152832,-0.012691915035247803,0.1618661284446714,0.18514758348464966,-0.06645441055297874
1656267815.png,0.12239545583724973,-0.12026757001876834,0.0009708702564239502,-0.03383345901966092,-0.027206242084503174,-0.04275588691234586,-0.04346191883087158,0.0014998018741607666,-0.09231637418270108,-0.008515492081642151,0.1427123844623566,0.023870617151260376,-0.14271238446235657,-0.02387061715126043,0.01668107509613037,0.2692137062549591,-0.023033861070871374,0.32908657193183893,0.004217088222503718,-0.19235479831695562,0.1018192209303379,-0.09680187702178955,-0.04958024621009827,0.40883496403694164,0.051862291991710635,0.4755213558673858,0.3060146570205687,-0.005609750747680886,0.14524243026971811,0.0020047426223757103,-0.13169345259666432,0.0330163836479187,0.10278603434562689,0.002166271209716908
1656267816.png,0.11909459158778188,-0.13515225052833557,0.013451784849166815,-0.03223805129528046,-0.02713415026664734,-0.05024264752864835,-0.020688951015472357,0.0074071139097213745,-0.08825415372848511,-0.007577612996101407,0.10040171071887019,0.03381496667861933,-0.10040171071887019,-0.033814966678619385,0.07899275422096247,0.22272327542304998,-0.06532677169889212,0.2684400975704193,0.026733100414276123,0.011237084865569957,0.1501652291044593,-0.045089662075042725,0.0035743415355681263,0.4358158409595489,0.0623621866106987,0.5037752687931062,0.27676540613174444,0.020646393299103005,0.23635292053222662,0.1038961410522461,0.07781940698623657,0.10470640659332242,0.048405051231384166,0.012934446334838756
1656267817.png,0.13029410876333716,-0.11876238882541662,0.0019653439521788996,-0.034202098846435464,-0.024297446012496948,-0.04387901723384849,-0.044677674770355225,-0.0060056596994400024,-0.09900826215744021,-0.020931139588356074,0.11696504987776277,0.023896709084510803,-0.11696504987776277,-0.02389670908451086,0.061523705720901545,0.24744686484336853,-0.04799580946564674,0.26073831319808966,0.00936320424079895,-0.01919132471084606,0.19656585901975632,-0.045235633850097656,-0.029884815216064398,0.4216516911983491,0.03738932684063912,0.5021645426750183,0.2360638678073883,-0.048618733882904164,0.2107213139533997,-0.10390049219131459,0.012377798557281494,0.09190988540649414,-0.009399980306625366,0.3033096194267272
1656267818.png,0.1534943431615829,-0.1298530697822571,-0.002332895994186346,-0.03874769806861875,-0.02444818615913391,-0.04804116487503046,-0.06609922647476196,-0.00984308123588562,-0.10046283900737757,-0.01755532622337344,0.08948223292827606,0.024699315428733826,-0.08948223292827606,-0.024699315428733826,0.06509599089622498,0.24506789445877075,0.14926360547542572,0.22862127423286438,0.16068771481513977,0.025980591773986816,0.26482777297496796,-0.03695952892303478,-0.04777377843856809,0.43283629417419445,-0.0016071945428848128,0.5005962550640105,0.18307065963745114,-0.04945272207260143,0.2794906944036484,0.014084637165069691,0.11617091298103333,-0.08191239833831787,0.007756650447845348,-0.010583281517028809
1656267819.png,0.14778343960642812,-0.13272355496883395,-0.0004310905933380127,-0.03794541954994196,-0.024198085069656428,-0.045856609940528814,-0.05784255266189575,-0.007886469364166288,-0.09600728750228876,-0.019286215305328397,0.07882742211222651,0.02396982908248907,-0.07882742211222651,-0.023969829082489014,0.08567956089973444,0.24900990724563582,0.16751178354024887,0.22467255592346191,0.15768942236900346,-0.0060541629791259766,0.257476508617401,-0.026878774166107178,-0.05258847773075109,0.4463921189308167,-0.018795646727085114,0.5179172158241273,0.1352569311857223,-0.009603023529052956,0.2911273241043091,0.024955391883850098,0.25925019383430475,-0.1447066068649291,-0.008651226758956965,0.02600121498107899
1656267820.png,0.13114658370614052,-0.12232798337936401,0.00887724757194519,-0.03542420268058777,-0.022583812475204523,-0.05037689208984375,-0.03746965527534485,-0.01142016053199768,-0.08941775560379023,-0.03549741208553314,0.0695498175919056,0.016649737954139654,-0.0695498175919056,-0.016649737954139654,0.10638158023357391,0.21752113103866583,0.1844654604792595,0.19106325507163996,0.16954711079597473,0.011929988861083984,0.23376089334487915,0.009971022605896107,-0.031751260161399814,0.4474779367446899,-0.01211294531822206,0.5094957053661344,0.21026584506034843,-0.07349330186843872,0.29360487312078476,-0.016515374183654674,0.1887831389904024,-0.07783621549606312,0.33266687393188477,-0.19152683019638062
1656267821.png,0.10387237579561763,-0.13727158308029175,0.019640669226646423,-0.030992940068244934,-0.01913498342037201,-0.05393260717391965,-0.016460999846458435,-0.010145142674446134,-0.08416469395160671,-0.042793311178684235,0.10808646888472141,0.029115304350852966,-0.10808646888472141,-0.029115304350852966,-0.010402441024780273,0.21489566564559937,0.02553162584081292,0.23333218693733215,0.07618635892868039,-0.03898799419403076,0.05235312692821026,0.007397472858428844,-0.03297944366931915,0.3843833804130553,0.030051984358578927,0.43688806891441345,0.2943178564310073,-0.1373929977416991,0.13321299478411674,-0.09045535326004028,0.015163660049438477,-0.004460930824279785,0.4209131747484206,-0.030031383037567028
1656267822.png,0.04565795138478279,-0.09375712275505069,0.018421828746795627,-0.033101819455623654,-0.03784440457820892,-0.035848744213581085,0.01114314794540408,0.012589804828166962,-0.0779631584882736,-0.004872560501098633,0.11523929610848427,-0.012628391385078458,-0.11523929610848427,0.012628391385078458,0.026404827833175715,0.36082953214645386,0.022014398127794266,0.2785773575305939,0.028890162706375067,-0.19390991330146784,0.08315778151154515,-0.09463652968406688,0.0007010996341705322,0.41805237531662,0.09000765532255173,0.4390923678874969,0.15972262620925903,-0.021183133125305287,0.12665562331676486,-0.07320213317871094,-0.002442330121993963,0.0019190311431884766,0.014861047267913735,0.003021419048309326
1656267823.png,0.07384386239573362,-0.1567155122756958,0.024594783782958957,-0.03374910354614258,-0.0294473469257355,-0.06480532139539717,-0.010637208819389343,0.008716568350791931,-0.08978728204965591,-0.027839303016662625,0.10955081460997462,0.016607955098152216,-0.10955081460997462,-0.016607955098152216,0.12396036088466644,0.13840389251708973,0.042752443812787526,0.2773067951202393,0.04367643594741827,0.103271633386612,0.2192094400525093,0.044426679611206055,-0.05958454310894015,0.45773091912269587,0.026621284894645218,0.49595457315444963,0.23995381593704226,-0.16569995880126953,0.10909138992428782,-0.16690349578857433,-0.07225129008293157,0.017574429512023926,0.14396850764751437,0.0302545428276062
1656267824.png,0.09154820512048897,-0.15040969848632804,0.018478110432624817,-0.035265490412712125,-0.02454093098640439,-0.061190247535705594,-0.022666439414024353,-0.006982520222663879,-0.08621230721473692,-0.04406138509511949,0.11387136648409069,0.025351911783218384,-0.11387136648409069,-0.025351911783218384,0.13905471563339228,0.21371826529502874,0.030082912649959326,0.2861859500408173,0.00987094640731817,0.035775601863861084,0.20523035526275635,-0.014352560043334961,-0.0063079446554184515,0.43573537468910234,0.051461765076965094,0.507503479719162,0.22990398108959198,-0.035998165607452615,0.2723797783255577,-0.07303124666213989,0.06721639633178716,-0.11224251985549916,0.0807506144046784,0.04308962821960449
1656267825.png,0.1299973998684436,-0.12127521634101868,0.003156706690788297,-0.03523845970630646,-0.01510341465473175,-0.04918217658996585,-0.06861038506031039,-0.034830719232559204,-0.09325869381427765,-0.04751883447170255,0.10262147826142608,0.019825398921966608,-0.10262147826142608,-0.019825398921966553,0.04750196635723117,0.24771931767463679,0.015473856125026938,0.27975544333457947,0.06974613666534424,-0.12008920311927801,0.19496115669608113,-0.12893578410148637,0.002296760678291321,0.4302220642566678,0.04638966033235192,0.48415318131446816,0.2049389481544495,0.012202680110931619,0.20158596709370613,0.03369283676147472,-0.17795313894748685,0.059388697147369274,-0.015346735715866033,0.02394479513168357
1656267826.png,0.1113212089985609,-0.1646486222743989,0.0008592903614043912,-0.03761208057403563,-0.029588803648948725,-0.044553518295288044,-0.04872077703475952,0.004017457365989699,-0.10207030922174451,0.004178188741207081,0.10483516566455364,0.04665398597717285,-0.10483516566455367,-0.04665398597717285,0.12390799820423123,0.11999511718750006,0.06393086537718776,0.2357263267040252,0.15780428051948547,0.05698415637016285,0.316335991024971,0.0664990544319154,-0.05122713744640356,0.4193115532398222,-0.003631774336099635,0.5264600813388824,0.261622816324234,-0.1510401368141172,0.3199428766965866,-0.17119872570037853,0.3005350828170775,-0.003418445587158314,0.09148067235946655,-0.007756233215332031
1656267827.png,0.11081608943641183,-0.1642678678035736,0.0020147562026978094,-0.034664928913116455,-0.02515387535095212,-0.045744389295578,-0.05447392165660864,-0.005323797464370755,-0.096008338034153,-0.010073348879814148,0.10681213252246377,0.03431005775928503,-0.1068121325224638,-0.03431005775928497,0.12457321584224704,0.1250674128532409,-0.0010723676532507012,0.2848452627658844,0.143572598695755,0.03396809101104725,0.01945667900145054,0.09892648458480835,-0.048189520835876465,0.4605064392089843,0.034843474626541124,0.5302259027957915,0.2332328408956528,-0.10023313760757457,0.21802217885851854,-0.06448394060134877,0.3145563304424287,-0.11035627126693714,-0.002423554658889715,0.03450047969818115
1656267828.png,0.07238202588632703,-0.15541143715381625,0.024409905076026917,-0.030330404639244052,-0.029660478234291077,-0.05731566995382309,-0.006277754902839633,0.02005596458911893,-0.0856996104121208,-0.007643222808837863,0.10618185298517344,0.02656194567680359,-0.10618185298517344,-0.026561945676803533,0.10703600943088531,0.15281006693840027,0.0400622496381402,0.24653646349906916,0.06157657504081737,0.08308243751525879,0.10683618485927579,0.09192591905593872,-0.064147800207138,0.4297189414501189,0.014564407058060166,0.5007941424846649,0.21081064641475683,-0.16468113660812378,0.046778630465269075,-0.23877072334289562,-0.022921919822692927,0.0855591893196107,0.16010550409555435,0.13245493173599243
1656267831.png,0.12335942871868612,-0.16867098212242124,0.0015323162078857422,-0.039561435580253615,-0.03203535079956055,-0.05086553841829301,-0.04973024129867554,0.0033944696187972606,-0.10947418957948687,-0.005368925631046323,0.10969700105488299,0.0240185409784317,-0.10969700105488299,-0.0240185409784317,0.06340758502483371,0.3016570508480072,0.021631442010402676,0.276852548122406,0.1072336733341217,-0.08257246017456055,0.3411445282399654,-0.03060638904571522,-0.020771518349647522,0.4650900661945343,0.017884643748402592,0.5125859379768372,0.3425656259059906,-0.18706315755844116,0.23692442663013935,-0.1506880521774292,-0.04782837629318226,0.011720657348632812,0.08756780624389643,0.0013420581817626953
1656267832.png,0.15498230978846553,-0.1078476905822755,-0.005892127752304077,-0.04015731811523429,-0.024181574583053533,-0.04606151580810541,-0.07908403873443609,-0.00873450934886938,-0.09669858217239383,-0.007679671049118042,0.09728847071528432,0.04092280566692352,-0.09728847071528432,-0.04092280566692352,0.03386136889457708,0.26434955000877364,-0.0369299054145813,0.3073930144309997,0.06701475381851196,-0.0064811110496521,0.3342050835490226,0.021802902221679688,-0.0942052155733108,0.5012336671352384,-0.06477446854114532,0.5670867562294004,0.2528519183397292,-0.042454659938812256,0.25132180005311966,0.01165837049484264,-0.006276339292526079,0.026291608810424916,0.023871660232543945,0.01690918207168579
1656267833.png,0.15853680297732348,-0.10078039765357974,-0.007404685020446666,-0.04008238017559049,-0.023456245660781805,-0.044515177607536316,-0.07991614937782293,-0.010854244232177734,-0.09706401824951172,-0.011839196085929843,0.09693710133433342,0.03750471770763397,-0.09693710133433343,-0.03750471770763397,0.03683480620384216,0.2628096342086792,-0.031485773622989655,0.30748334527015686,0.07609397172927851,0.0004994869232177734,0.32940319180488586,0.021257638931274414,-0.09074871242046353,0.47953855991363525,-0.06454330310225485,0.5621872246265412,0.2524489313364029,-0.01022428274154663,0.26708971336483955,-0.012214183807373158,0.0325768887996673,-0.02859342098236095,0.0261688232421875,0.02366560697555542
1656267834.png,0.15883217379450798,-0.09140139818191523,-0.007061034440994318,-0.04153554141521462,-0.022580385208129883,-0.04285109043121346,-0.08181473612785334,-0.013849258422851535,-0.09664285182952881,-0.017657950520515414,0.09585155174136162,0.0331770777702331,-0.09585155174136162,-0.033177077770233154,0.04013949632644653,0.26296412944793696,-0.03607863932847977,0.3029249310493468,0.0690461397171021,0.004194736480713002,0.3302377164363861,0.018361032009124867,-0.08952412009239194,0.49056357145309465,-0.06537486240267754,0.5622777938842773,0.2515348196029663,-0.016874670982361062,0.2664694525301456,-0.013336360454559326,0.033249378204345814,-0.0300447940826416,0.02463027834892273,-0.0008783340454100452
1656267835.png,0.15901724249124524,-0.09631881117820743,-0.00818574428558344,-0.04052129387855527,-0.02258914709091181,-0.04166269302368156,-0.07267728447914124,-0.007270783185958862,-0.09674660861492163,-0.014396980404853876,0.09616980701684949,0.03352995216846466,-0.09616980701684949,-0.03352995216846466,0.04309430718421936,0.26311057806015015,-0.03643012046813965,0.30276021361351013,0.06842458248138433,0.00339066982269276,0.3307672590017319,0.018895387649536133,-0.09185345470905304,0.48874205350875866,-0.06453779339790344,0.5369581282138824,0.25503139197826397,-0.040524959564209206,0.2480309158563614,0.011371076107025146,0.014638870954513494,-0.00400632619857777,0.04079985618591303,2.7418136596679688e-05
1656267836.png,0.1594805642962456,-0.09648831188678741,-0.007662296295166071,-0.04053270816802976,-0.022498995065689142,-0.041465163230896024,-0.07283538579940801,-0.006925106048584012,-0.09688939154148102,-0.013969153165817233,0.09569748491048816,0.03269839286804199,-0.09569748491048816,-0.03269839286804199,0.0405545830726623,0.2526625394821167,-0.03542865812778474,0.3005979657173157,0.06081438064575195,0.013103961944580078,0.33095780014991755,0.019921064376831055,-0.08971580862998968,0.4869009256362915,-0.06181766465306282,0.5368130803108215,0.2529376447200775,-0.039990365505218395,0.24535885825753212,0.008409082889556996,0.014420390129089411,-0.00396162271499656,0.040962010622024536,-0.0013253092765809216
1656267837.png,0.1602004617452621,-0.09863217175006866,-0.006868004798889049,-0.04072308540344233,-0.0217967927455901,-0.04665085673332217,-0.08091372251510626,-0.013442724943161094,-0.09524564445018774,-0.011521697044372559,0.09661723673343658,0.03408458828926081,-0.0966172367334366,-0.034084588289260864,0.045838892459869385,0.25911894440650934,-0.026316426694393144,0.310489684343338,0.07243415713310242,0.012107372283935658,0.3300463780760765,0.016020774841308594,-0.08533337712287903,0.486849218606949,-0.043921388685703264,0.5448908507823944,0.23759961128234863,-0.008844554424286,0.252392865717411,0.005648970603942982,0.062021732330322266,-0.004494130611419678,0.023771882057190052,0.025227487087249756
1656267838.png,0.12467875331640244,-0.12099103629589078,0.009149461984634344,-0.03435561060905459,-0.021394386887550354,-0.04719118773937231,-0.03929550945758814,-0.013776615262031555,-0.09114915132522586,-0.03319799900054929,0.08573246747255323,0.061077594757080134,-0.08573246747255325,-0.06107759475708008,0.042601749300956754,0.23671302199363703,0.004252605140209198,0.29056259989738464,0.1108810305595398,-0.04041779041290283,0.28549904376268387,0.0008771419525145374,-0.05423077940940857,0.41893324255943293,-0.0197237990796566,0.5306073129177094,0.2180323153734208,-0.029246568679809792,0.2529827021062374,-0.029600024223327637,0.13315737247467035,-0.15653759241104104,0.04978165030479431,0.07260787487030029
1656267839.png,0.1334000714123249,-0.08110159635543823,0.01122710108757019,-0.03727528452873233,-0.01592928171157837,-0.049702063202858,-0.03609409928321833,-0.02349984645843506,-0.08175039291381833,-0.05868881940841672,0.08347891643643379,0.05913901329040527,-0.08347891643643378,-0.05913901329040533,-0.020552873611450168,0.23358342051506042,-0.010430041700601592,0.2971289455890656,0.12768760323524472,0.0034303665161132812,0.2733094207942486,0.0029876232147216797,-0.04345688223838809,0.44136664271354664,-0.01959413662552835,0.5423926413059235,0.23816210031509397,0.02955693006515525,0.2827478460967541,0.057775259017944225,0.08658272027969366,-0.22385048866271984,-0.0022783279418945312,0.03448927402496338
1656267840.png,0.14839000627398496,-0.11583647131919864,-0.0050442516803741455,-0.04096558690071106,-0.020331948995590265,-0.04489946365356448,-0.07580503821372989,-0.01791641116142273,-0.09233327209949493,-0.02300330996513361,0.08205724880099294,0.05938883125782013,-0.08205724880099295,-0.059388831257820185,-0.03951464593410489,0.21476572751998912,-0.01889005303382875,0.3070960938930512,0.13786108791828156,0.0029795169830321155,0.27292176336050034,0.006067395210266113,-0.05323868989944455,0.46131283044815063,-0.03130390495061876,0.5443408191204071,0.2540361583232879,0.00932788848876942,0.28106851875782013,0.006770253181457742,0.07074600458145147,-0.2226157784461973,0.026658982038497925,0.0247533321380613
1656267841.png,0.14307260885834694,-0.0893414318561554,0.007214576005935669,-0.036132261157035855,-0.015881448984146118,-0.04506696760654452,-0.05323183536529541,-0.02592746913433075,-0.08111217617988584,-0.047807514667510986,0.07840773835778236,0.060866266489028986,-0.07840773835778236,-0.06086626648902893,-0.03424535691738129,0.22380104660987848,-0.05174028128385543,0.28453633189201344,0.15131308138370508,-0.0058876872062683105,0.296353429555893,0.01713085174560569,-0.09422919154167178,0.43770948052406294,-0.06414206698536873,0.5291860401630402,0.24214187264442447,0.0008817911148071289,0.2278726957738399,0.0017197132110595703,0.21729284524917603,-0.20548224449157704,0.03281354904174805,0.05540889501571644
1656267842.png,0.17353840172290802,-0.059961333870887756,-0.008636772632598821,-0.04268991947174075,-0.014753192663192694,-0.04306261241435999,-0.07741943001747131,-0.018247321248054477,-0.08620971441268926,-0.025293260812759483,0.05612890422344208,0.04962204396724701,-0.05612890422344205,-0.04962204396724701,-0.06656269729137415,0.22699850797653198,-0.13307998329401013,0.30946651101112366,0.14646913111209864,-0.007077217102050781,0.28999728709459305,0.009084463119506836,-0.11470797657966608,0.43272215127944946,-0.11094257980585097,0.5257945358753202,0.27687710523605347,0.12535279989242543,0.30917299538850784,0.13996952772140525,0.15200862288475037,-0.30649489164352406,-0.10695084929466248,0.04092210531234719
1656267843.png,0.16755512356758123,-0.09279941022396088,-0.007919877767563033,-0.040820762515068026,-0.01588284969329834,-0.04286496341228485,-0.08274877071380604,-0.017328307032585172,-0.08944532275199896,-0.022097826004028293,0.06598398089408875,0.053785443305969294,-0.06598398089408875,-0.05378544330596924,-0.0547315776348114,0.22869196534156794,-0.08048948273062706,0.30883052945137024,0.14776206016540522,-0.00952303409576416,0.27656054124236107,0.0119667649269104,-0.08702589571475983,0.46472170948982233,-0.07583005726337433,0.5243645012378692,0.26270373165607447,0.08625757694244396,0.31557534635066986,0.11848855018615723,0.07101872563362127,-0.29397016763687145,-0.03894963860511785,-0.05363178253173817
1656267844.png,0.1471052318811417,-0.06373754143714905,0.006468832492828314,-0.040102317929267856,-0.014601290225982722,-0.04491022229194641,-0.05230432748794556,-0.030469059944152888,-0.0789984464645386,-0.05634331703186035,0.07448409497737887,0.06037920713424677,-0.07448409497737889,-0.060379207134246826,-0.042195931077003535,0.21142411231994634,-0.03131848573684691,0.29108399152755726,0.12077094614505768,-0.011576831340789795,0.245425283908844,0.020957887172699197,-0.05742119252681735,0.42340058088302607,-0.03750936686992644,0.5198422074317931,0.2492004185914994,0.033501625061035156,0.2810526639223099,0.03030550479888916,0.08085638284683216,-0.21995562314987172,0.0116432905197143,-0.012351155281067006
1656267845.png,0.14031504839658734,-0.06865870952606201,0.008763641119003351,-0.03338797390460968,-0.01723447442054743,-0.04930813610553747,-0.03695973753929138,-0.022992536425590515,-0.07965296506881711,-0.05514721572399134,0.07434543222188947,0.05453124642372137,-0.07434543222188947,-0.05453124642372137,-0.019336432218551608,0.24631068110465998,-0.06466349586844444,0.2956369817256928,0.12683087587356565,0.018831908702850342,0.27275456115603447,0.0047380924224853516,-0.07164576649665827,0.428061157464981,-0.06048367172479629,0.526871055364609,0.26573085784912104,0.10779309272766091,0.29729976505041117,0.09965729713439919,0.02913603186607361,0.015351176261902078,-0.013492256402969305,-0.005249798297881969
1656267846.png,0.14732434228062624,-0.0981566458940506,-0.004661887884139959,-0.04409012198448181,-0.02479898929595936,-0.050518512725830106,-0.06954969465732572,-0.016889706254005432,-0.09722311794757846,-0.02023528516292572,0.11264945939183235,0.01731407642364502,-0.11264945939183234,-0.01731407642364502,0.04647946357727051,0.27668505907058716,0.02998550981283185,0.3153473734855652,0.08702641725540161,0.028953194618225098,0.317284807562828,0.01241356134414684,-0.0320745259523392,0.48740822076797496,0.023818582296371432,0.5228064656257629,0.2193508595228196,0.020600974559783825,0.3217808082699776,-0.18907618522644043,0.013957917690276933,-0.022208631038665883,0.033020257949829046,0.024731993675231934
1656267847.png,0.17200965061783785,-0.08412690460681915,-0.012713253498077337,-0.043554633855819674,-0.022403627634048406,-0.04343871772289276,-0.07668849825859075,-0.008507415652275141,-0.09205573797225952,-0.013677239418029757,0.1001284159719944,0.02984042465686798,-0.1001284159719944,-0.029840424656867925,0.04724323749542236,0.2592277526855469,-0.02864967286586763,0.3004137575626373,0.05972799658775335,-0.0005995631217956543,0.3256647512316703,0.004536688327789307,-0.10911859571933752,0.45473426580429066,-0.06723985821008682,0.5005526244640348,0.2529398649930955,-0.042597055435180664,0.2138534039258957,0.005606055259704923,0.003290086984634344,-0.028283238410949485,0.18829670548439026,-0.18746602535247825
1656267848.png,0.17126372829079634,-0.08435501158237463,-0.01139798760414129,-0.043809622526168795,-0.024565011262893732,-0.043156310915946905,-0.07834440469741821,-0.00779373943805689,-0.09482869505882269,-0.013708800077438382,0.09998664632439613,0.03018130362033844,-0.09998664632439616,-0.03018130362033844,0.04333993792533869,0.2583273649215698,-0.03372216224670409,0.2999889552593231,0.04978340864181524,-0.002498328685760609,0.3281140998005866,0.0009964704513549805,-0.11156381666660314,0.4487568736076354,-0.06895542889833448,0.49684736132621765,0.23645688593387615,-0.04237443208694458,0.21405045688152313,-0.012290835380554088,0.05374231934547419,-0.13289886713027943,0.2019499242305755,-0.16587823629379295
1656267849.png,0.17082365602254865,-0.07881435751914978,-0.011672228574752808,-0.04392294585704801,-0.021704435348510687,-0.04403521120548248,-0.07979270815849299,-0.015050888061523438,-0.0928964614868164,-0.020699650049209622,0.09971433132886884,0.034363418817520086,-0.09971433132886882,-0.03436341881752014,0.046675860881805475,0.2510829865932464,-0.02725785970687869,0.3059476315975189,0.06149113178253168,0.00594472885131847,0.326096162199974,0.0046038031578063965,-0.11022944748401639,0.4502693116664888,-0.06868676096200944,0.5072529613971709,0.21917735040187838,-0.016837656497955544,0.2129858061671257,0.003130018711090088,0.0881291925907135,-0.1466672420501709,-0.19116635620594025,0.08938437700271606
1656267850.png,0.13378361612558365,-0.09230051934719086,0.009175628423690796,-0.0343222171068191,-0.0173389613628388,-0.05049066245555875,-0.03963223099708557,-0.029390454292297447,-0.08301769196987147,-0.055736422538757324,0.08265239745378491,0.0585957914590835,-0.08265239745378494,-0.0585957914590835,-0.021539121866226224,0.21754753589630133,0.01057935506105423,0.2854050695896148,0.1441029608249665,0.017686903476715088,0.2634377256035805,0.00018459558486938477,-0.043078482151031466,0.415802776813507,-0.005611836910247817,0.5247211158275604,0.21405237913131714,0.03214442729949951,0.22913317382335663,0.042771339416503795,0.10772207379341125,-0.20516854524612416,0.0031278729438781183,0.06890463829040516
1656267851.png,0.13590385019779205,-0.07342126965522766,0.012113898992538397,-0.03643783926963806,-0.0157803893089295,-0.04764677584171301,-0.039292484521865845,-0.024807333946228027,-0.07802978157997126,-0.058854788541793795,0.07586438953876495,0.061014086008071844,-0.07586438953876495,-0.0610140860080719,-0.0414114594459534,0.222201555967331,-0.038074269890785224,0.29141363501548756,0.1388913989067078,0.011729180812835693,0.26585189998149866,0.011988818645477295,-0.0749919414520264,0.4204800426959991,-0.04378311708569527,0.5278920829296112,0.24929130077362063,0.019989252090454213,0.2872289903461933,0.014773190021514893,0.10204580426216125,-0.207605242729187,-0.016672492027282715,0.020257413387298473
1656267852.png,0.1480004414916038,-0.09156613051891321,-0.0017262399196624756,-0.040788248181343106,-0.01748540997505177,-0.04492783546447751,-0.07346363365650171,-0.02240058779716489,-0.08769053220748907,-0.03387750685215002,0.07453852146863935,0.051350161433219854,-0.07453852146863936,-0.051350161433219854,-0.03653004765510559,0.23957696557044994,-0.05205762386322023,0.2988129258155823,0.14912822842597964,-0.0044103264808653675,0.27089287340641016,0.01295006275177002,-0.056254222989082336,0.45609197020530723,-0.03842259943485262,0.5443708896636962,0.25934137403964996,0.06263327598571755,0.30889359116554255,0.08213502168655418,0.07649925351142894,-0.26613426208496094,-0.006818830966949352,-0.05597835779190097
1656267853.png,0.1567271575331688,-0.04303234815597534,0.002786397933959961,-0.04309011995792392,-0.010256737470626831,-0.04857935011386871,-0.06577339768409729,-0.04876454174518588,-0.07307970523834234,-0.05726361274719233,0.06811749190092087,0.05618798732757563,-0.06811749190092088,-0.056187987327575684,-0.05284561216831207,0.22484061121940607,-0.05522108450531958,0.3154107630252838,0.12504024803638458,-0.010613620281219371,0.2569283135235309,0.004427194595336914,-0.06760321557521823,0.435893326997757,-0.06162706762552259,0.523921638727188,0.2579462081193923,0.05319786071777344,0.28858330100774765,0.030646085739135742,0.07969057559967052,-0.2361130714416504,-0.007075250148773193,0.019023537635803445
1656267854.png,0.16408773884177205,-0.08440697193145755,-0.004048168659210205,-0.040697142481803866,-0.01982122659683222,-0.043063998222351074,-0.08086164295673362,-0.016248181462287903,-0.0919987112283707,-0.026311323046684265,0.0820682309567928,0.03908264636993414,-0.08206823095679279,-0.03908264636993408,-0.004012107849121038,0.2653526067733764,-0.03892772272229195,0.31744706630706787,0.13112962245941162,-0.03188061714172363,0.28559280559420586,-0.06258374452590953,-0.058723762631416265,0.4653640389442442,-0.026565067470073707,0.5395731329917907,0.22843982279300695,0.04906785488128684,0.24764250218868256,0.07274168729782116,0.04177856445312489,0.022633075714111106,-0.03477901220321655,-0.026613235473633035
1656267855.png,0.1685816496610642,-0.0768559724092483,-0.010131478309631403,-0.04279756546020519,-0.015670806169509943,-0.04115331172943129,-0.07237130403518677,-0.015225216746330206,-0.07899525761604315,-0.01917915046215049,0.09668572247028351,0.0508221834897995,-0.09668572247028348,-0.0508221834897995,0.03278231620788574,0.22211813926696777,-0.037252433598041576,0.30520156025886536,0.09278300404548645,-0.0016655921936035156,0.32898027449846257,0.003686964511871449,-0.13024102151393893,0.44016289710998535,-0.07464738562703135,0.5270062983036041,0.26004983484745026,-0.03690356016159069,0.2899913378059864,-0.047787487506866344,0.0022089183330536444,-0.027679443359374778,0.09799987077713013,-0.15297585725784324
1656267856.png,0.16695209965109825,-0.09098750352859492,-0.010998785495758057,-0.04357080161571503,-0.02162712812423706,-0.0447975546121597,-0.08152318000793463,-0.014707490801811246,-0.09313267469406133,-0.01984000205993655,0.09727900847792625,0.044533014297485296,-0.09727900847792624,-0.044533014297485296,0.058209806680679266,0.23565396666526817,-0.02745569497346881,0.3028500974178314,0.061976075172424316,-0.004850089550018533,0.33339297771453863,0.005423009395599365,-0.1126084178686142,0.4481692612171174,-0.07764310017228128,0.5201921761035919,0.21821783483028412,-0.0038623809814453125,0.20293859764933586,0.01139456033706665,0.05518627166748041,-0.18883144855499268,-0.04265601933002472,0.019304096698760986
1656267857.png,0.16623283550143236,-0.08853816986083979,-0.00930079817771906,-0.046234264969825745,-0.020676285028457586,-0.04756931960582733,-0.08427473902702332,-0.015357255935668945,-0.09269529581069952,-0.01911199092864993,0.09951530024409294,0.04478579759597778,-0.09951530024409296,-0.04478579759597778,0.04939320683479309,0.23378738760948198,-0.02600704878568648,0.30801030993461614,0.08184066414833058,-0.0015004277229310192,0.3392161577939987,0.0031865239143372692,-0.12156450748443604,0.4695459902286529,-0.06708970665931699,0.5214049518108368,0.24581921100616455,-0.02209073305130005,0.23247500509023672,-0.014378488063812145,0.02033951878547674,-0.02387118339538563,-0.2663930300623179,0.10377943515777566
1656267858.png,0.1656831614673139,-0.09177131950855255,-0.011185944080352839,-0.04534557461738589,-0.02073910832405107,-0.045722633600234985,-0.08448380231857305,-0.011784151196479742,-0.09159085154533375,-0.01526324450969696,0.09818921610713002,0.04387106001377111,-0.09818921610713002,-0.04387106001377111,0.046690881252288874,0.2339594960212707,-0.03018758445978166,0.30627271533012407,0.0741715133190155,-0.001592576503753551,0.3394261598587036,0.004126429557800182,-0.12250994145870209,0.4708448648452758,-0.07061444222927092,0.5223604738712313,0.22987897694110881,-0.051850855350494274,0.23185066133737559,-0.01728057861328136,0.021298736333846935,0.005703032016753928,-0.26555953919887537,0.10575395822525024
1656267859.png,0.1667690947651863,-0.09298942983150488,-0.011763393878936768,-0.04479773342609397,-0.02110925316810608,-0.04602144658565521,-0.08434054255485535,-0.01217849552631381,-0.0936594307422638,-0.015464708209037725,0.09771309047937393,0.04451452195644373,-0.09771309047937396,-0.04451452195644373,0.043986499309539795,0.2335460782051087,-0.02888259291648862,0.30482259392738326,0.08350086212158203,-0.0005365610122681774,0.3353338688611985,0.005125939846038929,-0.12453976273536682,0.4505398869514465,-0.07305378466844556,0.5201683938503265,0.23087635636329645,-0.0073653459548950195,0.21493684500455856,-0.01197999715805076,0.020499438047409113,-0.02032470703125,-0.1953485682606697,0.10489833354949951
1656267860.png,0.16647339239716524,-0.09277026355266571,-0.011593520641326904,-0.04424877464771268,-0.020449519157409612,-0.04535575211048129,-0.08318471908569325,-0.012657478451728876,-0.0925072729587555,-0.016160517930984497,0.09773466363549232,0.042883470654487665,-0.09773466363549234,-0.04288347065448761,0.04331842064857483,0.23357161879539484,-0.029346704483032213,0.3032217025756836,0.08693966269493103,0.000773012638092041,0.33657235652208334,0.004473149776458629,-0.11347134411334997,0.4525387585163116,-0.07145835086703299,0.5188520550727843,0.22056870162487036,-0.031025648117065208,0.23095830157399172,-0.014856338500976451,0.016626626253128052,0.032965481281280185,-0.26396046765148634,0.10922384262084939
1656267861.png,0.16724538058042526,-0.09502528607845306,-0.011909574270248413,-0.044168487191200256,-0.021127760410308782,-0.045125260949134854,-0.0845123827457428,-0.011778354644775418,-0.09381994605064398,-0.015170887112617437,0.0976751372218132,0.04293198883533478,-0.0976751372218132,-0.04293198883533478,0.04295650124549866,0.23416665196418762,-0.02879376709461212,0.30260664224624634,0.09055739641189581,-0.0018342137336732067,0.33651721477508545,0.0017777085304260254,-0.12428086996078494,0.45208778977394104,-0.07440706714987755,0.517069637775421,0.230562537908554,0.023775875568389893,0.19937222823500633,-0.011293888092040905,0.0027461349964142956,-0.017696380615234486,-0.23155014589428902,0.10746002197265603
1656267862.png,0.1676266118884086,-0.09358657896518707,-0.011873632669448742,-0.04405936598777771,-0.022004783153533825,-0.04544827342033389,-0.08351057767868048,-0.01129806041717532,-0.09382599592208873,-0.015027761459350558,0.09727590531110764,0.04356573522090912,-0.09727590531110764,-0.04356573522090912,0.044936358928680364,0.2348068654537202,-0.031304411590099335,0.30404382944107045,0.08758747577667242,-0.00244140625,0.33763647824525833,0.0018546581268311657,-0.1242199391126633,0.45021894574165344,-0.07619042694568634,0.5173935890197756,0.21616263687610635,-0.0053789615631103516,0.2195054292678833,-0.012227475643158181,0.02073293924331654,-0.011972129344940186,-0.2486746869981289,0.10673391819000233
1656267863.png,0.16798359900712972,-0.0943955928087234,-0.011993139982223566,-0.04372562468051919,-0.0216169953346253,-0.04484869539737707,-0.08308199048042297,-0.011038780212402288,-0.0933336615562439,-0.014678835868835477,0.0973949208855629,0.043602034449577276,-0.0973949208855629,-0.04360203444957733,0.04416090250015253,0.23405477404594427,-0.02781330794095993,0.30306798219680775,0.09043806791305548,1.9669532775878906e-05,0.33668530732393265,0.004241764545440785,-0.12194086611270905,0.46846053004264837,-0.07356028258800507,0.5182314515113831,0.2138887494802475,-0.024495363235473633,0.21700257062911987,-0.014759957790374645,0.018178671598434337,0.012221097946166992,-0.24858722556382418,0.11193156242370572
1656267864.png,0.16747122257947922,-0.09451669454574585,-0.012301146984100342,-0.043844982981681824,-0.02141547203063965,-0.04493589699268341,-0.0837356448173523,-0.010731965303420993,-0.09325334429740906,-0.014638870954513578,0.09700115770101547,0.04320296645164484,-0.09700115770101546,-0.0432029664516449,0.045093238353729304,0.2340852320194245,-0.030571162700653104,0.3027285635471344,0.08537808060646052,-0.0012289881706237793,0.3359918147325516,0.002956688404083252,-0.12231287360191345,0.4475622475147248,-0.07491315901279452,0.5159517824649812,0.2295706868171692,-0.001804649829864613,0.21818721294403076,-0.01105141639709506,0.01710802316665644,0.007176220417022705,-0.24837270937860012,0.10697156190872226
1656267865.png,0.16787735000252718,-0.0937620103359223,-0.012430787086486705,-0.043607980012893705,-0.021181285381317083,-0.04380682110786438,-0.08268043398857117,-0.0110015869140625,-0.09305006265640253,-0.015792608261108426,0.09728700295090675,0.043175727128982544,-0.09728700295090678,-0.043175727128982544,0.04369208216667181,0.23463091254234297,-0.03146347403526305,0.30251803994178766,0.07994604110717762,-0.0011057853698729359,0.33761424571275706,0.0038622021675109863,-0.12268316745758057,0.4501886665821077,-0.07540098950266835,0.5176195800304413,0.21587103605270386,0.020959138870238925,0.19850972667336464,0.010318040847778098,0.01618903875350952,-0.012945890426635631,-0.22787187434732914,0.0847107768058778
1656267866.png,0.16789281368255615,-0.0949199348688125,-0.012128382921218872,-0.043818324804306,-0.022530853748321533,-0.044937103986740085,-0.08319941163063055,-0.010267063975334195,-0.09347918629646307,-0.014012098312378013,0.09749609231948853,0.04307164251804346,-0.09749609231948853,-0.04307164251804346,0.04170316457748413,0.2353138327598573,-0.0316343829035759,0.30414852499961853,0.08989450335502625,-0.0012794733047484241,0.3390451595187187,0.00244748592376709,-0.12384799122810367,0.4673601984977722,-0.07617983594536781,0.5156241953372955,0.23154786229133614,0.006368398666381947,0.21921435371041298,-0.010114908218383789,0.0013539791107176624,-0.01567661762237549,-0.2495520245283842,0.10360980033874512
1656267867.png,0.16718924418091766,-0.09414993226528168,-0.012210100889205822,-0.04371783137321475,-0.021728783845901378,-0.04488500952720645,-0.08296778798103338,-0.011075496673584012,-0.0937279462814331,-0.014311596751213046,0.09650680795311925,0.04255025088787079,-0.09650680795311925,-0.042550250887870844,0.04544448852539068,0.2338043451309204,-0.02958408743143083,0.3016054332256319,0.07467904686927801,0.00039625167846668585,0.3234345465898513,0.0051424503326414905,-0.12182292342185969,0.4501670002937316,-0.07485755160450935,0.5169114172458651,0.21370181441307073,-0.003047943115234264,0.2160462997853756,-0.010789573192596547,0.08056473731994623,-0.1904085874557495,-0.2480472605675459,0.1052979826927184
1656267868.png,0.16740795597434038,-0.09393973648548132,-0.012345135211944525,-0.0438794791698455,-0.021342545747756847,-0.044045776128768865,-0.08263757824897772,-0.011482119560241755,-0.09264519810676586,-0.016204074025154114,0.09665664657950401,0.04267497360706329,-0.09665664657950401,-0.04267497360706329,0.046192616224288885,0.23512691259384155,-0.03244563192129135,0.30365774035453785,0.07789283990859985,-0.0009412765502929688,0.3378858715295791,0.0017627477645875134,-0.12131844460964197,0.4514264464378357,-0.07322270050644875,0.5173926055431366,0.22879628837108607,-0.003490567207336648,0.21611702069640154,-0.012120962142944447,0.017804473638534435,0.006441354751587136,-0.24837263952940697,0.1070052981376648
1656267869.png,0.1677223257720471,-0.09275376796722407,-0.01263040304183971,-0.04352276027202609,-0.0212088823318482,-0.04363922774791723,-0.08404400944709778,-0.011753171682357871,-0.0931711494922638,-0.01609310507774353,0.09704495593905449,0.04303163290023798,-0.0970449559390545,-0.04303163290023804,0.04374018311500544,0.235445648431778,-0.03026212006807326,0.3043648302555084,0.09018874168395996,-0.0026715993881225586,0.33798629045486445,0.0014286041259765625,-0.12036752700805667,0.4488933980464935,-0.07437381520867345,0.5145030319690704,0.22906535863876346,0.0277423858642577,0.2176949642598629,-0.009530305862426869,0.015977948904037476,-0.014697372913360596,-0.056395530700683566,0.07530999183654785
1656267870.png,0.1678027361631393,-0.09395849704742426,-0.012569665908813366,-0.04371368885040286,-0.0211589634418487,-0.043831348419189536,-0.08353427052497875,-0.011618688702583313,-0.09348726272583008,-0.01609273254871363,0.09632529318332672,0.04312610626220703,-0.09632529318332672,-0.04312610626220703,0.04334095120429993,0.23390507698059082,-0.031642764806747437,0.3030698299407959,0.09107452630996704,-0.0015276074409484863,0.3385451138019561,0.003105640411376953,-0.12149505317211151,0.44748687744140614,-0.07631178945302963,0.5140373706817627,0.22923643887042994,0.00020879507064819336,0.21918993443250662,-0.010980069637298695,0.0033837556838989258,0.009157419204712025,-0.25047072954475885,0.10838407278060913
1656267871.png,0.16629586741328234,-0.09282959997653961,-0.012175738811492864,-0.043642476201057434,-0.020587563514709417,-0.043767169117927524,-0.08305492997169495,-0.012604385614395114,-0.09278014302253723,-0.016897752881050165,0.09630266949534416,0.0435845404863357,-0.09630266949534419,-0.043584540486335754,0.04189452528953558,0.23454916477203375,-0.032756924629211384,0.3030703365802765,0.09283557534217829,-0.0028850436210632324,0.33942132443189627,0.0032822489738464355,-0.12099011242389676,0.4509815573692321,-0.07496799528598783,0.51738902926445,0.22941331565380094,0.023658156394958607,0.2166015580296517,0.0099678635597229,0.017495572566986084,-0.016603708267212025,-0.05860070884227758,0.025274097919464222
1656267872.png,0.16614371910691259,-0.09446243941783905,-0.012400686740875244,-0.04394206404685971,-0.020777791738510076,-0.045005962252616855,-0.08340740203857411,-0.012184098362922696,-0.09301283955574036,-0.015136837959289579,0.0964124836027622,0.04440890252590174,-0.0964124836027622,-0.044408902525901794,0.04298567771911632,0.23337489366531378,-0.034250542521476746,0.3039241135120391,0.09050548076629633,-0.001535177230834961,0.34028290957212454,0.004694700241088978,-0.12304639816284171,0.4488195180892946,-0.07533596456050873,0.5179850161075591,0.23030054569244376,-0.0002738833427429199,0.23379992693662638,-0.0168229341506958,0.018209487199783436,0.0050852298736571155,-0.2662107395008206,0.11175924539566062
1656267873.png,0.16558237373828882,-0.0959109514951706,-0.012737751007080078,-0.043314218521118164,-0.021551132202148382,-0.04360742866992948,-0.08313396573066706,-0.00914502143859866,-0.0925271213054657,-0.01238596439361575,0.09684525430202484,0.043551251292228754,-0.09684525430202487,-0.0435512512922287,0.04165393114089966,0.2355672419071197,-0.032810240983962985,0.3054047226905824,0.08925381302833552,-0.0009086132049560547,0.33868107199668884,0.0037900209426879883,-0.12103487551212311,0.4509871900081634,-0.07629495114088056,0.5189171433448792,0.2273234874010086,-0.002184271812438854,0.23694410175085068,-0.015334904193878063,0.0031493902206420343,0.009339570999145397,-0.26750536635518074,0.11255055665969815
1656267874.png,0.1662056148052215,-0.09551388025283813,-0.012903094291686956,-0.04295583069324496,-0.02148571610450739,-0.04378695785999298,-0.08409568667411804,-0.009931281208992004,-0.09293785691261292,-0.013033628463745145,0.09672299027442932,0.04297596216201782,-0.09672299027442934,-0.04297596216201788,0.04359474778175354,0.23536792397499073,-0.03200605511665344,0.3031469285488129,0.08780673146247858,-0.00033521652221668585,0.3389372825622558,0.006447494029998779,-0.12190642952919006,0.44997623562812805,-0.0737551376223564,0.5169877111911774,0.22977975010871893,-0.027221202850341908,0.23502638190984726,-0.014588117599487305,0.019910573959350586,0.005224466323852539,-0.26820705365389585,0.10985344648361217
1656267875.png,0.16563513502478605,-0.09620413184165955,-0.012283951044082642,-0.04289959371089941,-0.02161356806755066,-0.04388049244880676,-0.08351573348045355,-0.010184019804000771,-0.09285631775856024,-0.01365669071674347,0.09658258780837059,0.04407879710197449,-0.09658258780837062,-0.04407879710197454,0.042325615882873535,0.23502418398857128,-0.029815010726451846,0.30365696549415594,0.0879413485527038,-0.001980304718017689,0.3339080065488815,0.006688833236694336,-0.12199439108371735,0.4494837820529938,-0.07729009166359899,0.5184778273105619,0.22869370877742762,-0.007857739925384633,0.23469510301947594,-0.01781189441680897,0.017538219690322987,0.008981704711914174,-0.26385376416146755,0.11168491840362549
1656267876.png,0.16590912640094754,-0.09564439952373505,-0.012320667505264227,-0.04301878809928894,-0.020803689956664928,-0.043791934847831726,-0.08346459269523626,-0.010487392544746399,-0.0926578044891358,-0.013550758361816406,0.09631298482418058,0.042385473847389166,-0.09631298482418059,-0.04238547384738922,0.04351821541786205,0.23583641648292558,-0.03143627196550368,0.30428236722946167,0.08955964446067805,-0.0021982192993165173,0.32724479585886,0.001871943473815918,-0.11976167559623713,0.4511176645755767,-0.07537195086479186,0.515848696231842,0.22793024778366083,-0.003516554832458607,0.2348061203956604,-0.013122797012329102,0.020347625017166193,-0.020085275173187145,-0.07673913240432736,0.05192810297012307
1656267877.png,0.165330182760954,-0.09542930126190197,-0.012842923402786255,-0.04300443828105918,-0.02180343866348272,-0.043458625674247686,-0.0832647979259491,-0.00840087234973913,-0.09259670972824097,-0.011930659413337735,0.09660727903246882,0.04321971535682678,-0.09660727903246881,-0.04321971535682678,0.04329100251197815,0.23694530129432673,-0.03409232944250101,0.3053023517131805,0.07868212461471547,-0.0018649697303771973,0.34026469290256506,0.0035318732261657715,-0.12213718891143802,0.44840183854103083,-0.06387498229742045,0.5197295844554899,0.22882881760597232,-0.028868973255157693,0.24095271527767176,-0.03809380531311035,0.020945161581039318,0.006328105926513783,-0.28391854465007776,0.1310449838638309
1656267878.png,0.13869374059140688,-0.07881058752536779,0.007600992918014415,-0.03616838157176966,-0.014158695936203058,-0.04779212176799766,-0.048989132046699496,-0.03252239525318146,-0.08330148458480838,-0.06128135323524478,0.08227329514920712,0.05630491673946386,-0.08227329514920712,-0.056304916739463806,-0.008751213550567627,0.22839653491973871,0.039346065372228615,0.2927772104740143,0.12659883499145502,0.01927727460861206,0.24028183519840235,0.024900436401367188,-0.021096080541610718,0.42479258775711054,0.0197359286248684,0.5332523286342621,0.21515795588493342,0.08893191814422619,0.2616451829671859,0.07489800453186024,0.10284143686294561,-0.2678583264350892,-0.0806147158145904,0.12108778953552235
1656267879.png,0.14858342707157132,-0.08469642698764807,0.001417398452758789,-0.03914026916027066,-0.015337318181991577,-0.04707054793834686,-0.0646184086799621,-0.03463685512542722,-0.0838330090045929,-0.04923141002655021,0.07461406290531158,0.06436930596828455,-0.0746140629053116,-0.0643693059682846,-0.034456908702850425,0.22828823328018194,-0.013714306056499495,0.29840847849845886,0.13752889633178716,0.03150123357772816,0.25158005207777023,0.01924830675125111,-0.06401944160461429,0.4376542568206789,-0.04472103714942934,0.5396684706211091,0.2624455094337464,0.061894834041595126,0.2765050828456878,0.047007322311401145,0.07120993733406072,-0.26639282703399636,0.02849742770195013,0.01665627956390392
1656267880.png,0.14360319077968597,-0.06881704926490789,0.006367594003677368,-0.039984062314033425,-0.014253735542297363,-0.04702670872211451,-0.053802281618118286,-0.034481167793273926,-0.07770836353302002,-0.059645771980285645,0.07674364745616913,0.06755751371383667,-0.07674364745616913,-0.06755751371383667,-0.01766371726989749,0.214563548564911,0.015725567936897278,0.3015154004096985,0.12825646996498105,0.015644550323486217,0.24225451052188873,0.01725238561630249,-0.05296115577220917,0.43740904331207275,-0.02013023942708969,0.5440381169319153,0.3338526338338852,-0.2076924443244934,0.25969644635915756,0.008643388748168945,0.002585291862487793,0.005410313606262096,0.042885810136795044,0.04127824306488048
1656267881.png,0.1461552456021309,-0.07057553529739374,0.004200845956802368,-0.04031822085380557,-0.014354288578033447,-0.04695408046245583,-0.05770349502563471,-0.03390276432037359,-0.08129426836967468,-0.056224584579467746,0.07489905506372452,0.06489181518554688,-0.07489905506372453,-0.06489181518554688,-0.026160210371017456,0.23433193564414978,-0.01776852458715436,0.29792895913124084,0.13762667775154108,0.0019791722297668457,0.26509214192628855,0.008548617362976074,-0.0518345832824707,0.43658438324928284,-0.026401817798614488,0.5519267022609711,0.24842101335525507,0.06179326772689819,0.2806290537118912,0.08309096097946189,0.07625916600227362,-0.2599800229072571,0.006685227155685425,0.010366201400756614
1656267882.png,0.170131005346775,-0.08236846327781677,-0.0088958740234375,-0.041501536965370206,-0.014471471309661754,-0.04230973124504095,-0.08011984825134266,-0.020555332303047125,-0.08883142471313482,-0.026226878166198675,0.06844840198755264,0.05157735943794256,-0.06844840198755264,-0.051577359437942505,-0.05677969753742215,0.22315129637718206,-0.06814706325531006,0.30167677998542786,0.1370025426149368,-0.0009245872497560814,0.2582131177186966,0.006957054138183594,-0.0745770931243897,0.4547352492809294,-0.058006227016448975,0.5474272668361664,0.2668681740760803,0.05234396457672119,0.29342620074748993,0.04405158758163463,0.14592239260673529,-0.25853997468948353,0.012427151203155518,-0.0838875174522401
1656267883.png,0.1640070229768752,-0.09520761668682098,-0.009867668151855358,-0.03967638313770294,-0.016456305980682318,-0.040803581476211576,-0.07981187105178839,-0.012256026268005427,-0.08873954415321339,-0.018635913729667664,0.06646446883678436,0.051588207483291626,-0.06646446883678439,-0.05158820748329168,-0.04860275983810425,0.2290593683719635,-0.08020543307065961,0.31328520178794866,0.1625995934009552,-0.010431766510009766,0.2798842117190361,-0.007591962814331055,-0.07484416663646701,0.46629098057746876,-0.07424741983413694,0.5389891564846037,0.2637321203947067,0.10000133514404319,0.3126861453056336,0.14598023891448997,0.05101391673088079,-0.03820818662643455,-0.03623729944229137,-0.0903935432434082
1656267884.png,0.15237969905138016,-0.054956406354904175,0.005461513996124323,-0.039434596896171625,-0.014986395835876465,-0.049422159790992765,-0.05436420440673828,-0.026951760053634588,-0.08112633228302002,-0.050177574157714844,0.0694567933678627,0.05406934022903448,-0.0694567933678627,-0.054069340229034424,0.004805326461791992,0.2327547669410705,-0.06480424478650093,0.32528913021087646,0.1006955206394195,-0.023044168949127197,0.2775079347193241,-0.01527935266494751,-0.07045431435108185,0.4330508112907409,-0.07405674457550049,0.5209268927574159,0.3491671234369278,-0.18254041671752919,0.30121193826198583,0.030889511108398326,0.06807601451873779,-0.0001909136772156872,0.015409439802169855,-0.006209433078765869
1656267885.png,0.14697724953293803,-0.055234149098396246,0.009138345718383845,-0.03638081252574926,-0.014527142047882136,-0.04662998020648962,-0.04784217476844793,-0.028849512338638333,-0.07931828498840326,-0.056393787264823914,0.07353967800736425,0.054366990923881586,-0.07353967800736426,-0.05436699092388153,-0.033120840787887545,0.2364326119422912,-0.043414682149887085,0.30561307072639454,0.13334891200065616,-0.01804208755493164,0.26797885447740555,-0.007137417793273815,-0.059926569461822426,0.4363196492195129,-0.04377368092536925,0.5249883234500884,0.3315592408180237,-0.1852257251739503,0.26751045137643814,0.051544368267059326,0.08150869607925415,0.0008209943771363415,0.03037732839584356,-0.029978930950164795
1656267886.png,0.14752556383609772,-0.05825957655906677,0.007151365280151367,-0.03757120668888089,-0.014078557491302546,-0.04507724940776825,-0.05216923356056219,-0.02895712852478033,-0.07987645268440238,-0.055921047925949124,0.07011291384696958,0.05882939696311956,-0.0701129138469696,-0.05882939696311951,-0.030247852206230108,0.2297994196414947,-0.031101346015930176,0.3000814616680145,0.12971389293670646,-0.0166170597076416,0.2543240934610367,0.0007889270782470703,-0.0650241672992706,0.4444823563098906,-0.040429361164569855,0.537884920835495,0.2470746785402298,0.07022047042846702,0.26403050869703293,0.067937672138214,0.1794956922531128,-0.2717496156692506,0.012309163808822632,-0.009806692600250244
1656267887.png,0.1460720449686051,-0.062274590134620667,0.006072819232940618,-0.035874173045158414,-0.015472352504730225,-0.0458114892244339,-0.05023542046546936,-0.029617980122566195,-0.08030891418457037,-0.05528378486633301,0.07031488418579099,0.05992077291011805,-0.07031488418579096,-0.0599207729101181,-0.026366636157035717,0.22640359401702886,-0.02537102997303009,0.30069699883461,0.1309789717197418,-0.020195424556732178,0.25432005524635315,-0.0008772611618041992,-0.0646539479494094,0.42386299371719377,-0.039531409740448,0.5337086021900177,0.3460155427455902,-0.18240469694137584,0.2641081064939499,0.07355153560638428,0.08189207315444946,0.00027751922607410773,0.02799820899963379,-0.012725889682769886
1656267888.png,0.1441437415778637,-0.07018990814685827,0.004490613937377874,-0.03562705218791956,-0.014568746089935303,-0.044214263558387645,-0.05590891838073725,-0.029677435755729648,-0.0807856619358063,-0.050297737121582115,0.07166975364089012,0.05529360473155975,-0.07166975364089012,-0.05529360473155981,0.004418581724166842,0.24196907877922047,0.049995996057987185,0.29888898134231573,0.1299530118703842,0.010342538356781006,0.22501093149185183,-0.0005677938461304821,-0.06375652551651004,0.4257420599460602,-0.04952539876103401,0.529573917388916,0.24635107815265647,0.09526187181472767,0.26467582210898394,0.10858917236328125,0.18553373217582703,-0.271187663078308,0.043334305286407526,-0.030282974243164062
1656267889.png,0.14702365547418603,-0.10996623337268815,-0.004926800727844294,-0.03601792454719546,-0.020498663187027033,-0.04107935726642614,-0.06441277265548706,-0.004742980003356906,-0.08981513977050778,-0.016934081912040683,0.06830016523599622,0.06404238939285278,-0.06830016523599622,-0.06404238939285273,-0.02257137000560755,0.23329326510429405,-0.03189963847398759,0.30056807398796087,0.12498427927494049,-0.032948613166809304,0.2602861151099205,0.0009549260139465332,-0.0705858170986175,0.4492858350276948,-0.051774345338344574,0.5488544404506686,0.2507170438766479,0.07452785968780518,0.25350043922662735,0.07613229751586892,0.08480787277221685,-0.28028398752212524,-0.0008394420146942139,-0.023818850517272838
1656267890.png,0.15012817084789276,-0.043548911809921265,0.008022516965866089,-0.04124349355697632,-0.012302160263061523,-0.049746200442314176,-0.057596951723098755,-0.038436368107795715,-0.07649695873260498,-0.06061618030071253,0.06991343200206757,0.06248083710670471,-0.06991343200206754,-0.06248083710670471,-0.05146269500255585,0.21454986929893494,-0.04564344137907031,0.3035830557346345,0.12327934801578516,0.01981210708618164,0.2538195177912712,0.01566249132156361,-0.06976264715194705,0.44034120440483104,-0.05389258265495302,0.5387724936008452,0.24187275767326363,0.10629713535308827,0.266989916563034,0.09144216775894176,0.08573228120803827,-0.3009068965911864,-0.004632830619811956,-0.006710231304168701
1656267891.png,0.14042137935757637,-0.05235597491264338,0.005887210369110052,-0.038686349987983815,-0.010365456342697144,-0.04474766552448278,-0.05796426534652707,-0.0461581945419311,-0.07246075570583349,-0.06557190418243405,0.06494400277733806,0.053668975830078125,-0.06494400277733803,-0.053668975830078125,0.0013813823461532038,0.2342551350593567,0.029667869210243197,0.2908429503440856,0.11913597583770755,0.02123361825942993,0.23319489508867267,0.013340592384338379,-0.05060569941997531,0.42308276891708374,-0.04109110683202743,0.5240139365196226,0.13321051001548767,-0.0183544158935548,0.23915953934192663,0.0889728069305421,0.2030620574951173,-0.15452057123184193,0.0441919863224029,0.01803821325302124
1656267892.png,0.14687102288007728,-0.05326811969280243,0.00946938991546642,-0.035523787140846225,-0.013382941484451238,-0.04748274385929108,-0.04794114828109752,-0.03236690163612371,-0.0808296948671341,-0.059973075985908536,0.0674567595124245,0.05396689474582678,-0.06745675951242451,-0.05396689474582672,-0.04214385151863104,0.2357077300548553,-0.05578885227441787,0.29165440797805775,0.1327685564756394,-0.014802932739257812,0.26049063354730606,0.02103567123413097,-0.061566576361656244,0.4528963863849638,-0.05761323496699332,0.5360231995582583,0.25393435359001154,0.08355826139450062,0.3068278543651104,0.08975613117217984,0.1771536469459533,-0.28141790628433205,-0.03878331184387207,-0.009374260902404674
1656267893.png,0.14697800204157824,-0.05404227972030634,0.007822751998901423,-0.03831394016742706,-0.0158710777759552,-0.04831774532794955,-0.05216577649116516,-0.027253836393356407,-0.07918262481689448,-0.053299516439437894,0.06803904101252556,0.05359283089637751,-0.06803904101252556,-0.05359283089637751,-0.025249451398849487,0.24086579680442816,-0.06336129084229469,0.3005955517292021,0.13806995749473572,-0.021779417991638295,0.2675668261945248,-0.002476334571838268,-0.06991563737392428,0.4349617660045623,-0.06168601661920547,0.5221476852893827,0.3634918779134749,-0.17891085147857655,0.2853740453720093,0.0829090476036074,0.07271564006805431,-0.0008633136749267578,-0.001591116189956665,-0.08797889947891246
1656267894.png,0.14806552231311798,-0.10146063566207891,-0.0019506514072418213,-0.04138858616352076,-0.020238518714904785,-0.048773556947708074,-0.06381592154502869,-0.018003344535827664,-0.08878028392791748,-0.03455106914043424,0.079462856054306,0.048692837357521,-0.07946285605430603,-0.048692837357521,-0.013727366924285833,0.2844552099704742,-0.04704554006457329,0.2957187891006469,0.14090768992900846,-0.06943118572235096,0.2881174646317959,-0.028907358646392933,-0.049354135990142795,0.4345213472843172,-0.027840111404657364,0.5319026112556458,0.24102093279361714,0.12313199043273915,0.2739006765186786,0.08408844470977772,-0.11822253465652455,0.06748205423355103,-0.04459711909294123,-0.023101329803466908
1656267895.png,0.14381432533264163,-0.11080959439277649,-0.008700102567672674,-0.039275363087654114,-0.02279645204544073,-0.04081439971923828,-0.07740858197212225,-0.007481381297111511,-0.0927641987800597,-0.009661704301834162,0.09803944826126096,0.03857411444187164,-0.09803944826126096,-0.03857411444187164,0.030881613492965754,0.2512492537498474,-0.011600807309150682,0.2993045151233672,0.09504467248916615,-0.0013451576232911266,0.3208244591951369,0.016524851322174294,-0.10217690467834467,0.46786046028137207,-0.05524088442325592,0.5309982597827911,0.24190688133239746,-0.06939870119094849,0.2238541692495346,-0.06644827127456665,0.021406799554824663,-0.029585599899291992,0.1546622216701507,-0.13563966751098622
1656267896.png,0.1590001657605171,-0.09642648696899414,-0.010876148939132524,-0.04280360043048864,-0.020247370004653875,-0.04333093762397769,-0.08286258578300493,-0.012092024087905828,-0.09181985259056097,-0.01645338535308835,0.0944111421704292,0.04129457473754883,-0.0944111421704292,-0.04129457473754883,0.04176339507102972,0.23749247193336487,-0.029900550842285142,0.2974676191806793,0.08957496285438532,0.0007531046867369495,0.332746759057045,0.011604070663452148,-0.12193739414215085,0.4731048643589021,-0.07873742282390594,0.5165238678455351,0.245013564825058,-0.04960906505584728,0.21517691016197205,-0.01629686355590798,0.016437053680419922,-0.0010242462158203125,-0.2462589293718338,0.11130243539810158
1656267897.png,0.16537060216069224,-0.08975625038146978,-0.013734698295593317,-0.044484302401542664,-0.019695162773132324,-0.045554995536804116,-0.07775697112083435,-0.010306835174560491,-0.08781307935714722,-0.01436705887317663,0.09352828934788701,0.044579714536666926,-0.09352828934788703,-0.04457971453666687,0.040889829397201594,0.23248830437660212,-0.033853545784950256,0.3001461327075958,0.08482748270034801,-0.0007846355438232422,0.3297697529196739,0.008970975875854492,-0.12364624440670005,0.4470118582248687,-0.08530009910464285,0.516112595796585,0.23007504642009727,-0.03465968370437633,0.23506789281964302,-0.01598715782165494,0.018321096897125244,0.004247903823852761,-0.2629809770733118,0.11446106433868364
1656267898.png,0.16587992012500768,-0.0918668806552887,-0.011436611413955688,-0.043579950928688105,-0.022334963083267212,-0.04452733695507058,-0.08074000477790833,-0.008706286549568204,-0.09499961137771601,-0.015293717384338379,0.09418465197086334,0.04168650507926941,-0.09418465197086331,-0.04168650507926941,0.03979688882827764,0.23247686028480524,-0.03283492475748058,0.29782775044441206,0.07744386792182922,-0.0016396641731262207,0.33029151707887644,0.0059798359870911755,-0.12383140623569483,0.4443006217479705,-0.08294451236724851,0.49797758460044855,0.22951658070087433,-0.05505615472793579,0.216627299785614,-0.016064226627349854,0.03903481364250183,-0.14002984762191784,-0.2476200507953763,0.12249261140823375
1656267899.png,0.1674782037734985,-0.08779764175415034,-0.012656807899474987,-0.04552853107452387,-0.023827016353607178,-0.04657082259654996,-0.08143004775047308,-0.00962062180042264,-0.09445497393608093,-0.015649348497390747,0.09497743844985959,0.042021721601486206,-0.09497743844985959,-0.04202172160148615,0.040591239929199274,0.2320682704448701,-0.03247711807489394,0.2984817326068879,0.07317137718200678,-0.0021417737007141113,0.32663036137819285,0.004640400409698375,-0.1261667907238006,0.44461461901664734,-0.08683425560593605,0.49847707152366644,0.23076650500297546,-0.05588203668594349,0.2194696106016636,-0.04051524400711082,0.04005876183509827,-0.13867801427841198,-0.2461713058874011,0.14899539947509777
1656267900.png,0.16770131886005407,-0.0853622704744339,-0.012599080801010187,-0.042637348175048856,-0.022071361541748102,-0.04560859501361844,-0.08070379495620728,-0.011029556393623297,-0.09059226512908936,-0.014175936579704312,0.09376995265483856,0.039571598172187805,-0.09376995265483856,-0.039571598172187805,0.04222032427787781,0.2337038218975067,-0.032402910292148576,0.29496747255325306,0.0725050568580628,-0.0002999305725097656,0.32621691375970846,0.009233295917511097,-0.123768225312233,0.43004336953163147,-0.08562085777521133,0.49674254655838,0.2130672484636307,-0.03845405578613281,0.21903116255998606,-0.043079376220703014,0.057055592536926214,-0.13926714658737194,0.18140739202499395,-0.13323485851287842
1656267901.png,0.16876188665628422,-0.08851180970668793,-0.012681692838668768,-0.04566971957683566,-0.024673044681549017,-0.04721327126026151,-0.08131745457649225,-0.0101950913667678,-0.09435880184173584,-0.01580020785331726,0.09354997426271439,0.041042193770408575,-0.09354997426271439,-0.04104219377040863,0.04230484366416931,0.2338320910930633,-0.03384868055582044,0.2966737151145935,0.08059185743331904,0.00010025501251231805,0.32605498284101486,0.010135293006896973,-0.12782901525497434,0.4306288063526155,-0.08588781580328941,0.4983074665069579,0.21714875102043144,-0.040744006633758656,0.21608306095004082,-0.01996803283691395,0.057762593030929676,-0.13846123218536366,-0.24360606633126736,0.13121813535690308
1656267902.png,0.16478703916072845,-0.09483487904071808,-0.010527044534683172,-0.04272694885730749,-0.021653860807418768,-0.043833687901496915,-0.07960703969001781,-0.00807261466979975,-0.09397304058074957,-0.014542251825332614,0.09346969425678253,0.04208339750766754,-0.09346969425678253,-0.04208339750766754,0.042502135038375854,0.2319793701171874,-0.03335902094841002,0.2964690625667572,0.08056747913360596,-0.0009601712226866566,0.3270165026187896,0.008460283279418945,-0.1244559288024902,0.4471349120140077,-0.08532590419054031,0.49865421652793884,0.21315786242485033,-0.06056201457977317,0.21717504411935806,-0.023863911628723145,0.04433122277259838,-0.14276611804962147,-0.24708733148872852,0.1378338932991029
1656267903.png,0.16514156013727188,-0.09335742890834803,-0.010776460170745905,-0.043622061610221974,-0.022509127855300903,-0.04427301883697518,-0.08005994558334345,-0.007702618837356484,-0.0946020781993866,-0.01456017792224884,0.09379652887582779,0.04096709191799164,-0.09379652887582779,-0.04096709191799164,0.04390111565589905,0.2357144057750702,-0.033376127481460585,0.2986939549446106,0.07785287499427795,-0.0007590055465699352,0.32646952569484705,0.008844017982483021,-0.12445449829101562,0.44708916544914235,-0.0832812488079071,0.49810290336608887,0.21383622288703924,-0.05619561672210682,0.3564967960119248,-0.19143086671829224,0.05395814776420588,-0.1369922161102295,-0.38986983802169567,0.3021445870399473
1656267904.png,0.16553259640932086,-0.09319865703582764,-0.01057454943656927,-0.043821483850479154,-0.022704243659973145,-0.04485645890235901,-0.08014917373657221,-0.008065178990364047,-0.09475776553153992,-0.014833495020866394,0.09288433939218518,0.041243135929107666,-0.09288433939218518,-0.041243135929107666,0.04495152831077581,0.2352301776409148,-0.03445407748222351,0.29831400513649,0.08021432161331177,-0.002239108085632213,0.3288514465093612,0.006470143795013317,-0.12351235747337333,0.44816240668296825,-0.08488576114177704,0.4985249936580659,0.21201205253601077,-0.05798804759979259,0.2167142033576966,-0.021759033203125222,0.05823460221290583,-0.1368680000305177,-0.2475146353244782,0.13240063190460205
1656267905.png,0.16482444107532496,-0.09745371341705317,-0.011125952005386297,-0.043569490313530024,-0.021310418844222967,-0.04477553069591528,-0.07996758818626404,-0.009634658694267217,-0.09350454807281489,-0.01736693084239957,0.09311212599277496,0.04722452163696289,-0.09311212599277499,-0.047224521636962835,0.044060468673706055,0.2248595654964447,-0.034876979887485476,0.2965808808803558,0.09313273429870605,-0.004146456718444824,0.32914359122514725,0.007414340972900391,-0.12705062329769137,0.4390403926372527,-0.08637060970067975,0.5012189447879791,0.23126427829265592,-0.060631513595580944,0.2331186756491661,-0.02532893419265747,0.02784773707389837,-0.021309971809387318,-0.2621844531968236,0.13172423839569103
1656267906.png,0.12554514966905117,-0.14036607742309573,-0.0004077255725861151,-0.035597801208496066,-0.027089118957519587,-0.04420857131481168,-0.03682798147201538,0.001482725143432645,-0.09724700450897214,-0.00422963500022891,0.10561484657227993,0.04606020450592041,-0.10561484657227993,-0.04606020450592041,0.053845465183258,0.24821382761001587,-0.013047274202108376,0.3031204342842102,0.06585505604743963,-0.05755198001861572,0.2615429237484932,0.015277504920959473,-0.034627646207809504,0.4479756951332091,0.01677731797099114,0.527982234954834,0.30640950798988337,-0.19948911666870095,0.22548538446426392,-0.19317364692687988,-0.014183044433593639,0.009954214096069225,0.021823078393936157,0.022668838500976562
1656267907.png,0.13805389404296875,-0.12578313052654266,-0.0017740726470947266,-0.03272370994091034,-0.025194287300109808,-0.03982360661029816,-0.05350711941719055,0.0018113851547240933,-0.09082432091236117,-0.007642030715942411,0.09211954474449158,0.037009432911872864,-0.09211954474449158,-0.037009432911872864,0.046291857957839966,0.22474747896194458,-0.06402407959103584,0.29563578963279724,0.04437956213951111,-0.251226395368576,0.1912023313343525,0.02454739809036255,-0.03309106826782232,0.4425734877586365,0.016207002103328705,0.5132336318492889,0.20174354314804083,0.0020412206649779163,0.1405960693955422,-0.04272985458374012,0.09481367468833923,-0.17036783695220936,0.00315490365028373,-0.07728457450866699
1656267908.png,0.08128594700247055,-0.184770867228508,0.027662366628646795,-0.033472612500190735,-0.03344081342220315,-0.06140215694904329,-0.00601878762245181,0.038846373558044434,-0.08852322399616239,0.008331276476383223,0.10986963752657172,0.04573416709899897,-0.10986963752657175,-0.04573416709899902,0.14338803291320804,0.13630753755569464,-0.003241341561079032,0.2603737711906433,0.15274283289909363,0.05784636735916138,-0.020543553866446015,-0.08162662386894226,-0.052028030157089206,0.49687993526458746,0.02370365150272846,0.5696168541908264,0.20603173971176147,-0.019182145595550426,0.20024086534976956,-0.021040141582488903,0.06681126356124872,0.06664508581161477,-0.010378479957580539,0.035477221012115256
1656267909.png,0.11753397900611161,-0.167374923825264,0.016313031315803583,-0.042239978909492465,-0.030878886580467224,-0.06921517103910443,-0.03781889379024517,-0.0013676509261131425,-0.11003325879573825,-0.027682643383741365,0.10877448040992023,0.01665288209915161,-0.10877448040992023,-0.01665288209915161,0.1311871111392974,0.15440693497657781,0.02908725477755069,0.2991502583026886,0.06541925668716442,-0.04326677322387701,0.12435543537139893,0.01715320348739635,-0.035633400082588224,0.5254419744014739,0.020795814692974087,0.5869643986225128,0.2608559578657151,-0.07407563924789418,0.24939152784645557,-0.05080056190490734,0.036498367786407415,0.13842624425888062,0.03345948457717901,0.07521134614944469
1656267910.png,0.10339525155723095,-0.09979821741580966,0.023938894271850614,-0.032523915171623174,-0.02073463797569275,-0.060886681079864474,-0.008716210722923251,-0.015531331300735501,-0.07730850577354428,-0.06310989707708359,0.1217712443321943,0.03706218302249903,-0.1217712443321943,-0.037062183022499084,0.11798521876335144,0.2158708274364472,0.011872716248035433,0.2713260054588318,-0.0877419114112854,-0.0867764949798584,0.12128977850079539,-0.0019507408142090954,-0.01905602216720581,0.4576986134052278,0.05852964147925377,0.5434476733207704,0.23848488926887523,-0.0069912075996397816,0.17832495272159574,-0.001411437988281472,-0.026346951723098866,0.10245710611343373,0.04935450851917264,0.04689514636993408
1656267911.png,0.13639412960037592,-0.07109512388706216,0.026662826538085938,-0.029259160161018316,-0.014427006244659535,-0.062124565243720925,-0.01832637190818792,-0.019322440028190557,-0.07018557190895075,-0.0697581246495247,0.12449558218941095,0.04836083948612213,-0.12449558218941095,-0.048360839486122076,0.09109780192375172,0.22951647639274608,0.0038753291592001863,0.23812717199325556,0.015325427055358942,0.01436251401901234,0.013914532959461216,0.04378110170364369,-0.03478337824344643,0.47597387433052063,0.05372710805386305,0.5791679024696348,0.23078407347202304,0.03894698619842529,0.1745202094316482,0.02541327476501487,-0.02376744151115412,0.07545572519302379,0.04414603114128118,0.03819108009338379
1656267912.png,0.10930460598319766,-0.0851925611495972,0.022879034280777005,-0.03593954443931574,-0.019043534994125394,-0.06367549300193784,-0.012105226516723633,-0.022550016641616877,-0.07606242597103113,-0.06699110567569731,0.11466634180396795,0.03929968178272247,-0.11466634180396795,-0.03929968178272253,0.050964683294296265,0.25617432594299316,0.010068682953715324,0.3586332499980928,0.10134878754615773,-0.023698270320892334,0.2008681744337082,-0.02268129587173473,-0.019242882728576688,0.46175646781921387,0.04255246929824352,0.5537489950656889,0.24774834513664254,-0.009592711925506703,0.23542866110801697,-0.03233695030212391,0.15564721822738642,-0.17023897171020497,0.06385177373886114,0.060739099979400635
1656267913.png,0.10017063934355974,-0.09233209490776062,0.02561704814434046,-0.035896182060241755,-0.018193319439888,-0.06413853168487552,-0.008922398090362549,-0.021425202488899203,-0.07610842585563662,-0.06622663885354993,0.11894313711673021,0.0408966988325119,-0.11894313711673021,-0.04089669883251196,0.02887406945228571,0.26990196108818054,0.01205215789377688,0.37439137697219854,0.10145285725593572,-0.03274846076965332,0.19296419620513916,-0.043749213218689076,-0.011966839432716397,0.4757157266139985,0.03003097884356975,0.5786742568016052,0.2055283337831497,0.07784318923950184,0.17189451679587364,-0.028186261653900146,-0.166407972574234,0.08325576782226562,0.08441258966922754,0.054043352603912465
1656267914.png,0.11660515982657671,-0.1042743772268295,0.01785489916801447,-0.03813667595386511,-0.03096543252468109,-0.059539213776588495,-0.01410111784934992,0.0032112002372741977,-0.09510469436645508,-0.02817600965499875,0.12489732820540667,0.016788899898529053,-0.12489732820540667,-0.016788899898529053,0.03269276022911066,0.2804761528968811,0.011079376563429829,0.3487122654914856,0.08384105563163757,-0.014577805995941162,0.15685703232884407,-0.2520705759525299,-0.011930480599403437,0.43699395656585693,0.0596195925027132,0.48418354988098145,0.23435296118259435,-0.010436594486236572,0.15795581787824625,0.0052724480628966175,-0.0292366743087768,0.15775871276855458,0.0701255351305008,0.12673568725585949
1656267915.png,0.1317962992470711,-0.11000767350196836,0.0031293034553528387,-0.040654331445694025,-0.029970675706863376,-0.05217388272285464,-0.043500855565071106,0.00012770295143127441,-0.1040072292089462,-0.013270489871501923,0.13411706569604576,0.01577074825763697,-0.13411706569604576,-0.015770748257637024,0.022704333066940308,0.27552744746208185,0.00920794019475579,0.3375033140182495,0.08673077821731567,-0.011325061321258434,0.18423188384622335,-0.26017293334007263,-0.007628202438354548,0.439247876405716,0.06693269079551101,0.4910718202590941,0.22567796707153315,-0.01975208520889271,0.16865882277488703,0.0118810534477235,0.01080942153930664,0.15909475088119485,0.08867983520030975,0.0976581573486327
1656267916.png,0.0893925377167761,-0.10167230665683752,0.020220354199409513,-0.035970807075500405,-0.025093019008636475,-0.06152647733688352,-0.01533372700214386,-0.014327451586723355,-0.09228228032588956,-0.05429790169000624,0.13097117329016328,0.007385507225990295,-0.13097117329016328,-0.007385507225990295,-0.022301346063613864,0.2880793511867522,0.019011870957911015,0.2950558066368102,0.12558352947235105,-0.03674095869064309,0.12469599023461339,-0.23330441117286665,-0.027900502085685702,0.42569997906684875,0.028205552138388164,0.4508814215660095,0.24743179976940152,-0.023580551147460938,0.1352229081094265,0.01026177406311024,-0.03330659866333008,0.1450716257095337,0.09556512534618378,0.11252969503402721
1656267917.png,0.09970959555357697,-0.1241298317909241,0.022228643298149137,-0.033569261431694,-0.02252513170242315,-0.062003016471862765,-0.009926989674568287,-0.005917549133300809,-0.08374478667974472,-0.04242994636297226,0.12298993300646544,0.032471790909767095,-0.12298993300646544,-0.03247179090976715,-0.020578622817993192,0.2620741724967956,0.03291861526668072,0.294085592031479,0.11750206351280215,-0.04945355653762795,0.05463420599699022,-0.00999104976654075,-0.01903390884399414,0.45072615146636946,0.042736990377306945,0.5263362824916841,0.22687551379203796,-0.0034270882606504127,0.2196912243962288,-0.045608222484588845,0.0007204711437224232,0.09527325630187977,0.021195530891418513,0.07723802328109763
1656267918.png,0.09700776450335974,-0.09775897860527036,0.02188953757286083,-0.03769838809967041,-0.02354513108730308,-0.06399098038673404,-0.009886950254440363,-0.004594445228576688,-0.08368158340454107,-0.045470111072063446,0.12664480321109295,0.03142999112606043,-0.12664480321109295,-0.03142999112606043,0.0633931159973144,0.21515929698944097,0.007915418595075593,0.32355722784996027,0.11332833766937261,0.02114492654800415,0.18617171049118045,-0.0038328170776367188,-0.005529880523681641,0.40866452455520624,0.05459770932793615,0.499281495809555,0.24576899409294128,-0.06496119499206532,0.18870823830366135,-0.11327928304672252,0.009375572204589844,0.03462398052215576,0.08366653323173523,-0.005729317665099987
1656267919.png,0.060752318240702124,-0.1145478934049606,0.034022450447082575,-0.03851148486137396,-0.024344652891159058,-0.06907615065574649,0.013639271259307778,-0.00024139881134030428,-0.06520774215459822,-0.041314162313938155,0.12028177175670862,0.03132200241088867,-0.12028177175670862,-0.03132200241088873,0.04232189059257507,0.22345760464668263,0.010253703221678734,0.25967600941658026,0.060022056102752686,0.0260106921195985,0.05612069740891458,0.01648622751235962,-0.0031572282314301092,0.40343835949897755,0.06282904185354708,0.48733571171760554,0.20998743176460277,-0.070320665836334,0.1400244757533074,-0.08745163679122925,0.002025157213211004,0.10732269287109353,0.10785700380802152,-0.029991745948791393
1656267920.png,0.06777545064687729,-0.07427865266799932,0.031571000814437866,-0.03734011948108673,-0.02275878190994257,-0.06878896057605738,0.0036922991275787354,-0.0004886388778685691,-0.07524052262306219,-0.052703537046909346,0.14183419197797775,0.014125004410743713,-0.14183419197797775,-0.014125004410743713,0.07838109135627747,0.26379451155662526,0.0022558271884918144,0.2586972117424011,0.04249638319015503,0.021638631820678822,0.13207118213176727,0.011429071426391602,-0.0006651580333709717,0.3847561180591583,0.07415726035833359,0.43441563844680786,0.22483018040657043,-0.047360122203826904,0.10840647667646411,-0.09305566549301159,-0.014507472515106312,0.009720027446746826,0.024834424257278387,-0.0072571635246275745
1656267921.png,0.10597425233572721,-0.09919951856136322,0.01729080080986023,-0.036708414554595975,-0.02984759211540222,-0.05668589472770694,-0.021055251359939575,0.0019309520721435824,-0.09214340150356293,-0.01859403401613234,0.14382731448858976,0.015227645635604914,-0.14382731448858976,-0.015227645635604858,0.15311148762702936,0.10225188732147206,-0.007143070921301838,0.3097054660320282,-0.0873790979385376,0.16499587893486029,0.0957738421857357,-0.01851356029510487,-0.01893743872642517,0.4597310125827791,0.06500731222331521,0.5075166523456575,0.1821472942829132,-0.07224249839782748,0.15834019333124164,-0.01315903663635265,0.07258203625679016,0.1273409128189089,0.04907757043838501,-0.09324771165847778
1656267922.png,0.11555249430239192,-0.10392257571220401,0.007122248411178644,-0.03669896721839902,-0.026104956865310613,-0.04887595772743225,-0.03512018918991089,-0.005743771791458158,-0.09879502654075625,-0.023418322205543518,0.14195782877504828,0.017306938767433167,-0.14195782877504828,-0.017306938767433222,0.06906509399414057,0.23696252703666687,-0.015723027288913734,0.31164675951004034,0.031535893678665106,0.025203049182891735,0.20031240209937093,-0.007713913917541504,-0.011187821626663264,0.46784988045692444,0.08457453176379204,0.5280225872993471,0.27404770255088806,0.0037775635719300427,0.12460537999868398,0.022147536277770774,0.01927947998046875,0.05798840522766113,0.18973042070865626,-0.0007445812225339576
1656267923.png,0.08207861240953204,-0.0926916301250458,0.02980372309684759,-0.03947222232818601,-0.022666260600090055,-0.07247671484947205,0.0006203651428222379,-0.00755703449249262,-0.07149931788444513,-0.055423580110073076,0.11991882976144552,0.035880967974662725,-0.11991882976144552,-0.035880967974662725,0.07670143246650696,0.2578400075435638,0.00827877409756183,0.32698178291320795,0.1121070384979248,-0.025334835052490123,0.25351386889815325,-0.03082066774368286,0.009583473205566406,0.3998307287693024,0.06561422906816004,0.4930211901664732,0.2502065598964692,-0.007601559162139893,0.20750577002763748,-0.04914987087249734,0.04679250717163075,0.06824958324432362,0.12241429090499883,0.06130218505859353
1656267924.png,0.08499945187941191,-0.09251226484775543,0.03131511807441714,-0.04102511703968048,-0.02003005146980283,-0.06725272536277771,0.003490120172500555,-0.00662679970264432,-0.061050355434417725,-0.05767570436000824,0.12467519426718354,0.0395963191986084,-0.12467519426718354,-0.0395963191986084,0.06994128227233887,0.2546955645084381,0.014084792695939539,0.32125863432884216,0.09618902206420904,-0.02013665437698353,0.11034275405108929,-0.01537555456161488,0.013790041208267156,0.3990727365016936,0.0867100777104497,0.5007505118846892,0.22884675860404985,0.003723263740539662,0.2023958340287209,-0.03179293870925892,0.05652254819869973,0.09640592336654663,0.07590174674987787,0.06412905454635609
1656267925.png,0.14925211342051625,-0.11834488809108737,0.0013850629329680841,-0.042765900492668124,-0.023622065782546997,-0.04979674518108365,-0.07281550765037528,-0.020270526409149198,-0.09359425306320188,-0.027524210512638092,0.12402587803080678,0.02984096109867096,-0.12402587803080678,-0.02984096109867096,0.056402742862701416,0.2569149136543275,0.01773373503237962,0.27728065848350536,0.1394958794116974,-0.008572816848754994,0.16208169981837278,0.024653077125549316,0.018091201782226562,0.4139438271522521,0.08646314684301613,0.48261961340904236,0.2448490560054779,-0.09571027755737294,0.2197713851928711,-0.09412896633148204,0.11294519901275624,-0.03561908006668091,0.14719966053962724,0.013565063476562611
1656267926.png,0.1552045401185751,-0.09791691601276395,0.0026431977748870294,-0.04663527011871341,-0.022119134664535467,-0.05394439399242407,-0.06591245532035822,-0.02363130450248721,-0.09709262847900396,-0.041446842253208147,0.11518520675599575,0.031261295080184937,-0.11518520675599575,-0.031261295080184937,0.07834765315055847,0.2786787450313567,0.02015927061438559,0.3297405540943146,0.040146589279174805,-0.028185486793518066,0.15307317674160004,-0.005404949188232422,-0.045477405190467834,0.44876924157142617,0.018353249877691276,0.509827524423599,0.25550062954425806,-0.11320948600769021,0.2433155924081803,-0.12103062868118264,-0.07885515689849848,-0.05410641431808472,0.06878837943077082,-0.03580969572067261
1656267927.png,0.1777974367141724,-0.06687630712985987,-0.004435956478118952,-0.0491884201765061,-0.011617809534072931,-0.04935164749622353,-0.09085851907730108,-0.030598759651184082,-0.08905676007270813,-0.03376993536949155,0.07910376787185669,0.02720750868320465,-0.0791037678718567,-0.02720750868320465,0.0778279900550842,0.20257654786109913,0.10272352397441863,0.26170408725738525,0.09596487879753113,0.0014478564262390137,0.31018050014972687,0.036810100078582764,-0.04478377103805545,0.4220607578754425,-0.04688071087002756,0.5055832266807555,0.24562892317771906,-0.07709002494812023,0.27591531351208687,-0.003985226154327393,0.07523837685585028,-0.08127593994140603,0.1869245767593385,-0.18786525726318348
1656267928.png,0.1990082934498787,-0.03641696274280548,-0.00329512357711792,-0.04418900609016416,-0.004726201295852772,-0.04581351578235632,-0.07710108160972595,-0.04062080383300787,-0.08473291993141163,-0.04052586853504178,0.06744981557130814,0.007792577147483826,-0.06744981557130815,-0.007792577147483826,0.0015292465686798096,0.2407480776309967,0.07603263854980473,0.3010596036911011,0.10171645879745483,0.02275139093399048,0.31952784955501556,0.02272874116897583,-0.04301334917545316,0.3779463469982147,0.0005499497056007524,0.4368990659713746,0.29828225076198567,-0.07129627466201782,0.3638932481408119,-0.08310383558273327,0.01145833730697643,0.010796785354614369,0.03276500105857849,-0.023824095726013184
1656267929.png,0.1789218783378601,-0.04310090839862829,-0.004875451326370295,-0.042096525430679294,-0.014600723981857244,-0.0483201593160629,-0.08230364322662348,-0.039795398712158175,-0.08640837669372564,-0.0385838449001312,0.08894166350364685,0.011485233902931213,-0.08894166350364684,-0.011485233902931158,0.010316818952560425,0.22932201623916626,0.07287879288196565,0.30201038718223566,0.07446539402008051,0.029594779014587402,0.32428766787052155,0.025680363178253174,-0.04766972362995153,0.3907642960548401,-0.009945586323738098,0.44374957680702204,0.2680251449346543,-0.08571863174438477,0.3954793065786363,-0.10164541006088257,0.004667818546295166,0.011719346046447754,0.011935114860534557,-0.010073721408843994
1656267930.png,0.10780787467956543,-0.07295066118240356,0.024402350187301636,-0.03136754035949707,-0.021960616111755316,-0.057010218501091,-0.006165206432342529,-0.004918217658996554,-0.07867971062660223,-0.05169764161109924,0.1375696361064911,0.020863592624664307,-0.1375696361064911,-0.020863592624664307,0.05438753962516779,0.2730824947357178,-0.031570438295602805,0.28963202238082886,0.03334894776344305,-0.039930760860443004,0.12450534477829936,-0.08953410387039185,-0.02735370397567749,0.45647984743118286,0.06077068299055099,0.4978269934654236,0.22412791848182678,0.05372202396392822,0.15971160680055624,0.09123885631561279,-0.00820857286453247,0.11255866289138805,0.07236355543136591,0.07091838121414196
1656267931.png,0.0348782651126385,-0.11887767910957336,0.04239666461944583,-0.024898365139961243,-0.01623794436454773,-0.0645986944437027,0.024895459413528415,0.020985797047615024,-0.0487707257270813,-0.03275488317012787,0.10730768367648122,0.03305846452713013,-0.10730768367648122,-0.03305846452713007,0.05867925286293035,0.21366426348686218,-0.022425316274166114,0.28412660956382746,0.05480244755744934,0.013193011283874512,0.1812852770090103,-0.008206725120544434,-0.023601204156875555,0.3625258505344391,0.020565398037433624,0.44151422381401045,0.2000641822814942,-0.020612478256225697,0.14003290235996246,0.029211103916168213,0.005911648273467851,0.12269419431686401,-0.012836024165153503,0.004580259323120339
1656267932.png,0.06931834667921072,-0.091735914349556,7.680058479309082e-05,-0.020045064389705644,-0.009802967309951838,-0.020933710038661943,-0.010975539684295654,0.00872985273599626,-0.03116792440414426,-0.002394340932369232,0.026278220117092133,0.009067222476005554,-0.026278220117092105,-0.009067222476005526,-0.035768181085586465,0.30513300001621246,0.009572908282279968,0.39984308183193196,0.09677797555923454,0.052140235900878906,0.10521882772445676,-0.0035785436630247913,-0.07980167865753168,0.3670770078897475,-0.10150103271007535,0.3692128509283067,0.07316392660140994,-0.013045430183410645,0.13026949763298035,0.041813671588897705,0.024269849061965915,0.028075456619262806,-0.08546780049800873,0.025574147701263317
1656267933.png,0.06866102479398253,-0.11848153173923498,0.034564137458801186,-0.03293919563293449,-0.020207107067108154,-0.06601923704147333,0.016881331801414545,0.003660365939140292,-0.06309288740158084,-0.034810684621334076,0.11838761530816555,0.03062556684017176,-0.11838761530816555,-0.03062556684017176,0.1261034011840821,0.14169126749038702,0.005668826401233666,0.2851572930812835,-0.04227101802825939,0.05150496959686279,0.10561085119843483,-0.024519503116607666,0.007700800895690918,0.41790944337844865,0.05816292390227318,0.498024135828018,0.19691520929336548,-0.0030345916748046875,0.12335227429866788,-0.0009407997131345436,-0.1649340689182282,0.21789932250976562,0.08375102281570437,0.11116546392440796
1656267934.png,0.07474062219262123,-0.12085764110088351,0.03237996995449069,-0.033226847648620605,-0.020227089524269132,-0.06429538130760193,0.010792791843414307,0.0027491748332977572,-0.06650529801845545,-0.03713892400264737,0.12381910160183904,0.04045578837394709,-0.12381910160183904,-0.04045578837394709,0.060219764709472656,0.2536624968051911,0.013724640011787411,0.2735216915607452,0.11249437928199768,-0.010135948657989502,0.036412946879863746,-0.007489323616027832,-0.01040920615196228,0.41668745875358587,0.04498057812452315,0.5081368386745453,0.23578318953514105,0.015913009643554688,0.13284881412982946,-0.02752918004989624,-0.01297992467880249,0.05430287122726429,0.11566126346588132,0.11122214794158924
1656267935.png,0.04786192625761032,-0.0641924217343331,0.031057819724082947,-0.02868101000785822,-0.023415565490722656,-0.060899421572685186,0.010518729686737005,0.0027274340391159058,-0.06075355410575867,-0.03308397531509398,0.13303972035646439,-0.024347878992557526,-0.13303972035646439,0.024347878992557526,0.06548616290092463,0.21024768054485315,-0.00500295311212539,0.20767256617546082,0.007158577442169245,0.06770122051239019,0.04674956202507018,0.026066601276397594,0.06398087739944458,0.31949953734874714,0.15575718879699704,0.31650641560554504,0.1116150319576264,0.0018252730369568981,-0.01060488820075986,0.006264805793762207,-0.024409234523773193,0.07514411211013794,0.21647344529628748,0.00026965141296375617
1656267936.png,0.0783730670809745,-0.11252465844154355,0.03110273182392126,-0.03488107025623319,-0.022110149264335605,-0.06666715443134305,0.0058852434158325195,-0.0014536380767822543,-0.06677833199501035,-0.041074104607105255,0.12099615484476092,0.035895586013793945,-0.12099615484476092,-0.035895586013793945,0.07641038298606867,0.21618023514747625,-0.0015663355588912999,0.2782746255397797,-0.01694986224174505,0.009264349937438965,0.1082555949687958,-0.002291262149810791,0.0030903220176695667,0.4003992378711702,0.07606896758079527,0.47686067223548906,0.2530385255813599,0.024996161460876354,0.19004072248935694,0.035501956939697155,0.0649515390396117,0.01833069324493397,0.03076303005218517,0.18247079849243153
1656267937.png,0.0824538394808769,-0.12827643752098083,0.0002396106719970703,-0.02705797553062439,-0.020963042974472046,-0.029485106468200684,-0.021311163902282715,0.02853500843048093,-0.0804346352815628,0.048543721437454224,0.08937325328588488,-0.02602957189083105,-0.08937325328588488,0.026029571890830994,0.04456099867820734,0.14636704325675964,-0.00408867746591568,0.17985111474990834,0.0210693478584289,0.06396842002868658,0.09642560034990308,0.010785460472107045,0.025712519884109497,0.3436347544193267,0.07358641922473907,0.33448225259780884,0.18252217769622797,-0.017088830471038707,0.07968467473983765,-0.033971607685089,-0.009443104267120417,-0.0001654624938965954,0.1206312477588653,-0.024169445037841908
1656267938.png,0.10501973517239097,-0.11348643898963931,0.021266430616378784,-0.038159251213073675,-0.027285844087600708,-0.06096887588500974,-0.010639935731887873,-0.0015313625335693914,-0.08522661030292511,-0.03350061923265456,0.12217830307781694,0.03548736870288849,-0.12217830307781694,-0.035487368702888544,0.07461684942245483,0.2525748312473297,-0.0018079318106174504,0.3004817366600037,0.028262406587600764,-0.04328322410583507,0.0630759298801422,-0.039073944091796875,0.00836446881294256,0.4380525052547454,0.07140358164906502,0.5008265972137451,0.2854733467102051,0.06270056962966919,0.21722449362277985,0.10785692930221569,0.0613952875137328,0.08926701545715321,0.11467605829238892,-0.005058765411377175
1656267939.png,0.10758381150662902,-0.1039793193340302,0.021308481693267822,-0.036863163113594,-0.02421438694000244,-0.062264263629913275,-0.012997001409530695,-0.005238935351371765,-0.0841033756732941,-0.038702026009559645,0.1242727246135473,0.028268292546272278,-0.1242727246135473,-0.028268292546272333,0.07060053944587713,0.2589415907859802,0.01134159043431283,0.34366938471794134,0.038113147020339966,-0.023943305015563854,0.0619380548596382,-0.09370696544647217,-0.012927144765853826,0.42719537019729614,0.06417460367083552,0.5059829652309418,0.25859561562538147,-0.048330068588256836,0.12129506468772885,-0.05739617347717274,-0.23300322890281683,0.27431780099868763,0.15402603149414057,0.05148047208786011
1656267940.png,0.16859879344701761,-0.09872415661811829,0.001593232154846247,-0.03830790519714358,-0.02513548731803894,-0.04954786598682398,-0.05924564599990845,-0.005080655217170743,-0.10178165137767786,-0.019739300012588556,0.10245033353567123,0.04649078845977783,-0.10245033353567123,-0.04649078845977783,0.07924100756645208,0.1779274046421051,-0.07149555999785662,0.2691357433795929,-0.002987980842590332,0.01099252700805664,0.129450929351151,0.05974787473678589,-0.01639699935913086,0.4439718425273894,-0.0012047141790389876,0.5342034995555878,0.1873263418674469,-0.13709181547164906,0.15868115425109858,0.1800515651702882,-0.16742664575576782,0.3199685215950012,0.022038489580154447,0.006517887115478405
1656267941.png,0.17203757539391515,-0.09124030172824857,-0.00226232409477245,-0.04000112414360049,-0.024263083934783936,-0.04575848579406744,-0.06772097945213307,-0.010009050369262695,-0.09829133749008179,-0.026368558406829834,0.10046443715691569,0.046967834234237615,-0.10046443715691569,-0.04696783423423767,0.08432623744010925,0.19357255101203924,-0.09095940552651882,0.29582318663597096,-0.04804599285125738,0.0256633758544923,0.12426449172198772,0.0382540225982666,-0.026055067777633778,0.43069502711296076,0.01611337065696719,0.5468154847621918,0.20654171705245977,-0.06740021705627441,0.13672614842653272,0.1634138822555542,-0.1522093415260315,0.25832486152648937,0.013772636651992798,0.006699204444885476
1656267942.png,0.16403689235448835,-0.09669825434684756,0.0008084774017333984,-0.04146404564380643,-0.027855008840560913,-0.05131749808788297,-0.06392404437065119,-0.0068434923887253085,-0.10451236367225647,-0.01837491989135745,0.11062716692686084,0.03370797634124756,-0.11062716692686084,-0.03370797634124756,0.045761406421661266,0.273775190114975,-0.05913899466395378,0.3033927381038666,0.0451054573059082,-0.10782051086425781,0.0960800386965275,-0.020336151123046764,0.012718915939331,0.42338451743125916,0.0711776614189148,0.5149844586849213,0.24613898992538452,-0.10409665107727051,0.24780531227588654,-0.09826993942260742,0.09831690788269054,0.07116317749023426,0.08102157711982721,0.04810643196105957
1656267943.png,0.09878607839345926,-0.07329590618610388,0.02825719118118286,-0.033416703343391335,-0.019368201494216863,-0.06540286540985102,-0.004019528627395574,-0.0005650520324707309,-0.07232981920242312,-0.04822752624750137,0.13184037059545517,0.028337538242340088,-0.13184037059545517,-0.028337538242340088,0.1407884061336518,0.10358726978302002,-0.03486913070082665,0.3117188513278961,-0.09027633070945745,0.14273038506507862,0.09429040923714638,0.02624291181564331,-0.04018345475196844,0.4775166213512422,0.045991279184818275,0.5700604021549225,0.27808761596679693,-0.04880535602569591,0.19119451195001608,-0.06167054176330555,-0.03601318597793579,0.15483939647674583,0.1441532671451567,0.09943944215774514
1656267944.png,0.0985270962119103,-0.0745224803686142,0.0292424857616424,-0.03494659066200262,-0.02098231017589569,-0.0665404349565506,0.000966191291809082,-0.00954493880271906,-0.0701901614665986,-0.053085945546627045,0.12180077284574509,0.03160610795021057,-0.12180077284574509,-0.03160610795021057,0.056436806917190496,0.26747313141822804,-0.019987821578979492,0.32895389199256897,0.03164511919021601,-0.024539530277252086,0.08505034446716307,0.009535551071166992,-0.037349432706832886,0.47099629044532776,0.03145881742238997,0.5523844063282014,0.27308651804924,-0.03281193971633922,0.172871895134449,-0.009835064411163552,-0.09134811162948597,0.15364575386047374,0.12533371150493616,0.0841016173362733
1656267945.png,0.10194262117147446,-0.07304607331752772,0.026482075452804565,-0.037709444761276356,-0.021794006228446988,-0.06599068641662606,-0.0025439858436584473,-0.01524475216865534,-0.07282906770706174,-0.05844444781541824,0.12356825917959213,0.02963405847549433,-0.12356825917959213,-0.029634058475494385,0.06266245245933533,0.2599532902240755,-0.016253815963864326,0.30508682131767273,-0.021621227264404297,-0.023278474807739258,0.0778674203902483,0.03464341163635254,-0.02325710654258728,0.47284516692161566,0.050267949700355516,0.5541296899318694,0.27954328060150135,0.03970146179199219,0.19463843107223505,0.040679931640625,-0.040479421615600475,0.0766444206237793,0.10377761721611023,0.04554080963134788
1656267946.png,0.10293667949736121,-0.0714294612407684,0.027960658073425293,-0.037742257118225125,-0.021880999207496643,-0.06499660015106204,-0.0011342167854309637,-0.01552574336528778,-0.07223410904407501,-0.0598726496100426,0.12281381525099275,0.03251291811466217,-0.12281381525099275,-0.03251291811466217,0.07907527685165411,0.26204124093055725,-0.015132911503314982,0.3288024663925171,0.0011872351169586182,-0.01922398805618286,0.07344364002346991,0.007274627685546875,-0.026734203100204357,0.47487547993659984,0.036348748952150345,0.5557029843330383,0.27814814448356623,0.009103059768676647,0.17611375451087952,0.04387068748474121,-0.053087860345840454,0.10568982362747192,0.13582593202590948,0.02618896961212147
1656267947.png,0.0993357896804809,-0.07104094326496127,0.02790012955665594,-0.03606171905994415,-0.021295607089996282,-0.064244270324707,-0.0015774965286254883,-0.01636421680450434,-0.0713816583156586,-0.059948347508907304,0.12402373552322388,0.03105847537517542,-0.12402373552322388,-0.03105847537517542,0.07630500197410578,0.2626702189445495,-0.022275544703006744,0.3054299056529998,0.01327729225158697,-0.020812809467315563,0.08179553598165511,0.027133047580719105,-0.013517677783966064,0.4670574069023133,0.048559740185737596,0.5509718954563139,0.2779137194156647,0.01697683334350597,0.2060365229845047,0.04282408952713013,-0.051741957664489746,0.10254949331283547,0.12144714593887335,0.040648460388183594
1656267948.png,0.09231187030673027,-0.09222258627414706,0.02644294500350952,-0.03968358039855954,-0.023233816027641296,-0.06350831687450409,-0.003414839506149292,-0.01675400137901306,-0.07196764647960663,-0.0518652573227882,0.1204565279185772,0.03394535183906555,-0.1204565279185772,-0.033945351839065496,0.0643288791179657,0.25980493426322926,-0.014270553365349773,0.3365079462528227,0.078514724969864,-0.02226734161376953,0.16860278137028217,-0.013547539710998424,-0.0024998486042022705,0.4267159998416902,0.058228746056556674,0.5208909213542938,0.23596227169036865,0.015313923358917236,0.21691072732210162,-0.013570249080657959,-0.01531031727790827,0.10591936111450184,-0.04433637857437128,0.19571125507354736
1656267949.png,0.10445790179073805,-0.07059432566165921,0.025078684091567993,-0.03869883716106423,-0.023048356175422585,-0.0670742988586426,-0.0049732625484466,-0.015217065811157171,-0.07442384958267215,-0.05816815048456192,0.12176709063351154,0.024872645735740717,-0.12176709063351154,-0.024872645735740717,0.06020444631576538,0.269327163696289,-0.008592106401920319,0.3421065509319306,0.070591151714325,-0.007076919078826904,0.2567343525588512,-0.0582544207572937,-0.008143723011016846,0.4603197574615477,0.05817197635769844,0.5207933485507967,0.26785582304000854,0.015380144119262695,0.19964616000652308,0.022058963775634544,0.025233447551727295,0.09436750411987327,0.06198012828826904,0.05506598949432395
1656267950.png,0.10745932534337044,-0.07841743528842923,0.024998068809509333,-0.03409132361412054,-0.020795658230781583,-0.060943841934204185,-0.008660495281219538,-0.01757371425628662,-0.07474803924560544,-0.0632051676511764,0.12353454902768135,0.03565320372581482,-0.12353454902768135,-0.03565320372581482,0.09268018603324885,0.22782513499259938,0.003436051309108734,0.3280425965785979,-0.09782466292381281,0.025172173976898304,0.05724227428436282,-0.014496564865112194,-0.008761018514633179,0.44287249445915233,0.07240092009305955,0.5325230658054352,0.25285863876342773,-0.04255938529968273,0.07143272459506987,-0.008135855197906494,-0.2522318959236145,0.243743896484375,0.08481040596961975,0.1901111602783202
1656267951.png,0.1242839302867651,-0.04764233529567724,0.02178713679313654,-0.036894321441650335,-0.0213101208209992,-0.05956105887889862,-0.021009236574172918,-0.02056634426116946,-0.08275090157985682,-0.06276461482048032,0.11934327147901058,0.035956159234046936,-0.11934327147901058,-0.035956159234046936,0.08228209614753723,0.21272236108779907,-0.03420644998550415,0.2892741858959199,-0.0032565593719481867,0.00243985652923584,0.13873989507555964,0.058665692806243785,0.03300258517265314,0.42097514867782604,0.10906354710459709,0.5286574065685272,0.16340333223342896,-0.10853058099746726,0.21451154351234436,-0.06472694873809803,0.1590090394020081,0.16678643226623535,0.1326988935470581,0.13082766532897938
1656267952.png,0.1695140264928341,-0.09720207750797272,-0.0021533071994781494,-0.038709715008735684,-0.02702954411506653,-0.04629206657409665,-0.07307770848274225,-0.0084418505430221,-0.10123685002326965,-0.020168900489807157,0.12074347957968712,0.0390602201223374,-0.12074347957968713,-0.0390602201223374,0.07470104098320007,0.2570002675056457,-0.03342667222023009,0.3175416290760041,0.10424512624740595,-0.018906950950622448,0.11196968704462049,-0.04460442066192638,-0.020635992288589422,0.457384943962097,0.0580943301320076,0.5515450537204742,0.2741217911243438,0.013411104679107777,0.20500053465366364,0.06950318813323986,0.0716397762298584,0.03430575132370006,0.05048319697380066,0.06298422813415527
1656267953.png,0.14945992082357404,-0.11199431121349337,0.004914134740829468,-0.03733932971954346,-0.028124272823333796,-0.04955911636352536,-0.04026082158088684,0.0002494603395462591,-0.0992309153079986,-0.014540493488311795,0.11195423454046252,0.035629332065582275,-0.11195423454046252,-0.03562933206558233,0.055747985839843694,0.24732092022895802,-0.02023936063051223,0.2987115085124971,0.03983780741691584,-0.06667220592498768,0.0703573003411293,-0.02557826042175293,-0.02756188809871682,0.46856269240379345,0.033900588750839226,0.5396130383014679,0.19838930666446683,-0.009880483150482178,0.16689960658550257,0.08204054832458496,-0.1544716954231261,0.1913338303565978,0.03390035033226019,0.030786454677581787
1656267954.png,0.15485823526978493,-0.10889099538326266,0.0012151002883911133,-0.038789078593254006,-0.024748712778091486,-0.04766421020030975,-0.0495072603225708,-0.0016384124755859653,-0.09365282952785486,-0.016811639070510837,0.09427854791283607,0.04137076437473297,-0.09427854791283606,-0.04137076437473297,0.015395164489746094,0.245852530002594,0.081135056912899,0.2600663602352141,0.0285586416721344,0.04381990432739258,0.3156854957342148,0.06533420085906994,-0.08701647818088537,0.46690601110458363,-0.03966752439737323,0.54937282204628,0.23650018870830547,-0.022712111473083607,0.2329304963350296,-0.12978512048721336,0.07487532496452326,-0.18995350599288918,0.03580191731452936,0.024887382984161488
1656267955.png,0.12206200137734416,-0.10438911616802216,0.020388156175613403,-0.029793217778205844,-0.02519708871841425,-0.054786473512649564,-0.015426069498062134,-0.005889937281608609,-0.080905482172966,-0.039476782083511325,0.10053682699799535,0.036159247159957886,-0.10053682699799536,-0.036159247159957886,-0.03864032030105585,0.2961979806423187,0.06816155463457109,0.2757258713245393,0.10373705625534058,-0.06504952907562256,0.3290645480155945,0.04989171028137196,-0.05517217516899103,0.4897601306438448,-0.006735190749168382,0.5554441511631011,0.11872774362564087,-0.011521875858307107,0.18576394766569138,0.008970022201538308,0.14527824521064758,-0.21699029207229614,0.2173954844474793,-0.23298394680023193
1656267956.png,0.18041004985570908,-0.09620524942874908,-0.007239013910293579,-0.042182162404060336,-0.01956486701965332,-0.04687976837158203,-0.08512514829635626,-0.025364682078361567,-0.0915336608886719,-0.030375435948371887,0.08257543295621872,0.035870909690856934,-0.08257543295621873,-0.03587090969085699,0.0135631263256073,0.25458207726478577,0.0702759474515915,0.28188315033912675,0.09287968277931208,-0.04505634307861339,0.3254730701446532,0.04172188043594349,-0.036017313599586515,0.4915667474269867,-8.413195610044999e-05,0.5553118288516998,0.1321749538183212,-0.0365927219390868,0.19982732832431788,0.04898720979690574,0.14315247535705578,-0.19316720962524425,0.19496902823448187,-0.2736095190048219
1656267957.png,0.19747718423604968,-0.0839066207408905,-0.009052276611328125,-0.046163275837898254,-0.016570121049881037,-0.04843585193157196,-0.08668652176856995,-0.028839945793151883,-0.0905454158782959,-0.03355848789215088,0.07486685365438461,0.04089987277984619,-0.0748668536543846,-0.04089987277984619,0.02221819758415225,0.24941286444664001,0.07036611437797548,0.2873380482196807,0.10798063874244679,-0.041431009769439586,0.3220693618059158,0.03336554765701294,-0.03288698196411133,0.4852111041545867,-0.01718515157699585,0.5543685853481292,0.1411939859390259,-0.03459542989730835,0.22916086018085474,0.025465965270996316,0.1415455341339113,-0.19859242439270008,0.17849624156951915,-0.25052022933959983
1656267958.png,0.1940758377313614,-0.08191967010498047,-0.007388114929199163,-0.04655210673809054,-0.017164587974548284,-0.049081817269325256,-0.08700683712959295,-0.028197258710861206,-0.0936204195022583,-0.03441885113716128,0.07617120444774628,0.04128611087799067,-0.07617120444774626,-0.04128611087799072,0.02082896232604975,0.2503752410411835,0.0709363669157028,0.28305718302726746,0.10542133450508123,-0.041500747203826904,0.32096450030803686,0.04057979583740223,-0.037687674164772006,0.4848966300487518,-0.01923158019781114,0.5548914372920989,0.1286878138780593,-0.03988593816757202,0.21510865539312363,0.05286908149719238,0.1565154790878296,-0.1903781294822693,0.19311323761940008,-0.2733214497566222
1656267959.png,0.1977267861366272,-0.08381532132625574,-0.009351342916488592,-0.04517926275730133,-0.01810434460639948,-0.04752568900585172,-0.0883143842220307,-0.02717474102973938,-0.09144324064254766,-0.032825514674186734,0.07641363143920898,0.040526196360588074,-0.07641363143920897,-0.040526196360588074,0.02124345302581787,0.2520629167556763,0.07263843715190883,0.28738448023796076,0.10815712809562683,-0.04499703645706177,0.32096441090106964,0.03446167707443237,-0.0349728018045426,0.48557436466217035,-0.003040269017219571,0.5584554970264435,0.14137817919254309,-0.035145819187164196,0.22996614873409266,0.04987263679504417,0.14113789796829224,-0.19711685180664074,0.16379022598266618,-0.2755955457687379
1656267960.png,0.19830427318811428,-0.08429509401321417,-0.009222358465194869,-0.04531396925449366,-0.01762571930885326,-0.0473477095365524,-0.08840164542198181,-0.027766302227973938,-0.09090834856033325,-0.03312969207763672,0.07471352070569992,0.04215830564498907,-0.07471352070569993,-0.042158305644989014,0.035833790898323115,0.24561247229576094,0.07098428905010225,0.2859313189983368,0.09739655256271351,-0.03893941640853871,0.3219710737466811,0.03658449649810791,-0.032721310853958074,0.485171765089035,-0.00502862781286241,0.5611937344074248,0.2412997037172317,0.04746711254119873,0.23119413107633593,0.053933560848236195,0.2715543806552887,-0.2789856791496277,0.1639459729194641,-0.28387922048568726
1656267961.png,0.19767997786402702,-0.0826182067394256,-0.008814662694931086,-0.0464264452457428,-0.01720482110977173,-0.04857407510280609,-0.08676710724830622,-0.027895763516426086,-0.09087136387825012,-0.03289656341075897,0.07574224099516866,0.04133865237236023,-0.07574224099516867,-0.04133865237236023,0.035640403628349276,0.25086125731468206,0.07023971527814867,0.2867461740970611,0.0773352980613709,-0.06061899662017822,0.32460691034793854,0.035645365715026966,-0.03721730411052701,0.48364093899726884,-0.004453986883163466,0.5601603090763092,0.16041579842567444,-0.029141902923583984,0.23303950577974314,0.0531322956085204,0.35668912529945374,-0.19891148805618297,0.16294190287590032,-0.2814552783966062
1656267962.png,0.18972602114081386,-0.09335419535636902,-0.004729270935058594,-0.04562731087207794,-0.016426563262939453,-0.04792001843452451,-0.0872366726398468,-0.024124175310134888,-0.09618204832077026,-0.03190799057483676,0.07627552375197408,0.04651820659637457,-0.07627552375197409,-0.04651820659637451,0.04848560690879827,0.2343057990074156,0.06391248852014546,0.284105360507965,0.06185221672058111,-0.05477946996688832,0.19264917075634,-0.02004253864288308,-0.03757151961326596,0.48932224512100225,-0.017875134944915744,0.5552229881286621,0.14166069030761722,-0.04946768283844016,0.21114682406187052,0.05248403549194336,0.3842938244342805,-0.19562745094299305,0.19874444603919988,-0.27605128288269043
1656267963.png,0.18826851993799204,-0.08536690473556519,-0.004752933979034424,-0.04618076980113983,-0.015490442514419556,-0.04817485809326172,-0.08808678388595576,-0.02721238136291504,-0.09914705157279963,-0.03436930477619171,0.07670722156763077,0.041761249303817694,-0.07670722156763078,-0.041761249303817694,0.018357425928115845,0.24947831034660345,0.06956894695758821,0.28646001219749445,0.10626336932182306,-0.040034472942352295,0.3216518163681031,0.03742182254791271,-0.03705550730228427,0.484979897737503,-0.0033234655857086043,0.55796679854393,0.14162860810756686,-0.012462913990020641,0.21257399022579193,0.05464017391204845,0.38187000155448914,-0.2187049388885498,0.18021294474601746,-0.27938902378082286
1656267964.png,0.18358654901385307,-0.08562913537025457,-0.004899054765701294,-0.046536639332771274,-0.016141593456268366,-0.04772455990314478,-0.08577975630760193,-0.022204637527465765,-0.09780658781528467,-0.03350412845611572,0.08130554482340813,0.04017597436904902,-0.08130554482340814,-0.04017597436904907,0.03729578852653498,0.24822446703910833,0.06905744224786763,0.28485748171806324,0.06753703951835638,-0.05606234073638916,0.32329653203487396,0.036942243576049805,-0.03812390565872198,0.48646327853202814,-0.005260951817035675,0.5590629875659944,0.13348606228828436,-0.013111114501953125,0.19793966412544245,0.05077195167541482,0.14346441626548778,-0.21995788812637318,0.19711634516716015,-0.27710407972335804
1656267965.png,0.18874017149209973,-0.08834902942180634,-0.005054920911788885,-0.045975133776664706,-0.015750586986541748,-0.04802799224853513,-0.08839026093482971,-0.025963976979255704,-0.09896825253963462,-0.03298477828502658,0.07672152668237683,0.04227642714977259,-0.07672152668237683,-0.04227642714977259,0.0462721586227417,0.24299302697181707,0.0676964521408081,0.2848584055900573,0.07986903190612799,-0.03652459383010864,0.3232059627771378,0.037055373191833385,-0.03988681733608243,0.4841566979885101,-0.017390482127666473,0.5581891536712646,0.14259599149227145,-0.014580965042114147,0.22323597222566605,0.053982317447662354,0.38516902923583984,-0.21706807613372792,0.18350216746330272,-0.27975040674209595
1656267966.png,0.18813090771436683,-0.08803030848503118,-0.005452156066894476,-0.04519775509834287,-0.016225904226303045,-0.047113493084907476,-0.08772104978561396,-0.026054695248603765,-0.0991891622543335,-0.03307314217090607,0.07751905173063281,0.0414024293422699,-0.07751905173063282,-0.04140242934226995,0.04349520802497853,0.24462375044822704,0.06555327773094179,0.28823682665824896,0.063498616218567,-0.054891228675842396,0.18408344686031342,-0.027080953121185303,-0.039660409092903165,0.48377421498298645,-0.018833890557289124,0.5559670031070709,0.1425259560346603,-0.03376859426498402,0.22630438208580017,0.028228580951690452,0.3850037455558777,-0.19651514291763317,0.1825498640537262,-0.251806020736694
1656267967.png,0.18441354483366015,-0.08729827404022217,-0.004783272743225098,-0.04436783492565155,-0.01595079898834234,-0.04693062603473666,-0.0853988528251648,-0.024075582623481723,-0.09828856587409962,-0.03461830317974085,0.08073090761899945,0.04032662510871882,-0.08073090761899944,-0.04032662510871887,0.038150995969772394,0.2472080290317536,0.06403107941150664,0.28484997153282154,0.06570631265640253,-0.04224973917007446,0.18349385261535645,-0.022693097591400035,-0.049031406641006414,0.5043169558048248,-0.01945362985134126,0.5586954057216644,0.14431151747703547,-0.04982924461364724,0.21418830752372736,0.051143407821655495,0.14248108863830566,-0.1981264352798463,0.1942613720893861,-0.27696412801742565
1656267968.png,0.18467650562524798,-0.0885626077651977,-0.00475725531578064,-0.04424743354320526,-0.017079383134841974,-0.048924848437309265,-0.08435416221618652,-0.022388532757759094,-0.0947234034538269,-0.0318576842546463,0.08049470931291577,0.04067182540893555,-0.08049470931291577,-0.04067182540893555,0.03774541616439825,0.2469120621681214,0.06344848871231082,0.2850975394248963,0.06351736187934875,-0.05289727449417103,0.1866121441125869,-0.019522905349731445,-0.044294178485870306,0.4853846430778504,-0.018175005912780776,0.5568570494651797,0.14075520634651179,-0.051709890365600586,0.19534064829349518,0.054321050643920676,0.3798219561576845,-0.17703580856323242,0.2109253108501435,-0.27600741386413563
1656267969.png,0.18524590879678723,-0.0895572304725647,-0.005869328975677435,-0.04376558959484095,-0.017263114452362005,-0.048112079501151955,-0.08569186925888062,-0.022040918469429016,-0.09843331575393677,-0.030625656247139033,0.08166445046663282,0.03998604416847229,-0.08166445046663282,-0.03998604416847229,0.010092616081237848,0.25248643755912786,0.06915836036205292,0.28689602017402654,0.10496652126312261,-0.041930556297302135,0.20039930939674383,-0.016435861587524303,-0.047723025083541815,0.48796948790550215,-0.006479993462562575,0.5578055083751681,0.15770706534385687,-0.02979677915573109,0.19940918684005732,0.05570584535598755,0.12918314337730402,-0.19960254430770852,0.19615542888641369,-0.2789324522018434
1656267970.png,0.185577504336834,-0.09125852584838867,-0.0059668719768524725,-0.04346951842308042,-0.017605036497116144,-0.04796580970287323,-0.08490553498268127,-0.021285653114318903,-0.0948585569858551,-0.03067001700401309,0.08216386288404465,0.03961777687072754,-0.08216386288404465,-0.03961777687072754,0.03543609380722046,0.24670442938804626,0.0641956627368927,0.28592130541801464,0.06308382749557495,-0.05437654256820679,0.18603800237178797,-0.024107277393341175,-0.049400582909584045,0.4870384633541107,-0.01756358146667479,0.5541118681430816,0.1446963995695114,-0.03304570913314819,0.211393341422081,0.05711770057678245,0.14257794618606567,-0.19602411985397328,0.19610872864723206,-0.2773907780647279
1656267971.png,0.19008553028106678,-0.09329986572265625,-0.0048795342445372425,-0.04386487603187564,-0.017201900482177623,-0.04652045667171484,-0.08720999956130987,-0.025197863578796387,-0.09960786998271948,-0.03288242220878598,0.07693776488304138,0.046338796615600586,-0.07693776488304137,-0.046338796615600586,0.02046579122543335,0.2395663559436798,0.06471875309944151,0.2843012511730194,0.08702954649925232,-0.05809295177459717,0.18408188223838817,-0.020280301570892223,-0.04627771675586703,0.47276970744132996,-0.01819449663162233,0.556138426065445,0.14885167777538302,-0.032837629318237305,0.19744807481765747,0.02541285753250111,0.14448007941246038,-0.1926252841949463,0.2092912793159485,-0.24612069129943837
1656267972.png,0.1886938773095608,-0.08635807037353516,-0.003931641578674261,-0.044705480337142944,-0.016970872879028376,-0.04854509234428406,-0.08515173196792608,-0.024339675903320312,-0.09882728755474085,-0.03353416919708252,0.0781401954591274,0.040760934352874756,-0.0781401954591274,-0.040760934352874756,0.005520999431610107,0.2604946792125702,0.06573431938886642,0.2852931320667266,0.09982952475547796,-0.06875282526016246,0.18474316596984863,-0.02158665657043446,-0.040054544806480324,0.48496463894844055,-0.016889207065105424,0.5531152784824372,0.14125268161296842,-0.01280057430267345,0.1946936696767807,0.05887669324874878,0.1437084674835205,-0.214324653148651,0.21236079931259155,-0.27699708938598644
1656267973.png,0.1886671297252178,-0.09232905507087708,-0.004373073577880915,-0.044310197234153775,-0.017282187938690186,-0.048951059579849215,-0.0854844450950622,-0.024128794670104953,-0.09904748201370236,-0.032504007220268305,0.07751743122935298,0.04642122983932495,-0.07751743122935299,-0.04642122983932495,0.005315691232681274,0.2506231665611267,0.06263401359319688,0.28454166650772106,0.10976770520210255,-0.06444853544235218,0.18884745240211487,-0.019833028316498025,-0.04241855442523959,0.4893985390663147,-0.016095392405986786,0.5554314255714415,0.14262394607067105,-0.04927849769592285,0.20784710347652435,0.054564476013183594,0.14667949080467224,-0.1922360062599182,0.19575867056846613,-0.274488627910614
1656267974.png,0.1895113401114941,-0.0929642021656037,-0.005458176136016846,-0.045496180653572,-0.015447795391082764,-0.049185156822204534,-0.08637890219688416,-0.022331088781356867,-0.09914681315422061,-0.03160786628723142,0.07555140182375905,0.046113848686218206,-0.07555140182375904,-0.046113848686218206,0.04771447181701666,0.23653474450111384,0.06273058801889421,0.2864775359630584,0.07019129395484924,-0.05081212520599354,0.1881864517927169,-0.024667680263519287,-0.047541245818138095,0.4872963726520538,-0.01821665465831758,0.5771115124225616,0.15304054319858554,-0.044171810150146484,0.21254981309175497,0.035651445388793834,0.15645664930343628,-0.19274783134460438,0.19452571868896484,-0.2779233455657958
1656267975.png,0.14770681411027908,-0.10354813933372495,0.001119852066040039,-0.04059763252735141,-0.029108762741088867,-0.04600493609905246,-0.05142447352409363,-0.005960226058959989,-0.09844136238098145,-0.024232327938079834,0.12118170410394669,0.012211203575134277,-0.12118170410394669,-0.012211203575134277,0.011897563934326172,0.27210733294487,-0.059165751561522484,0.28439703583717346,0.044495284557342585,-0.042135775089263916,0.09854179434478282,-0.0664183497428893,-0.035702854394912664,0.49539849162101735,0.03675678372383119,0.556903213262558,0.2432888746261595,0.031365036964416504,0.19244594871997833,0.044051289558410534,-0.031190484762191606,0.06570386886596691,0.04557457566261286,0.03390204906463623
1656267976.png,0.16294467449188232,-0.11153924465179443,0.003745526075363159,-0.03986112773418424,-0.02732390165328985,-0.04978732764720917,-0.05946424603462219,-0.006027415394783048,-0.10230325162410733,-0.02196343243122101,0.1161358654499054,0.021475076675414984,-0.1161358654499054,-0.02147507667541504,-0.033956319093704224,0.23626101016998297,-0.0393596887588501,0.3240339159965515,0.07278692722320562,0.011646091938018799,0.07897711545228957,-0.017522811889648438,-0.05074505507946017,0.4858883619308471,0.014933392405509935,0.5406893491744994,0.22084055840969083,0.04941797256469738,0.18928663432598114,0.06785768270492554,-0.10545897483825678,0.0892496109008788,0.0350574254989624,0.027514100074768066
1656267977.png,0.10451680980622768,-0.08375330269336698,0.02740430831909174,-0.03410811722278595,-0.019511908292770386,-0.06333160400390628,-0.0035278201103209894,-0.013622999191284235,-0.07158498466014865,-0.05725929886102675,0.11870679818093777,0.019194319844245855,-0.11870679818093777,-0.01919431984424591,0.050150007009506226,0.2117034494876862,-0.030864000320434563,0.2995219826698303,0.03449898958206177,0.021503090858459473,0.07138885185122491,0.004455506801605225,-0.03127923607826233,0.48048958182334917,0.03884811326861382,0.5337939858436584,0.23209393024444586,0.05672621726989724,0.14022485911846164,0.10011857748031594,-0.10250562429428117,0.09066700935363747,0.06548281013965604,0.015791118144989014
1656267978.png,0.10305720567703247,-0.09757535159587857,0.02736687660217285,-0.03434622287750244,-0.0205663144588471,-0.06511497497558599,-0.004246622323989868,-0.006057694554328946,-0.07487700879573816,-0.04623111337423323,0.11678743362426758,0.025675848126411438,-0.11678743362426758,-0.025675848126411438,0.04996788501739502,0.21977770328521729,-0.034602608531713486,0.30351564288139343,0.03761902451515192,-6.675720214954772e-06,0.08023768290877344,0.005394935607910156,-0.0438230037689209,0.4866136908531189,0.022625908255577087,0.5457657277584076,0.22220849990844732,0.0686774253845216,0.1502503007650375,0.08997982740402222,-0.08217790722846996,0.0632956027984618,0.05331397056579587,0.020303010940551758
1656267979.png,0.10364730283617979,-0.09675024449825284,0.027123391628265325,-0.03517499566078186,-0.02004417777061468,-0.06528122723102575,-0.004235357046127319,-0.0077942311763763705,-0.07471539080142975,-0.04743804782629009,0.1181139163672924,0.025547772645950373,-0.1181139163672924,-0.025547772645950317,0.028433799743652344,0.2214210927486418,-0.03406277298927306,0.3027208149433136,0.05467325448989879,0.0017556548118591309,0.06793203949928285,0.012485384941101074,-0.047056257724761935,0.4878296554088592,0.02396171540021897,0.5451109707355499,0.2264015078544616,0.06624585390090942,0.1501418799161911,0.09135174751281738,-0.09740644693374623,0.06405669450759888,0.050278440117836,0.016639530658721813
1656267980.png,0.156130850315094,-0.12823511660099032,-0.0018302202224731445,-0.038594409823417636,-0.024841487407684326,-0.04895146191120148,-0.05722159147262573,-0.002605229616165189,-0.10197229683399198,-0.011100679636001531,0.10976240038871765,0.027225986123085022,-0.10976240038871765,-0.027225986123085022,-0.03541079163551328,0.2467115819454193,-0.03485838696360588,0.33523470163345337,0.06841087341308591,-0.003047943115234375,0.07826676592230797,-0.030446171760559082,-0.050779759883880615,0.5026196539402007,0.010701812803745263,0.5683327317237855,0.2178681492805481,0.0260719656944276,0.1773626729846001,0.04523181915283203,-0.054045170545578,0.0656384825706482,0.008125096559524508,0.01326179504394509
1656267981.png,0.08059244323521851,-0.17446283996105194,0.006087809801101685,-0.0470070689916611,-0.04218234121799469,-0.04969105124473572,-0.038014575839042664,0.0134965181350708,-0.11908784694969654,0.01897341012954712,0.1018778281286359,-0.00743025541305542,-0.1018778281286359,0.007430255413055364,0.08633464574813834,0.12199229001998901,0.027800178155303,0.26339218020439154,-0.0740401744842529,0.15629878640174866,0.09564698114991188,0.060948848724365234,-0.007960096001625061,0.44381722807884216,0.04046403057873249,0.45122495293617265,0.20010749995708463,-0.06426191329956066,0.10287105292081833,-0.04536336660385154,-0.05360847711563105,0.12653869390487682,0.056250557303428705,0.08121562004089355
1656267982.png,-0.008599920198321342,-0.18043991923332214,0.018026567995548234,-0.044830769300460815,-0.03851273097097874,-0.04618304967880249,0.002032361924648299,0.031960070133209256,-0.04870837368071079,0.024092912673950168,0.08102702535688877,-0.005869075655937195,-0.08102702535688877,0.005869075655937139,0.15157762169837952,0.1557767391204835,0.03316708281636238,0.2714966833591462,-0.08840680122375486,0.15095776319503773,0.06896230578422548,0.04105353355407704,0.02987752854824066,0.473035991191864,0.03460471704602242,0.4551640450954438,0.13000510632991796,-0.04158186912536621,0.06001083552837373,0.022214412689208984,0.019482791423797496,0.09612834453582764,0.10009658336639406,0.04331183433532726
1656267988.png,0.15617822483181953,-0.1212601363658905,0.001048952341079712,-0.04149639606475833,-0.02560478448867798,-0.0529610812664032,-0.06111651659011841,-0.009962528944015475,-0.10357366502285001,-0.021471768617630005,0.11402987316250801,0.03247092664241791,-0.11402987316250801,-0.03247092664241791,-0.03401045501232147,0.2767511010169984,-0.00957984849810601,0.3293013274669647,0.08783330023288727,-0.04673922061920177,0.043004576116800294,-0.005377769470214844,-0.032817572355270413,0.4959206581115725,0.036130979657173136,0.5788410007953644,0.24116799235343947,0.07617998123168923,0.2202342376112938,0.06844663619995106,0.06656977534294117,0.023228108882904164,0.029849469661712646,-0.016432821750640758
1656267989.png,0.10660251602530482,-0.1098824143409729,-0.0026529133319854736,-0.035705447196960505,-0.013060867786407526,-0.044377282261848394,-0.06250214576721186,-0.031319260597228976,-0.07492196559906009,-0.03507897257804876,0.10231822356581685,0.0771445631980896,-0.10231822356581684,-0.0771445631980896,0.028587162494659424,0.20991986989974976,-0.08259396627545358,0.28606343269348145,0.04004293680191057,-0.08086186647415161,0.07170320674777031,0.011535227298736572,-0.10271058976650232,0.4135502576828004,-0.03194419294595721,0.5399976372718811,0.24817238748073567,-0.11602956056594871,0.21618705987930298,-0.101093590259552,0.12895703315734863,-0.11231708526611328,-0.041232168674468994,0.24713116884231556
1656267990.png,0.12032691761851311,-0.10995642840862274,-0.01255875825881958,-0.03775119781494146,-0.012813478708267212,-0.04101626574993136,-0.06919768452644348,-0.01558339595794675,-0.06704100966453555,-0.016488343477249118,0.08694173023104668,0.055799439549446106,-0.08694173023104668,-0.055799439549446106,0.001127153635024969,0.2224956750869751,-0.07808757945895195,0.2939814031124115,0.08544713258743297,-0.0401310920715332,0.050746928900480257,0.011500298976898193,-0.06131307780742651,0.4426080584526062,-0.002640537917613997,0.54096320271492,0.2122927755117417,0.082100510597229,0.18577803671360021,0.04871940612792969,-0.16125214099884028,0.050712645053863636,-0.06319975852966314,0.012867987155914307
1656267991.png,0.12351833283901215,-0.14742766320705414,0.0020799636840820312,-0.033545657992362976,-0.024486631155014038,-0.04107630252838135,-0.04665616154670718,0.002814620733261136,-0.09284812211990359,-0.004051730036735535,0.0982181578874588,0.04368795454502111,-0.0982181578874588,-0.04368795454502106,0.008968681097030584,0.22937649488449102,-0.04376618191599846,0.2989436089992523,0.07288882136344915,-0.03352254629135143,0.0639146976172924,-0.0033873319625854492,-0.02924139797687536,0.4515967965126038,0.03212099522352217,0.5334146916866305,0.2257975190877914,-0.004807472229004128,0.20571143180131912,-0.009848356246948575,0.010011076927185225,0.027347266674041748,-0.02699908614158636,0.02104616165161155
1656267992.png,0.14313377067446703,-0.12055242061614993,-0.0038542151451110285,-0.03891234099864954,-0.01744520664215088,-0.04680471122264859,-0.0756955295801163,-0.02441990375518799,-0.08997124433517453,-0.027616113424301147,0.09161631390452388,0.0394772589206695,-0.09161631390452385,-0.039477258920669556,-0.020162746310234098,0.24384513497352606,-0.03389489836990833,0.30204978585243225,0.09536610543727869,-0.029155611991882435,0.04394582845270634,-0.007499516010284313,-0.03850215673446658,0.49193242192268377,0.007264710962772369,0.554537683725357,0.19106349349021912,0.07657694816589355,0.1579843312501907,0.11669391393661499,-0.011762768030166626,0.011600255966186634,-0.024493306875228826,-0.03513681888580311
1656267993.png,0.1491858921945095,-0.10166399180889135,-0.005312025547027588,-0.04055424034595487,-0.012715041637420599,-0.04684157669544223,-0.0734323263168335,-0.035336047410964994,-0.0796723365783692,-0.03641946613788602,0.08590656146407127,0.0403310507535935,-0.08590656146407127,-0.0403310507535935,-0.021218881011009244,0.24247288703918446,-0.028245214372873313,0.29847434163093567,0.08319325745105752,-0.042037904262542725,0.04925740137696267,-0.010634899139404297,-0.04822853207588193,0.48308795690536477,-0.009515706449747086,0.5653079450130463,0.21423363685607902,0.07764959335327182,0.1667945347726345,0.10098624229431152,-0.1376608610153197,0.01695376634597745,-0.05059546232223508,-0.019239366054534912
1656267994.png,0.14638715982437134,-0.12286095321178434,-0.004671871662139948,-0.035981148481369074,-0.022034287452697754,-0.044052243232727134,-0.05605287849903101,-0.0011618137359618863,-0.09020091593265536,-0.012145966291427557,0.07513292133808136,0.03735196590423584,-0.07513292133808135,-0.037351965904235895,0.025701239705085754,0.23585471510887146,-0.05882368981838228,0.22598001360893244,0.053304523229599,-0.03365623950958252,0.06199102848768233,0.05481290817260753,-0.020084857940673856,0.4466478526592256,0.011553913354873643,0.5187558233737946,0.20445315539836886,0.06730341911315885,0.16010691225528717,0.09966129064559948,0.018247604370117188,0.03216475248336803,-0.02296851575374606,0.010024070739746205
1656267995.png,0.11676992475986489,-0.11744186282157895,0.004809528589248657,-0.031382635235786493,-0.025827795267105158,-0.041888669133186396,-0.036759674549102894,0.005034923553466797,-0.0869055837392807,-0.0005200356245040894,0.09741370379924771,0.023914977908134516,-0.09741370379924771,-0.02391497790813446,0.07457643747329717,0.1807237565517425,-0.052742090076208115,0.2580931782722473,0.008450925350189264,0.008161783218383789,0.08380380645394325,-0.040000081062316895,-0.032424613833427374,0.4326407015323637,0.015305332839488983,0.5015077590942383,0.24204175174236298,-0.040389060974121094,0.19071484357118607,0.007113933563232422,0.024121224880218617,0.10989266633987438,0.03618365526199341,0.05910438299179066
1656267996.png,0.10140615701675415,-0.1410791873931885,0.013199776411056519,-0.029198855161666815,-0.026347696781158503,-0.04513359069824216,-0.021177336573600797,0.01134726405143735,-0.08988295495510096,-0.001614898443222046,0.10749742388725281,0.04274873435497284,-0.10749742388725281,-0.04274873435497284,0.10433337092399603,0.16870632767677307,-0.0315685048699379,0.23179870843887318,-0.08320185542106634,0.03211432695388794,0.02952487766742707,-0.00013285875320423468,-0.02693943679332736,0.4323138892650604,0.04933818429708481,0.5218453407287598,0.1730344146490098,0.05503815412521351,0.10736290365457532,0.018124818801879772,-0.1423843801021577,0.07549828290939342,0.005460754036903409,0.024050533771514893
1656267997.png,0.11984497494995597,-0.13373337686061862,0.006711214780807495,-0.03178758919239044,-0.025837719440460205,-0.04341199994087214,-0.03583599627017975,0.003612875938415583,-0.09202535450458527,-0.008635729551315308,0.10881069488823411,0.04156938195228577,-0.10881069488823411,-0.04156938195228577,0.08420845866203308,0.16678383946418762,-0.01589196175336837,0.2435043752193451,-0.042664140462875255,0.02977830171585072,0.14393683895468712,0.07610756158828735,-0.06807556748390192,0.41680362820625316,-0.0006727613508701255,0.49465450644493114,0.20134341716766352,-0.15756863355636608,-0.016942927613854405,-0.25474315881729137,-0.12650570273399347,0.0315970778465271,0.19474348612129688,0.1471911072731017
1656267998.png,-0.02500480040907857,-0.01494300365447998,0.014871776103973361,-0.07649984955787659,-0.016454160213470473,-0.014069795608520508,0.018929675221443176,0.018247365951538086,-0.01603070646524432,-0.015787512063980047,0.0733206607401371,-0.03349667787551869,-0.0733206607401371,0.03349667787551874,0.10970085859298706,0.1468079388141632,0.10647449642419818,0.10787621140480036,-0.02733069658279419,0.019160807132720725,0.05192396044731132,0.016358375549316517,0.06860589981079102,0.2850065529346465,0.13132285326719284,0.2535431087017059,0.0038479268550872803,-0.0471685528755188,0.052896067500114385,-0.03980785608291615,0.020885437726974432,0.04408907890319824,0.032175630331039484,-0.04556196928024303
1656267999.png,0.12173373624682421,-0.1441288888454437,0.005741626024246271,-0.03170736134052282,-0.02494958043098444,-0.04345722496509555,-0.03969772160053259,-0.0022560805082321167,-0.09683422744274142,-0.019184529781341553,0.10296529158949849,0.033821105957031194,-0.10296529158949852,-0.03382110595703125,0.10648168623447421,0.17997977137565607,-0.01660731434822083,0.2779195010662079,-0.0684529840946197,0.022439777851104847,0.10923970490694046,0.015740156173706055,-0.013873323798179599,0.4547823369503023,0.03523652255535126,0.5087991654872895,0.18754342198371893,-0.05201685428619396,0.13119303435087207,0.0012906789779661976,-0.04542544484138494,0.12201273441314686,0.05739551782608024,-0.06616467237472556
1656268000.png,0.121760543435812,-0.14624331891536715,0.013130754232406616,-0.03579489886760706,-0.029759645462036105,-0.05492705106735232,-0.028864979743957464,0.00604057312011716,-0.09886585175991061,-0.010409221053123419,0.10126207396388054,0.03792375326156616,-0.10126207396388054,-0.03792375326156616,0.09205336868762964,0.19801875948905945,-0.020739210769534114,0.32791295647621155,-0.027441799640655462,0.05271345376968384,0.18810335360467437,0.019902467727661022,-0.03889167308807373,0.4730262458324431,0.011000350117683404,0.5382827222347258,0.24568207561969752,-0.14061450958251942,0.24446173757314688,-0.07311844825744618,0.04705670475959772,0.11924684047698975,-0.008691936731338556,-0.030766189098358265
1656268001.png,0.13649347983300694,-0.14260132610797882,0.0036128759384154163,-0.03947126865386963,-0.02852165699005127,-0.05143916606903076,-0.05021066963672635,-0.003427550196647672,-0.10177958011627206,-0.014950871467590304,0.10050453804433346,0.03616280853748316,-0.10050453804433344,-0.036162808537483215,0.09407331049442288,0.18886443972587602,-0.0213686805218458,0.32342207431793213,-0.012004613876342662,0.01947021484374989,0.21714190579950812,0.04204273223876942,-0.02986760437488553,0.45462909340858465,0.03457864001393318,0.5366197824478148,0.238130271434784,-0.08282208442687977,0.20962250977754598,-0.03745317459106445,-0.12718725204467773,0.07713085412979115,0.009323149919509832,-0.016186773777007946
1656268002.png,0.11676840484142306,-0.12012338638305667,0.014987587928771973,-0.030029103159904452,-0.02443496882915494,-0.05523386597633362,-0.022343784570694025,-0.0005192756652832031,-0.091438964009285,-0.024700120091438266,0.1005020588636398,0.03917925059795374,-0.10050205886363982,-0.039179250597953796,0.08478423953056341,0.23844882845878607,-0.027598802000284178,0.31600505113601685,-0.028508037328720093,-0.24217230081558222,0.11807476356625557,-0.06755423545837413,0.0019773840904236395,0.4489866197109222,0.038651160895824446,0.5358392596244811,0.23198869824409485,-0.06482303142547607,0.13139870017766953,-0.08111011981964089,0.06732431054115295,0.1264765262603761,0.059903815388679504,0.07246845960617054
1656268003.png,0.14555008709430697,-0.10299406945705417,0.010544955730438232,-0.03163862228393555,-0.024849116802215576,-0.05066092312335965,-0.034776777029037476,-0.007952973246574402,-0.09486007690429688,-0.03337410092353821,0.10421039164066312,0.032644495368003845,-0.10421039164066312,-0.032644495368003845,0.06048163771629339,0.2506384551525115,-0.06134551391005516,0.33079367876052856,0.0021437406539916437,-0.24603837728500355,0.15499013289809227,0.013794898986816406,-0.0166193544864654,0.4412316381931304,0.020658686757087708,0.5193270444869996,0.2971230149269105,-0.014826774597167969,0.1716400533914566,-0.04304283857345581,-0.0385454297065736,-0.09367817640304554,0.16022300720214838,-0.04411059617996227
1656268004.png,0.14689065888524053,-0.12075154483318332,0.010120540857315063,-0.02913990616798401,-0.026162832975387518,-0.049705594778060885,-0.02847561240196217,-0.0009353160858154297,-0.09406843781471255,-0.02384200692176819,0.09807826951146123,0.03835794329643255,-0.09807826951146124,-0.038357943296432495,0.07085728645324718,0.23818215727806097,-0.07012565433979033,0.32768890261650085,0.038504749536514116,-0.2390888035297396,0.16316796094179153,0.019049882888794056,-0.008473396301269476,0.42972788214683516,0.010261878371238708,0.509072571992874,0.26886776089668274,-0.09629374742507935,0.23322641104459768,-0.07933008670806863,0.05715137720108032,-0.03175729513168324,0.10985839366912831,0.006725072860717551
1656268005.png,0.13902990147471428,-0.11637483537197116,0.014283269643783514,-0.028111502528190585,-0.025806277990341242,-0.054360464215278625,-0.021819353103637695,0.0022049844264983853,-0.09137032926082611,-0.022102877497673007,0.09766797348856926,0.04049406945705414,-0.09766797348856926,-0.040494069457054194,0.07203301787376398,0.23999473452568054,-0.06053438223898411,0.34028458595275896,0.03549507260322571,-0.24491661787033087,0.15152509696781633,0.009741723537444957,-0.008783876895904541,0.4267111122608185,0.007924832403659807,0.5089742541313171,0.276635080575943,-0.07987970113754284,0.25051839649677277,-0.07491827011108387,0.049943089485168346,-0.047514081001281516,0.11789461970329285,-0.005286931991577037
1656268006.png,0.1326506733894348,-0.11308574676513672,0.016027718782424982,-0.029581263661384583,-0.02694824337959284,-0.0553487092256546,-0.020730495452880804,0.000663638114929227,-0.08790491521358493,-0.030158385634422302,0.09745091199874875,0.044169977307319586,-0.09745091199874874,-0.04416997730731964,0.07277953624725347,0.23868599534034723,-0.060616381466388716,0.3380063772201539,0.03154128789901728,-0.24680274724960316,0.1543208286166191,0.01383608579635609,-0.01885849237442011,0.44172671437263483,0.012072212994098636,0.5255360007286071,0.29043588042259216,-0.08044707775115967,0.2583135291934014,-0.08804702758789051,0.04746490716934215,-0.0662803053855896,0.08841845393180842,0.006321847438812145
1656268007.png,0.1350463852286339,-0.11388884484767917,0.015082359313964788,-0.028027921915054294,-0.02645701169967657,-0.05425548553466791,-0.021238267421722357,-0.00039760768413546477,-0.08642166852951044,-0.026621833443641746,0.0980386361479759,0.04201415181159973,-0.09803863614797591,-0.04201415181159973,0.07239255309104925,0.24139752984046947,-0.05658811144530772,0.34209415316581715,0.032539874315261785,-0.24515625834465027,0.1523784380406141,0.009249746799469105,-0.006759822368621771,0.42464938759803794,0.01206351071596147,0.5089195072650909,0.27536243200302113,-0.07801717519760165,0.24725139886140823,-0.07530224323272705,0.04735463857650768,-0.045416414737701305,0.10185524821281428,0.0015888214111328125
1656268008.png,0.1468212306499482,-0.11427231132984164,0.0052247643470763605,-0.03466066718101499,-0.02318495512008678,-0.047164961695671054,-0.044054269790649414,-0.008331730961799622,-0.09354701638221732,-0.027940288186073303,0.09785291552543637,0.03410300612449646,-0.09785291552543636,-0.034103006124496515,0.07063835859298712,0.2489977777004242,-0.06936533376574518,0.32877919077873247,0.02887445688247675,-0.2509517967700958,0.1591255180537701,0.014162242412567028,-0.02151417732238764,0.43806079030036926,0.009269364178180695,0.5064434707164764,0.27662158012390137,-0.07869380712509166,0.2324918732047081,-0.07376569509506237,0.05754429101943981,-0.05323606729507424,0.11175531148910517,0.004778504371643177
1656268009.png,0.1453843638300896,-0.11634719371795657,0.006044447422027532,-0.03388118743896487,-0.024089068174362183,-0.04655189812183383,-0.03583753108978266,-0.0037816762924194336,-0.09348531067371366,-0.02714426815509796,0.09858804196119306,0.03469400107860571,-0.09858804196119306,-0.03469400107860571,0.06932094693183904,0.24670541286468495,-0.06922990642488003,0.32660749554634094,0.02730432152748108,-0.2484882771968841,0.16070192120969293,0.016558289527893066,-0.010536938905715887,0.43537622690200783,0.009831190109252902,0.5053901374340058,0.2663646340370178,-0.11471962928771973,0.23418198525905612,-0.07202917337417625,0.05622023344039906,-0.014820814132690319,0.11271965503692621,-0.0038471221923828125
1656268010.png,0.1222320906817913,-0.10235691070556643,0.017276555299758856,-0.02644371986389163,-0.02193263173103338,-0.05631232261657715,-0.016909986734390203,0.0014538764953613281,-0.08641077578067774,-0.036525189876556396,0.11281685158610344,0.03979225456714636,-0.11281685158610343,-0.03979225456714636,0.05713811516761774,0.2583750784397124,-0.04796586558222772,0.345206081867218,-0.008979141712188665,-0.26396480202674866,0.16808197274804115,0.005447864532470703,-0.02674958109855652,0.4045152962207791,0.028027929365634877,0.5084761977195741,0.28281497955322255,-0.027517378330230602,0.25227342545986176,-0.12430584430694591,-0.025244057178497203,-0.007521867752075195,0.11069580912590032,0.059767842292785534
1656268011.png,0.13574754074215886,-0.13133363425731656,-0.0020289719104766846,-0.033868879079818726,-0.019663035869598333,-0.04335503280162817,-0.07630008459091187,-0.019342675805091886,-0.09520180523395538,-0.026601418852806064,0.10064940527081487,0.06706982851028442,-0.10064940527081485,-0.06706982851028442,0.039491027593612726,0.21309301257133484,0.04918093234300609,0.2660522758960725,0.13956648111343378,-0.00899893045425415,0.3117804527282715,0.05948531627655018,-0.08500248193740839,0.43012455105781544,-0.03967931121587755,0.5584026873111726,0.26819881796836853,-0.22330141067504872,0.40376070141792303,-0.22901594638824463,0.27041685581207264,0.039692580699920654,0.00834900140762318,0.009689867496490367
1656268012.png,0.14675121754407883,-0.10214056074619293,0.0008601844310759943,-0.03479738533496862,-0.01783427596092224,-0.0395684540271759,-0.07135021686553944,-0.020697951316833413,-0.0932850390672684,-0.029034897685050964,0.09277772158384323,0.04596048593521118,-0.09277772158384322,-0.04596048593521118,0.0357537567615509,0.22487762570381165,0.04533785581588741,0.29738739132881153,0.05060234665870672,-0.24298721551895153,0.3122684210538864,0.04001188278198253,-0.06106075644493103,0.42546799778938293,-0.013588398694992093,0.5298195183277129,0.25650596618652344,-0.1749061942100525,0.3775961250066757,-0.18406254053115834,0.22687795758247375,0.017784833908081055,0.008303493261337336,0.0030261874198913574
1656268013.png,0.14594884216785436,-0.10402487218379977,0.002569109201431219,-0.03392882645130155,-0.019042223691940363,-0.04068629443645477,-0.06744766235351557,-0.02031736075878146,-0.09566298127174375,-0.030287086963653537,0.09467165172100067,0.04750727117061615,-0.09467165172100069,-0.04750727117061615,0.037793040275573675,0.22373458743095398,0.049503698945045485,0.3015978932380676,0.048954904079437256,-0.24471947550773632,0.31030498445034027,0.035297930240631104,-0.048487693071365356,0.41830191016197205,-0.008794412016868564,0.5263238549232483,0.2454102337360382,-0.1709461212158203,0.3790437132120132,-0.17971980571746826,0.22211188077926636,0.010665953159332275,0.008444994688034113,0.0030347704887390137
1656268014.png,0.14790473878383634,-0.10384315252304077,0.002018064260482899,-0.033175230026245145,-0.018734335899352972,-0.0397127121686936,-0.0690185427665711,-0.020569205284118625,-0.09540230035781866,-0.030375987291336004,0.09313033521175382,0.0460574328899383,-0.09313033521175383,-0.046057432889938354,0.044740587472915705,0.2188107073307038,0.04841634631156923,0.30095496773719776,0.04174539446830755,-0.2382629513740539,0.3042978644371033,0.03351515531539928,-0.05009363591670982,0.4181130230426788,-0.011161185801029191,0.516889065504074,0.2488600164651871,-0.169436514377594,0.3790059760212898,-0.17215973138809193,0.22406443953514094,0.01182013750076294,0.005616694688796997,0.005948066711425781
1656268015.png,0.14817870035767558,-0.10370451211929327,0.0016681849956512451,-0.0337612628936767,-0.01816040277481079,-0.039969086647033636,-0.07035636901855463,-0.02227926254272461,-0.09428632259368902,-0.03180004656314847,0.09310895577073094,0.046993643045425415,-0.09310895577073096,-0.04699364304542536,0.039471268653869684,0.22370216250419617,0.04824418574571611,0.3003933131694793,0.04883000254631037,-0.24520900845527643,0.3057128489017486,0.03380078077316273,-0.06050124764442438,0.42289772629737854,-0.01255028694868085,0.5304665863513947,0.2585380673408507,-0.1739397644996643,0.3792960047721863,-0.18421632051467896,0.21926864981651317,0.010103762149810902,0.009590625762939398,0.0028489232063293457
1656268016.png,0.14899677783250814,-0.10499918460845953,0.0014963150024412952,-0.0335231125354766,-0.018259555101394653,-0.039882734417915316,-0.07111102342605591,-0.021686524152755793,-0.09507888555526736,-0.030879274010658236,0.0937187448143959,0.04676871001720434,-0.09371874481439589,-0.04676871001720434,0.04023641347885132,0.22306901216506964,0.04835811257362364,0.299960106611252,0.0488534271717071,-0.24480429291725175,0.3046358376741408,0.033597707748412975,-0.04972058534622198,0.4200915098190308,-0.010713249444961548,0.5267054736614227,0.24489402770996105,-0.17075735330581676,0.3767924159765243,-0.18107843399047852,0.22344905138015742,0.009178519248962402,0.009901195764541737,0.003291308879852406
1656268017.png,0.14796152710914606,-0.10290139913558966,0.0017736256122589666,-0.03410795331001282,-0.018166989088058416,-0.04027226567268369,-0.07033225893974304,-0.022024273872375433,-0.09406611323356631,-0.0316427797079086,0.09358656406402588,0.04750393331050873,-0.09358656406402587,-0.04750393331050873,0.0393126904964447,0.22375065088272084,0.04852022230625151,0.30189111828804016,0.04735535383224487,-0.24501806497573841,0.3061436265707016,0.0337843894958495,-0.04951244592666626,0.42111921310424805,-0.010137572884559645,0.5297371447086334,0.24447035789489746,-0.17154067754745483,0.37624631822109217,-0.18267816305160534,0.22220247983932495,0.009612321853637695,0.01090869307518011,0.003325045108795277
1656268018.png,0.1486285589635372,-0.10321302711963656,0.0014035403728485107,-0.03453390300273887,-0.018271744251251165,-0.04022440314292905,-0.0713857114315033,-0.022463008761406,-0.09352830052375796,-0.03148110210895538,0.09333940967917445,0.04646989703178406,-0.09333940967917445,-0.04646989703178406,0.0382679402828216,0.22460290789604187,0.049210645258426666,0.3007703125476837,0.0494373738765716,-0.24567541480064392,0.30560012161731714,0.03256148099899292,-0.048060536384582575,0.4212808310985564,-0.009287536144256606,0.5276688635349271,0.24275392293930048,-0.17214012145996083,0.374715380370617,-0.18300074338912942,0.22331872582435613,0.011511385440826527,0.010322004556655662,0.0034990310668945312
1656268019.png,0.1419410146772862,-0.10644957423210147,0.004022747278213501,-0.029998302459716797,-0.018453121185302845,-0.041469410061836215,-0.055905878543853815,-0.014334678649902288,-0.09223166108131409,-0.031132802367210388,0.09521529451012611,0.047464206814765986,-0.09521529451012611,-0.04746420681476593,0.05633831024169922,0.2152231335639953,-0.09107724390923977,0.2555347979068757,0.028761982917785645,-0.24205449223518372,0.09868069551885131,-0.0669831931591035,-0.03263106942176819,0.4292297959327697,-0.0014802590012550493,0.5249404013156891,0.2607156038284302,0.030063390731811412,0.2074732929468155,0.06427091360092163,0.03518056869506836,0.10133862495422374,-0.03869208693504339,0.022056877613067516
1656268020.png,0.0988092571496963,-0.0923501253128052,0.010232686996460016,-0.029781743884086553,-0.018475472927093506,-0.039639353752136175,-0.026926130056381226,0.00421985983848569,-0.08846108615398401,-0.015074566006660461,0.10245002806186676,0.033051878213882446,-0.10245002806186679,-0.033051878213882446,0.024460732936859075,0.2555047571659088,-0.08582881465554235,0.19347470998764027,0.03511855006217962,-0.018801510334014893,0.1068945862352848,-0.19546097517013544,-0.11629250645637515,0.3819232881069182,-0.05995751172304149,0.43205443024635315,0.11468568444252017,0.018981873989105225,0.1447973027825355,0.04372072219848644,-0.11238054931163788,0.03616911172866821,-0.016459360718727056,0.013755321502685436
1656268021.png,0.1326701268553733,-0.10258948802948001,-0.0009112060070037287,-0.03385734558105466,-0.014720320701599121,-0.0385878533124924,-0.07175374031066895,-0.02499830722808838,-0.08247703313827509,-0.03187465667724604,0.053270690143108396,0.04127319157123571,-0.053270690143108396,-0.04127319157123571,0.09640741348266596,0.21057051420211775,0.1931200474500656,0.18823122978210455,0.11502334475517262,0.04624211788177501,0.1871456503868104,0.0367947518825531,-0.10444994270801553,0.41408014297485335,-0.10453789681196213,0.4977072179317474,0.15127186477184298,-0.05112570524215687,0.2654562070965767,-0.10209035873413075,0.16060760617256165,-0.07187414169311523,0.22665426135063182,-0.15246880054473877
1656268022.png,0.12754834815859795,-0.12760791182518005,0.0031826794147491455,-0.03442609310150149,-0.02106225490570074,-0.046091318130493164,-0.05280330777168274,-0.013089537620544434,-0.09328150749206535,-0.02372090518474579,0.09375710412859917,0.06361986696720123,-0.09375710412859918,-0.06361986696720123,0.047777801752090454,0.2491571009159087,0.05419059842824937,0.27144253253936756,0.10916107892990112,0.018208444118499867,0.3136484622955323,0.032033681869506836,-0.09000930190086365,0.4438861310482024,-0.05250298976898192,0.5404754877090453,0.26006600260734564,-0.0030748844146727405,0.23311009258031845,-0.007320106029510387,0.05045208334922774,-0.22096341848373413,-0.018807590007781982,0.12161272764205933
1656268023.png,0.1343638524413109,-0.1196178942918778,0.00190657377243042,-0.033174395561218206,-0.017647534608840998,-0.04123143851757047,-0.06505915522575378,-0.02058999240398407,-0.09108412265777582,-0.030841395258903476,0.09287043660879132,0.04841658473014837,-0.09287043660879131,-0.048416584730148315,0.03759407997131359,0.21474489569663996,0.06978429853916164,0.2914942204952239,0.09651201963424683,0.004790663719177246,0.2957005202770234,0.036054372787475586,-0.02383565902709961,0.4286515414714814,0.007866904139518724,0.5414498150348663,0.23171675205230718,-0.19073444604873668,0.3672185838222504,-0.20490503311157238,0.2145424485206603,0.016318857669830322,0.0042839944362638716,0.005147218704223744
1656268024.png,0.13828866928815842,-0.13253255188465118,-0.001769781112670843,-0.03593747317790988,-0.020737260580062866,-0.0424805283546448,-0.06776332855224615,-0.015007570385932895,-0.10178533196449277,-0.029118821024894687,0.07998617738485336,0.033851817250251826,-0.07998617738485338,-0.033851817250251826,0.11784198880195618,0.15317586064338679,0.0928399115800858,0.2863916158676148,0.16382476687431335,0.04775756597518921,0.299734890460968,0.03675222396850586,-0.04007256031036377,0.4199040234088897,0.0006111785769462724,0.5283151268959045,0.28162118792533875,-0.1588677167892455,0.3276043459773064,-0.11926960945129395,0.22021302580833435,0.011696696281433105,0.2991433143615722,-0.07338088750839233
1656268025.png,0.1381765939295292,-0.13612802326679227,-0.0038132071495056152,-0.03791771829128268,-0.022590279579162653,-0.04216162860393527,-0.08345796167850492,-0.021761000156402588,-0.09990252554416648,-0.027952574193477617,0.08135894313454628,0.03218898177146917,-0.08135894313454628,-0.032188981771469116,0.11768057942390436,0.16981473565101618,0.09423308819532394,0.28526434302330017,0.14266648888587957,0.05162912607193004,0.2975359410047531,0.0337560772895813,-0.04244290292263034,0.4239629805088044,0.005290500819683061,0.5162862241268158,0.29081983864307415,-0.16143798828125022,0.32208184897899633,-0.16632002592086792,0.2203014194965362,0.012906014919281006,0.30965700745582575,-0.011482715606689453
1656268026.png,0.1316776312887669,-0.1351617872714996,0.00033727288246154785,-0.03583079576492312,-0.022212624549865723,-0.04529352486133581,-0.05761265754699707,-0.0121998339891434,-0.09964260458946231,-0.023535236716270447,0.08937177434563634,0.041444659233093206,-0.08937177434563635,-0.041444659233093206,0.12470176815986644,0.15027680993080134,0.09059650450944899,0.29286745190620417,0.15592885017395014,0.0565342903137207,0.2890461981296538,0.043504416942596436,-0.06503918766975397,0.4093815982341766,-0.013917990028858171,0.5196041166782379,0.2796393930912019,-0.15770936012268055,0.3369352668523788,-0.15669512748718262,0.20747199654579151,-0.007224082946777233,0.2832342982292176,-0.0379025936126709
1656268027.png,0.13762888684868815,-0.1375588178634644,-0.0022881627082824707,-0.037229716777801514,-0.021984368562698364,-0.048610493540763855,-0.0615372359752655,-0.011540293693542508,-0.09927847981452942,-0.022988557815551758,0.08180019631981847,0.04121680557727819,-0.08180019631981847,-0.04121680557727819,0.08513271808624273,0.21484220027923562,0.09393294900655749,0.30397364497184753,0.029476344585418646,-0.24470314383506764,0.2949375659227369,0.024031519889831432,-0.006621062755584661,0.4310057759284971,0.03204932063817978,0.5432724654674531,0.25592753291130066,-0.17699456214904774,0.36730076372623444,-0.20271372795104992,0.21368420124053955,0.017828702926635742,0.0025145411491394043,-0.0026851892471314587
1656268028.png,0.1468337327241897,-0.10881860554218287,-0.0021325349807738703,-0.03630454838275918,-0.016771614551544134,-0.041149854660034235,-0.07199865579605103,-0.02439276874065399,-0.08724285662174225,-0.03430081903934479,0.08830644190311432,0.04239910840988159,-0.0883064419031143,-0.04239910840988159,0.054915994405746515,0.22732195258140553,0.07524234056472774,0.30531081557273865,0.09164464473724365,-0.008278071880340465,0.29776036739349376,0.023833632469177246,-0.02695399522781372,0.4254131019115448,-0.0046838894486427585,0.5288605391979219,0.2511955499649049,-0.1704806089401245,0.38361979275941854,-0.1855992078781129,0.2101023793220519,0.015859246253967285,0.013819754123687689,-0.0024880170822143555
1656268029.png,0.15026438236236572,-0.061812520027160645,-0.0015282034873962402,-0.035205915570259066,-0.001836389303207453,-0.03568509221076968,-0.05917930603027349,-0.04026544094085699,-0.061931908130645696,-0.04100453853607175,0.07630786299705505,0.0550837516784668,-0.07630786299705505,-0.05508375167846674,0.05351361632347107,0.2103295624256134,0.04839484393596652,0.3071425855159759,0.045596808195114136,-0.2356204390525818,0.3039887398481368,0.02703404426574718,-0.08363503217697146,0.38349810242652904,-0.04779204726219177,0.4969594776630401,0.29709163308143605,-0.1563863754272462,0.2941288352012634,-0.15411818027496338,-0.0014480948448180042,0.01021122932434071,0.11105027794837952,0.004228055477142334
1656268030.png,0.14221791923046112,-0.03324657678604126,0.0019766986370087225,-0.03536137938499451,-0.002412885427475031,-0.03739047050476069,-0.05988073348999029,-0.05365119874477381,-0.06106722354888916,-0.056384757161140525,0.062911257147789,0.06013241410255438,-0.062911257147789,-0.06013241410255432,0.05953672528266907,0.2001903355121613,0.03256894648075101,0.30042776465415955,0.1377008855342865,0.0063912272453306995,0.29186449944973003,0.028078019618988037,-0.08602899312973022,0.35784086585044855,-0.09705305844545366,0.4852873384952545,0.20389136672019964,-0.1502414345741272,0.271797277033329,-0.19984054565429699,0.07986143231391896,0.007763326168060303,0.06956109404563904,0.03792208433151256
1656268031.png,0.15196791291236877,-0.059369683265686035,-0.0017904043197631836,-0.036896735429763794,-0.0049431622028351385,-0.03717365860939026,-0.05955371260643011,-0.044823452830314636,-0.06195434927940363,-0.04377163946628568,0.08379125595092773,0.04674223065376282,-0.08379125595092773,-0.04674223065376282,0.051470041275024414,0.21902236342430115,0.05440866947174075,0.29741689562797535,0.15134122967720032,0.012026727199554443,0.3064962923526765,0.026994466781616322,-0.07335752248764038,0.3928551971912385,-0.03822252899408342,0.5026334822177887,0.26988387107849127,-0.15217936038970958,0.25349221378564835,-0.05735236406326294,0.016899734735488836,0.007397174835205078,0.15845528244972218,-0.10777270793914806
1656268032.png,0.14963108301162714,-0.05581071972846985,0.00020813941955566406,-0.0372761785984039,-0.004470050334930309,-0.03749361634254453,-0.060083270072936956,-0.044902920722961426,-0.060708791017532404,-0.04640829563140875,0.08130943775177002,0.041803181171417236,-0.08130943775177005,-0.041803181171417236,0.056247770786285345,0.22493517398834217,0.05159659683704379,0.2936449646949769,0.03902712464332586,-0.2382096350193023,0.30617000162601465,0.029210448265075573,-0.05735379457473755,0.3963776230812073,-0.038147583603858934,0.48479241132736195,0.25616988539695734,-0.14922380447387706,0.2751422375440598,-0.08785784244537342,0.017778515815734808,0.009747743606567383,0.13233637809753412,-0.061344027519226074
1656268033.png,0.1514298021793365,-0.05888843536376953,0.0011217892169952393,-0.038123130798339844,-0.006403177976608221,-0.039171263575553894,-0.06785550713539118,-0.053112700581550654,-0.06900018453598017,-0.055357888340949984,0.08185279369354248,0.04061177372932434,-0.08185279369354251,-0.04061177372932434,0.05405446887016291,0.22926297783851624,0.055241689085960416,0.2921578586101532,0.043704658746719416,-0.24285802245140076,0.3067362159490585,0.02983534336090099,-0.06975106894969943,0.4031333625316621,-0.03736476600170133,0.4994895160198213,0.284397467970848,-0.1552531123161318,0.27909065783023834,-0.10298264026641857,0.0024823546409608044,0.005897045135498158,0.1344243586063385,-0.061462998390197754
1656268034.png,0.14969487488269806,-0.058330267667770386,0.0006899237632751465,-0.03712919354438776,-0.006716907024383545,-0.03858247399330131,-0.06739485263824463,-0.0525504797697067,-0.06715473532676697,-0.05463771522045141,0.08368156850337982,0.04162037372589111,-0.0836815685033798,-0.04162037372589111,0.05357003211975103,0.22456943988800054,0.05403980612754822,0.2935799360275269,0.1109942197799681,-0.006118834018707275,0.31020230054855347,0.032025396823882946,-0.060807809233665494,0.4017037749290467,-0.03429862111806875,0.4998627305030821,0.2691001445055008,-0.1567976474761963,0.2550821527838707,-0.055243611335754284,0.004122376441955566,0.006509542465210072,0.15341013669967668,-0.10978507995605469
1656268035.png,0.1502507850527764,-0.05697152018547058,0.001097857952117809,-0.03762574493885043,-0.006810009479522761,-0.03873673081398013,-0.06756100058555603,-0.05310209095478055,-0.06779646873474121,-0.05599431693553919,0.0828978642821312,0.04071417450904846,-0.08289786428213117,-0.04071417450904852,0.052514225244522095,0.2222856581211089,0.057017832994461004,0.2934119403362275,0.09848886728286743,-0.006233930587768444,0.30378659069538116,0.02669203281402599,-0.06961828470230105,0.3987954556941984,-0.03474783897399908,0.49759003520011896,0.27886414527893066,-0.15259641408920266,0.3948829323053359,-0.1693015098571775,0.004919648170471191,0.0065552592277526855,0.013004094362259022,0.006282508373260387
1656268036.png,0.15097712725400925,-0.056785076856613104,0.0007859170436859131,-0.03775604069232946,-0.00654092431068426,-0.038476511836052024,-0.06787809729576111,-0.051781460642814636,-0.06760871410369862,-0.054378658533096286,0.08226951211690903,0.04068076610565191,-0.08226951211690905,-0.040680766105651855,0.05545744299888611,0.22811999917030318,0.05756093561649325,0.29315051436424255,0.1503331065177917,0.012459933757782093,0.3031979203224184,0.028379976749420166,-0.069091796875,0.3984962403774262,-0.035847119987010914,0.49596354365348827,0.2801121473312378,-0.15103721618652355,0.2795199528336525,-0.10083085298538219,0.0038033127784729004,0.006465494632721058,0.12882888317108154,-0.05954498052597046
1656268037.png,0.15089670196175575,-0.10744456946849823,-0.0003316998481749933,-0.03345052897930145,-0.019216179847717285,-0.038540199398994474,-0.06883579492568981,-0.0214265584945679,-0.09062761068344122,-0.030053898692130987,0.09116983786225319,0.03445096313953405,-0.09116983786225319,-0.034450963139534,0.04567337036132807,0.2305991649627685,0.07242893427610397,0.2943405210971832,0.052849978208541926,-0.2371068298816681,0.3064778000116348,0.023633301258087158,-0.055625379085540855,0.4173776507377623,-0.029994495213031755,0.489145129919052,0.26991993188858043,-0.15754437446594216,0.25330005586147303,-0.08814877271652222,0.001963496208190918,0.002062678337097057,0.16989508271217352,-0.06955498456954956
1656268038.png,0.1544511318206787,-0.10441567003726956,-0.00115805864334112,-0.0334878861904144,-0.017232298851013184,-0.03960737586021423,-0.07084405422210693,-0.026270389556884793,-0.09266185760498047,-0.033130049705505316,0.09055262804031372,0.03741636872291565,-0.09055262804031373,-0.03741636872291565,0.04787576198577881,0.22701856493949907,0.06982934474945067,0.29742220044136053,0.045554578304290716,-0.24189344048500078,0.30837056040763855,0.021817386150359996,-0.050972804427146856,0.4342956244945528,-0.0279056578874588,0.51955983042717,0.2629923075437545,-0.1814897656440736,0.4086639732122421,-0.19075638055801403,0.0036444664001464844,0.006099402904510498,0.008766740560531616,0.0016436576843261719
1656268039.png,0.15564824268221866,-0.10796608030796051,-0.0006207525730134722,-0.033533692359924344,-0.01772642135620134,-0.0382411926984787,-0.07416594028472895,-0.023929953575134277,-0.0923733115196228,-0.03010745346546173,0.08925769850611687,0.035167753696441595,-0.08925769850611685,-0.03516775369644165,0.04918640851974487,0.2282750010490418,0.06980372220277785,0.29427772760391235,0.04616725444793707,-0.24153786897659307,0.3088647574186325,0.02180236577987671,-0.049902111291885376,0.435939371585846,-0.02732167392969133,0.5179298520088196,0.2642193436622621,-0.17957133054733276,0.40797084569931025,-0.19028240442276,0.003668248653411754,0.00487905740737915,0.009718030691146906,0.0006598830223083496
1656268040.png,0.15381464362144467,-0.10755361616611475,-0.0003750324249267023,-0.03332737088203433,-0.018554091453552246,-0.03907620906829837,-0.06890234351158142,-0.023500889539718656,-0.09325554966926572,-0.03095741569995883,0.092443972826004,0.036349952220916804,-0.092443972826004,-0.03634995222091675,0.0445906817913056,0.22868779301643355,0.07200491428375244,0.2958901822566986,0.046033710241317694,-0.24161478877067555,0.30238085985183705,0.01923888921737671,-0.04488155245780939,0.4357247650623321,-0.027752235531806946,0.5166380703449249,0.2514876425266266,-0.18136930465698242,0.24305276572704315,-0.031128764152526855,0.00391310453414917,0.0021257400512695312,0.17303356528282166,-0.15586447715759288
1656268041.png,0.1294697653502226,-0.09040409326553345,0.01044359803199768,-0.03766091167926788,-0.017008155584335383,-0.051002264022827204,-0.049111977219581576,-0.03548912703990939,-0.08661781251430506,-0.05813746154308311,0.08778932504355907,0.06779339909553528,-0.08778932504355907,-0.06779339909553528,-0.01909027993679044,0.300019234418869,-0.014298137277364738,0.3059369623661041,0.13240295648574826,-0.0633123517036438,0.27716708928346634,-0.004411876201629639,-0.0684794932603836,0.45392486453056324,-0.02825150080025197,0.5589177906513213,0.20045804977416998,0.08514231443405151,0.19679114036262033,0.05264163017272949,-0.09467709064483654,0.05260157585144032,0.014052987098693875,0.0715516805648806
1656268042.png,0.13187048584222794,-0.078729197382927,0.007235974073410034,-0.03854458034038541,-0.012406677007675226,-0.0482361763715744,-0.05428698658943176,-0.041347503662109375,-0.07997025549411768,-0.061341270804405185,0.07779484242200849,0.0722508579492569,-0.0777948424220085,-0.07225085794925695,-0.026575520634651212,0.26675114035606373,0.01874560862779616,0.29262077808380144,0.12005159258842468,0.0526242256164553,0.23338239639997477,0.02124255895614613,-0.06771785020828244,0.45256128907203674,-0.039961189031600966,0.5496770739555359,0.19112770259380346,0.11562705039978027,0.19077467918395996,0.12750411033630393,-0.12162905931472781,0.006359219551086426,0.023987948894500732,0.023509383201598788
1656268043.png,0.13813158869743347,-0.0748280137777329,0.007133275270462092,-0.03836528956890109,-0.014790087938308771,-0.04673449695110321,-0.05267718434333807,-0.029366403818130438,-0.08404234051704401,-0.05754883587360385,0.07971264421939847,0.06525145471096044,-0.0797126442193985,-0.06525145471096044,-0.010922074317932101,0.2844375669956207,-0.037455443292856216,0.3056097626686096,0.10739634931087488,0.011721432209014782,0.26908700540661806,0.007218122482299805,-0.05400572717189786,0.47328469157218944,-0.04204360023140907,0.5708356499671935,0.20869669318199163,0.10972893238067605,0.26550959423184395,0.10799127817153953,-0.1390848159790039,0.010698258876800537,-0.027320772409439087,0.025021493434905562
1656268044.png,0.14021887630224222,-0.07466949522495275,0.006836146116256769,-0.036862283945083535,-0.014990150928497259,-0.045534044504165594,-0.05432376265525818,-0.028123259544372586,-0.0828336775302887,-0.053101778030395536,0.07634487003087997,0.06326191127300262,-0.07634487003087995,-0.06326191127300262,-0.018875285983085632,0.2913205325603485,-0.06398419290781024,0.30630940198898315,0.14312700927257532,-0.04023301601409901,0.29227986186742777,-0.00018203258514404297,-0.078028529882431,0.4591608941555023,-0.04848845303058626,0.5528069138526915,0.23595330119132993,0.1152069568634031,0.26513320207595825,0.1460038423538207,-0.12990373373031616,0.017693042755127175,-0.0393290519714356,0.01815527677536044
1656268045.png,0.13803678750991824,-0.07563249766826613,0.005781412124633789,-0.03845389187335971,-0.015210866928100641,-0.0460154861211777,-0.054686039686203,-0.03070619702339178,-0.0825080126523971,-0.05470076203346255,0.07590168714523313,0.06772942841053009,-0.07590168714523311,-0.06772942841053003,-0.01319690048694605,0.2827163040637971,-0.0082329660654068,0.30277699232101435,0.11607311666011805,-0.009074628353118896,0.24450294673442835,-0.003751218318939098,-0.05710402131080622,0.4506860673427582,-0.0499006286263466,0.5699360966682434,0.191900372505188,0.10902285575866721,0.23162732273340225,0.0701662302017213,-0.13868515193462372,0.029757022857665683,-0.029069989919662476,0.07970935106277421
1656268046.png,0.13622916489839562,-0.07315650582313538,0.006545513868331909,-0.04050479829311371,-0.015062749385833796,-0.04791687428951266,-0.05349579453468328,-0.030717581510543823,-0.08287610113620758,-0.05801746249198911,0.08039567619562149,0.06530818343162537,-0.08039567619562148,-0.06530818343162537,-0.021747484803199796,0.27832654118537903,-0.02131953835487363,0.30232104659080505,0.1397850662469864,-0.013238847255706898,0.2594823092222213,-0.002008795738220215,-0.05156999826431266,0.4512477219104766,-0.026239551603794084,0.5654499828815459,0.21779507398605336,0.08974111080169667,0.2731662914156914,0.06657838821411133,0.22386527061462397,-0.29732966423034635,-0.008797019720077515,0.018404662609100342
1656268047.png,0.14208726212382317,-0.07342994213104242,0.006544083356857244,-0.03798124194145208,-0.016421139240264893,-0.04734084010124215,-0.052934736013412365,-0.027327343821525518,-0.0837174654006958,-0.05472557246685028,0.07735353335738182,0.06270158290863037,-0.07735353335738183,-0.06270158290863037,-0.01891516149044034,0.2915423810482025,-0.05842581763863562,0.30057016015052795,0.12585848569869992,-0.01647198200225819,0.2794024460017681,0.008881747722625732,-0.07837231457233429,0.4577614963054657,-0.05879504233598708,0.5501402914524078,0.2362210750579834,0.08417242765426647,0.26236335933208466,0.10549527406692472,-0.13118892908096308,0.053602635860443226,-0.023985356092453003,0.048812985420227384
1656268048.png,0.14489472657442093,-0.11397372186183924,-0.004400312900543157,-0.03736737370491028,-0.019703090190887507,-0.0441067963838577,-0.07264672219753271,-0.013320326805114746,-0.09327676892280576,-0.022698834538459806,0.07429075986146927,0.0651678740978241,-0.07429075986146927,-0.0651678740978241,-0.03450760245323181,0.28313580155372625,-0.06279793009161949,0.31415936350822454,0.14907458424568176,-0.03439366817474365,0.2989636175334453,-0.002798736095428467,-0.07366502285003662,0.479794889688492,-0.05924766510725022,0.5766661465167999,0.2503785789012909,0.05449146032333363,0.3134800270199776,0.05792874097824108,-0.1515752673149109,0.05472970008850098,-0.03063714504241949,0.02270793914794922
1656268049.png,0.14561734721064565,-0.0736251026391983,0.008329778909683228,-0.03565454483032232,-0.01684758067131037,-0.05114746093750003,-0.04633724689483637,-0.024227857589721624,-0.08288019895553592,-0.050607204437255804,0.07022399827837941,0.06859160959720612,-0.07022399827837943,-0.06859160959720617,-0.046556621789932195,0.2762620747089385,-0.07972629368305206,0.31631666421890264,0.13572350144386286,-0.04541754722595204,0.2852630093693733,0.0018428564071656384,-0.07756111025810236,0.4910805523395537,-0.07100559026002883,0.5719031691551208,0.21967363357543945,0.0779768228530886,0.2866779863834381,0.14417684078216553,-0.11449882388114935,0.010862350463867076,-0.05532380938529968,0.0011287927627562366
1656268050.png,0.14563777670264247,-0.06557697057723993,0.008741259574890137,-0.03584925830364233,-0.015557169914245605,-0.05065314471721655,-0.05059850215911865,-0.02839846909046176,-0.08357347548007965,-0.05282631516456607,0.06969666108489034,0.05713933706283564,-0.06969666108489035,-0.05713933706283569,-0.0465797930955886,0.23892110586166387,-0.086249902844429,0.3124195933341981,0.13672636449337008,-0.03198051452636719,0.2992913499474525,-0.00876140594482433,-0.07249101996421811,0.4626981616020203,-0.06932497397065161,0.5480695366859435,0.2359979748725892,0.08031225204467785,0.28126272186636925,0.08134889602661155,-0.10568821430206304,0.05413275957107533,-0.02977049350738531,0.05085206031799305
1656268051.png,0.1453103944659233,-0.0671892762184143,0.008513450622558594,-0.03534884750843048,-0.01498323678970337,-0.04924324154853821,-0.050628215074539185,-0.027534320950508118,-0.08294537663459778,-0.05227918922901156,0.06958778947591782,0.05773603916168213,-0.06958778947591782,-0.05773603916168213,-0.05029001832008359,0.23985317349433888,-0.08278786763548851,0.3161148726940155,0.12727320194244376,-0.016070365905761608,0.2880283109843731,0.0012247562408447266,-0.08600622415542603,0.46881917119026173,-0.08192693442106247,0.5525341928005219,0.2347793281078338,0.07541078329086282,0.29034391790628433,0.07669591903686512,0.23723793029785162,-0.2934753894805905,-0.018299847841262817,0.02155125141143821
1656268052.png,0.16843640804290766,-0.09384419023990631,-0.011031746864318792,-0.03968894481658933,-0.016693741083145086,-0.041170686483383234,-0.08280259370803827,-0.009707331657409696,-0.08993178606033325,-0.0148372203111648,0.06337115168571472,0.055395662784576416,-0.06337115168571475,-0.055395662784576416,-0.05842554569244385,0.24004757404327393,-0.1056396849453449,0.3134355545043944,0.1636130809783935,0.010038137435913197,0.2843998558819294,0.013711154460907204,-0.10237979888916018,0.49421656131744385,-0.09862157329916951,0.5697066187858582,0.2383205592632294,0.09045481681823708,0.2758672498166561,0.08111214637756348,-0.12582448124885565,0.022775292396545632,-0.046083807945251465,0.07072418928146362
1656268053.png,0.14887422323226926,-0.06806011497974396,0.008775204420089833,-0.035207673907280024,-0.015919059514999334,-0.04920546710491183,-0.046321511268615834,-0.025244206190109225,-0.08183224499225622,-0.048150822520256015,0.0669056177139282,0.06141845881938929,-0.0669056177139282,-0.06141845881938934,-0.05661694705486295,0.21478882431983942,-0.08982229977846146,0.31962162256240845,0.15617258846759804,0.033554553985595814,0.2953609600663185,0.00013005733489979132,-0.08319386839866633,0.459796577692032,-0.08288148790597916,0.5477405190467833,0.2222389578819275,0.11523956060409546,0.2720998004078865,0.10618948936462391,-0.12923040986061096,0.015737533569335715,-0.04497849941253662,0.05893528461456321
1656268054.png,0.1445893980562687,-0.06204277276992798,0.011364728212356567,-0.036308571696281405,-0.01569759845733648,-0.05165247619152069,-0.047695279121398926,-0.02418860793113714,-0.08421310782432553,-0.05022954940795896,0.06882912293076515,0.06053513288497919,-0.06882912293076515,-0.06053513288497919,-0.05100375413894653,0.21911355853080755,-0.0936339981853962,0.3090116679668426,0.16037094593048096,0.0018382072448730469,0.2931138835847377,0.003575921058654785,-0.08077952265739444,0.44002720713615423,-0.0760737732052803,0.5367108881473539,0.2206551134586334,0.07586151361465454,0.2654835134744644,0.03859251737594627,-0.12464594841003412,0.08313822746276855,-0.052408009767532404,0.1478847861289977
1656268055.png,0.1652441769838332,-0.10431224107742304,-0.011017501354217418,-0.03845946490764618,-0.016670167446136308,-0.040005773305893,-0.08003199100494379,-0.008887216448783875,-0.0921323597431184,-0.012142539024352972,0.0660792738199234,0.06174729764461517,-0.0660792738199234,-0.06174729764461517,-0.05426520109176633,0.22555080056190496,-0.09925288334488869,0.3082603812217713,0.1810386776924133,0.015593767166137695,0.2759890593588352,0.008234858512878529,-0.08523684740066528,0.47820505499839777,-0.0798516683280468,0.5667399764060976,0.23308762907981873,0.09504491090774514,0.26040489599108696,0.10921210050582886,-0.1392881572246551,0.02047049999237094,-0.04222020506858831,0.04411613941192638
1656268056.png,0.15891627967357638,-0.08574403822422028,0.004194080829620306,-0.03690068423748022,-0.018447279930114746,-0.04441668093204501,-0.05630445480346674,-0.012402340769767678,-0.08894822001457214,-0.033846139907836886,0.0673805624246597,0.06268487870693207,-0.0673805624246597,-0.06268487870693201,-0.05120530724525443,0.22070184350013733,-0.08707787469029427,0.3204628229141235,0.19099619984626756,0.012546062469482422,0.290016669780016,-0.004779517650604248,-0.08878950774669639,0.4753443896770476,-0.08556311205029488,0.5476118922233582,0.2268844395875931,0.09402370452880848,0.25293098762631416,0.12894171476364102,-0.09034675359725958,0.015479564666748158,-0.024655252695083563,0.04103207588195856
1656268057.png,0.16665850579738606,-0.10282397270202637,-0.009003043174743597,-0.03855311870574954,-0.017285227775573675,-0.04002070426940915,-0.08271118998527527,-0.007598280906677218,-0.09208911657333368,-0.012151554226875388,0.06235380470752716,0.06051759421825409,-0.06235380470752719,-0.06051759421825409,-0.05404315888881689,0.23131024837493896,-0.10002809762954715,0.31494060158729553,0.181061789393425,0.027943193912506104,0.2903044521808624,0.007344722747802734,-0.08753986656665805,0.48119860887527455,-0.09645121544599536,0.5683939754962922,0.2220744937658309,0.10194617509841897,0.2712880298495292,0.12895250320434548,-0.10167130827903742,0.008937299251556396,-0.04199677705764765,0.0218527913093568
1656268058.png,0.1512951590120793,-0.05110703408718109,0.007817804813384954,-0.0402135848999024,-0.01026147603988653,-0.05174772441387182,-0.0607696771621703,-0.0412725955247879,-0.08315694332122803,-0.05733072757720953,0.06792334094643593,0.06665255129337316,-0.06792334094643593,-0.06665255129337316,-0.05416713654994962,0.2676803469657896,-0.09079614467918873,0.3326347768306731,0.1743066757917404,0.008406996726989968,0.2953664157539606,0.0015108585357667126,-0.0791553407907486,0.47780483961105347,-0.09151437692344189,0.5744346082210542,0.20557717978954315,0.09885340929031361,0.24506271444261074,0.1529465317726132,-0.11105769872665405,0.012655258178711049,-0.029186010360717746,-0.003254234790802113
1656268059.png,0.1454995200037956,-0.10124401748180387,0.0008930861949920654,-0.03822466731071475,-0.01961353421211237,-0.04657539725303647,-0.05501112341880793,-0.011823326349258367,-0.09522120654582977,-0.028851181268692044,0.07185887545347211,0.06850534677505488,-0.0718588754534721,-0.06850534677505488,-0.02942666411399833,0.2851949632167816,-0.03984258323907855,0.3067813217639922,0.13680577278137204,-0.020904064178466797,0.2492008432745933,0.006741881370544434,-0.06688153743743888,0.4626830518245698,-0.0667291879653931,0.5654665529727935,0.17581269145011905,0.11247020959854159,0.22456051409244537,0.11591601371765148,-0.09643146395683294,0.009653151035308727,-0.004124760627746582,0.023272156715393177
1656268060.png,0.16368446499109263,-0.10550868511199948,-0.01082849502563471,-0.03939417004585266,-0.017775326967239324,-0.04077036678791049,-0.08360603451728826,-0.00613336265087136,-0.09592729806900024,-0.009993433952331598,0.07036245614290237,0.06619779765605927,-0.07036245614290237,-0.06619779765605921,-0.04348376393318176,0.27423173189163197,-0.05962786823511122,0.31792697310447676,0.18249914050102234,-0.014038681983947643,0.254556618630886,0.007529735565185658,-0.07318374514579776,0.4970082640647887,-0.07602145522832872,0.6005431115627287,0.19059514999389662,0.09622770547866832,0.2261449471116066,0.13369643688201915,-0.14689478278160112,0.0021287202835083008,-0.029138267040252686,-0.02121317386627186
1656268061.png,0.16129390150308606,-0.07165643572807312,0.000290066003799494,-0.04068414866924289,-0.014422506093978826,-0.04727952182292938,-0.07362133264541626,-0.026304006576538114,-0.08959770202636708,-0.03624951839447019,0.06524176150560376,0.05561044812202448,-0.06524176150560376,-0.055610448122024536,-0.05259390175342557,0.2269789874553681,-0.09619034081697464,0.32665279507637013,0.1477295309305192,-0.01639181375503551,0.29229506105184555,-0.02096128463745106,-0.09501716494560239,0.47344586253166204,-0.07785359770059586,0.5547392070293425,0.243163675069809,0.07302987575531028,0.29674046486616135,0.07173091173172019,0.019919872283935547,0.026712000370025413,-0.08042904734611511,0.09233134984970082
1656268062.png,0.1598968356847763,-0.07756471633911127,-0.0019760727882385254,-0.039071872830390986,-0.014714121818542536,-0.04393231868743902,-0.07591310143470759,-0.02371320128440857,-0.09026864171028132,-0.03358046710491183,0.06382249295711517,0.06114840507507319,-0.0638224929571152,-0.06114840507507324,-0.05618646740913394,0.22931903600692755,-0.08466085791587827,0.32522231340408314,0.1712617874145508,0.010335028171539307,0.27727571129798884,-0.0008848905563353382,-0.0663039237260819,0.48923116922378557,-0.070258192718029,0.5787596702575684,0.2162091583013535,0.1025239825248715,0.2867731973528862,0.13835328817367554,-0.1369137167930603,0.011486530303955411,-0.06244450807571411,-0.0086292624473574
1656268063.png,0.13947946578264236,-0.06585447490215302,0.00588497519493103,-0.036890104413032504,-0.012871652841567993,-0.04526019096374512,-0.0524560809135437,-0.03340256214141854,-0.08007052540779117,-0.0563197135925293,0.07101767510175708,0.06739111244678497,-0.07101767510175706,-0.06739111244678497,-0.0037192851305007935,0.25388455390930176,8.979439735415373e-05,0.29311344027519226,0.10991084575653073,0.012761533260345459,0.2359808385372162,0.014563679695129395,-0.06206470727920535,0.44450944662094105,-0.0518030636012554,0.553396612405777,0.21299968659877777,0.06306993961334229,0.23121754452586168,0.05406075716018688,0.24244874715805054,-0.28120619058609,0.01323091983795166,0.04657602310180664
1656268064.png,0.14100802689790728,-0.06669275462627411,0.006540656089782659,-0.036757662892341586,-0.013696700334549006,-0.04649706184864044,-0.05262953042984009,-0.03368182480335241,-0.08220741152763361,-0.0548601895570755,0.07160381227731705,0.06274692714214325,-0.07160381227731703,-0.06274692714214325,-0.009428516030311529,0.23920202255249023,-0.021117620170116397,0.29422488808631886,0.11491079628467551,0.02649807929992687,0.26406026631593704,0.0010914206504821777,-0.050417885184288025,0.4519333839416504,-0.03628715872764586,0.5500735342502594,0.21900425851345065,0.08727008104324341,0.2503819912672043,0.1039261221885679,0.21307101845741272,-0.3008469343185425,-0.05270740389823919,0.06706428527832053
1656268065.png,0.13766575604677206,-0.07499858736991888,0.008405745029449407,-0.03757421672344202,-0.01703041791915899,-0.04730682075023651,-0.04382708668708801,-0.02566254138946536,-0.08258101344108584,-0.05331337451934812,0.07190994173288345,0.06340843439102178,-0.07190994173288347,-0.06340843439102178,-0.017350211739540128,0.23642662167549128,-0.02340874075889586,0.29935416579246527,0.13708938658237466,0.03340554237365723,0.2574972957372665,-0.00494527816772472,-0.04793582856655121,0.452184110879898,-0.03707996383309362,0.5650160610675814,0.2216246873140335,0.10816168785095193,0.27222644165158266,0.11173897981643655,0.22490686178207386,-0.32798361778259244,-0.06403243541717518,0.0402781367301942
1656268066.png,0.14825397729873657,-0.07026691734790802,0.003341913223266546,-0.03662164509296423,-0.01720976829528803,-0.04812721908092496,-0.05174487829208374,-0.025521516799926702,-0.08280619978904732,-0.051243141293525724,0.07173973321914673,0.05880980193614954,-0.07173973321914674,-0.0588098019361496,-0.05365613102912903,0.21978986263275152,-0.06272536516189572,0.29216459393501293,0.16483572125434875,0.012375175952911266,0.2672977745532989,0.018530845642089844,-0.07155516743659976,0.4351962804794313,-0.0520883686840534,0.5360567271709442,0.24299687147140495,0.061804473400115856,0.27565907314419746,0.09112793207168579,-0.13662564754486073,0.10227924585342385,-0.03466889262199402,0.028176426887512207
1656268067.png,0.15187250450253484,-0.10575568675994873,-0.007641404867172297,-0.040261313319206266,-0.01925155520439148,-0.04335932433605197,-0.07893072068691251,-0.00991630554199216,-0.09188616275787351,-0.01785257458686826,0.0664743073284626,0.06822511553764343,-0.06647430732846261,-0.06822511553764343,-0.03330191969871521,0.2880741059780121,-0.08245602250099185,0.3048236668109895,0.13353961706161502,-0.09753638505935669,0.27494928985834116,0.010333776473998912,-0.0939487516880036,0.4705229699611664,-0.07424472272396088,0.5580160915851593,0.25531286001205444,-0.01648545265197754,0.29918821901082987,-0.02986586093902599,0.21635448932647705,-0.2165369987487793,-0.07183709740638727,0.19375205039978027
1656268068.png,0.1414783075451851,-0.12512633204460144,-0.002703517675399836,-0.03744478523731232,-0.02193665504455572,-0.043961584568023654,-0.07067547738552088,-0.01200549304485321,-0.0962684601545333,-0.01709519326686862,0.07980499416589737,0.048113882541656494,-0.07980499416589736,-0.048113882541656494,0.08310440182685852,0.27175262570381165,-0.0382017269730568,0.30666080117225647,0.09655687212944031,-0.0844259262084961,0.3170558735728264,-0.07061427831649791,-0.029156923294067355,0.47498902678489674,-0.0050058960914611955,0.5653375685214995,0.24880936741828916,0.0620178580284122,0.2843165844678878,0.04227769374847434,0.18077701330184937,-0.2855610847473147,0.012603640556335505,0.031509339809417725
1656268069.png,0.13763425871729848,-0.11755178868770597,-0.004108726978302002,-0.03876924514770516,-0.023780614137649536,-0.04359349608421331,-0.074732095003128,-0.005774825811386053,-0.09160269796848297,-0.007736995816230746,0.09439427778124812,0.04508185386657715,-0.0943942777812481,-0.04508185386657715,0.052110970020294134,0.2259487807750702,0.06637790054082869,0.2432478964328767,0.1513301432132721,0.015775859355926514,0.3044223487377167,0.07403469085693348,-0.14573064446449285,0.42056813836097706,-0.1051767021417618,0.4769960939884187,0.23929518461227417,-0.09013646841049183,0.16003210097551346,-0.23867726325988792,0.12003207206726074,-0.012178003787994385,0.33501234650611883,0.0949767827987672
1656268070.png,0.15451182425022122,-0.09110988676548004,-0.00888955593109142,-0.038093522191047724,-0.01578807830810547,-0.03984513878822332,-0.07148429751396168,-0.01936173439025876,-0.07588100433349615,-0.023462936282157842,0.09067137539386752,0.03654782474040985,-0.09067137539386752,-0.03654782474040985,0.04326754808425898,0.20528820157051086,0.05852776765823364,0.26040178537368763,0.1413711309432984,0.02263563871383667,0.30544996261596696,0.03611779212951671,-0.13241517543792727,0.417293816804886,-0.07790239155292511,0.47637617588043213,0.2150925397872924,-0.03695821762084972,0.1417382061481476,-0.02769047021865856,0.15556719899177568,-0.14869731664657593,0.3077007085084915,-0.14361017942428578
1656268071.png,0.15399155020713812,-0.08811138570308691,-0.008920103311538752,-0.03984999656677243,-0.017942756414413508,-0.042308330535888644,-0.07570040225982666,-0.017580315470695496,-0.08486726880073547,-0.021631479263305636,0.08823400735855103,0.039378032088279724,-0.08823400735855103,-0.03937803208827978,0.043863534927368164,0.20483216643333424,0.05373138189315796,0.26385259628295915,0.14232942461967468,0.022344768047332875,0.3033003509044647,0.03718376159667969,-0.1374078691005707,0.39796409010887146,-0.10252290219068527,0.4619354605674744,0.2140955030918121,-0.08674317598342896,0.14877509325742722,-0.18687719106674194,0.14350354671478277,-0.07908362150192272,0.32185757160186773,0.03525876998901356
1656268072.png,0.15492459386587137,-0.0937932431697846,-0.009734630584716797,-0.04103840887546534,-0.02137970924377436,-0.04255954921245572,-0.07841843366622925,-0.013921499252319336,-0.08701056241989136,-0.01838433742523196,0.09104504436254501,0.03308445215225214,-0.09104504436254504,-0.0330844521522522,0.04049423336982727,0.21065771579742437,0.05594900250434878,0.25719040632247925,0.1323034167289734,0.03353911638259888,0.30629850924015045,0.03751802444458008,-0.13839086890220642,0.4040480852127076,-0.09181825444102285,0.47202324867248546,0.19891268014907837,-0.05813211202621449,0.1418817155063152,-0.20168572664260875,0.1579940915107727,-0.10938864946365368,0.32072116434574127,0.03327620029449463
1656268073.png,0.1547072902321816,-0.09542497992515564,-0.010271161794662587,-0.04121521115303045,-0.022514522075653187,-0.04459069669246671,-0.07714357972145075,-0.012266322970390264,-0.08672118186950684,-0.015030264854431152,0.09084416180849075,0.03369331359863281,-0.09084416180849075,-0.03369331359863281,0.04081872105598444,0.20916062593460094,0.05725966393947596,0.2580752968788146,0.14183446764945995,0.02411210536956787,0.30401957035064703,0.03730309009552002,-0.13690833747386932,0.40458273887634266,-0.09184041246771812,0.4713791012763977,0.19705165922641749,-0.060014307498931885,0.1429055593907833,-0.20026612281799316,0.15975886583328253,-0.10678768157958973,0.07281482219696045,0.17525815963745106
1656268074.png,0.15426553040742863,-0.09447714686393738,-0.009834736585617065,-0.04133026301860815,-0.023048847913742065,-0.04486252367496493,-0.0768270194530486,-0.012154862284660284,-0.0868798792362212,-0.014737606048584012,0.09065023809671402,0.03369668126106262,-0.09065023809671405,-0.03369668126106268,0.04478257894515986,0.20660021901130676,0.05619025230407709,0.2590946257114411,0.13766628503799438,0.026395142078399658,0.30476872622966766,0.03639209270477284,-0.13440144062042242,0.4036739766597748,-0.09329750016331675,0.46029248833656317,0.2134973704814911,-0.08469206094741821,0.14434484019875526,-0.18726456165313732,0.14145493507385254,-0.0821797251701355,0.32057186961174006,0.031654179096222035
1656268075.png,0.15475294739007944,-0.09503036737442017,-0.009625345468521063,-0.041175052523613004,-0.02303734421730036,-0.04493650794029236,-0.07757368683815008,-0.012709975242614718,-0.08655247092247015,-0.015258237719535828,0.09105844050645823,0.03454321622848511,-0.09105844050645825,-0.03454321622848505,0.043977975845336914,0.20519253611564625,0.05735491216182706,0.2594729363918304,0.13824686408042913,0.02784121036529552,0.30293795466423035,0.03766655921936046,-0.13646517693996424,0.3995639979839324,-0.09425622224807742,0.45649930834770197,0.21814806759357447,-0.08659929037094105,0.14594645798206327,-0.18403661251068115,0.1362431943416596,-0.07857894897460938,0.31917062401771534,0.03360706567764282
1656268076.png,0.1526336520910262,-0.06596642732620245,-0.005987286567687822,-0.04039314389228815,-0.012230128049850353,-0.04141759872436518,-0.06248876452445984,-0.030333057045936584,-0.06483423709869385,-0.03231012821197515,0.0879964679479599,0.0435530841350556,-0.08799646794795993,-0.04355308413505554,0.03953385353088379,0.20154210925102228,0.044640854001045255,0.26835766434669506,0.14242544770240778,0.017381250858306885,0.30968059599399567,0.03512030839920033,-0.13961344957351685,0.4042665064334869,-0.08804659545421598,0.4888075292110444,0.2504932582378387,-0.06296753883361828,0.12958064675331116,-0.21149301528930675,0.10718938708305364,-0.11559545993804932,0.32279016077518463,0.033629417419433594
1656268077.png,0.15315445512533188,-0.06615054607391363,-0.006171435117721613,-0.04084378480911249,-0.013016819953918457,-0.04175230860710144,-0.06303924322128296,-0.028984859585762024,-0.06615769863128662,-0.03178381919860834,0.0883767232298851,0.04372662305831909,-0.08837672322988513,-0.04372662305831909,0.0391024649143219,0.20223626494407654,0.04898545145988467,0.26639696955680847,0.14365613460540766,0.016727924346923828,0.3064807206392288,0.03665804862976074,-0.13828277587890628,0.40785565972328186,-0.08642826229333875,0.4936892092227937,0.24849516153335574,-0.06472378969192516,0.12933706492185593,-0.2157863974571229,0.10796102881431568,-0.117964446544647,0.32309746742248535,0.03252309560775757
1656268078.png,0.14726421236991882,-0.09824900329113007,-0.00634229183197027,-0.03934459388256076,-0.020472615957260132,-0.042556211352348355,-0.07225212454795832,-0.012531876564025823,-0.08982792496681216,-0.017314076423644992,0.09261703491210938,0.030346021056175176,-0.09261703491210939,-0.030346021056175232,0.04522287845611572,0.217624843120575,0.06367821991443635,0.26210954785346985,0.14110159873962408,0.024127960205078125,0.3062294870615005,0.03469449281692494,-0.12321771681308746,0.41416299343109136,-0.08422859758138655,0.4734564721584318,0.20091350376605988,-0.06345248222351074,0.15679944306612012,-0.02773308753967252,0.14481568336486816,-0.10556882619857799,0.3090219646692275,-0.13898736238479625
1656268079.png,0.14865589141845711,-0.08484412729740143,-0.0055248141288758434,-0.041904464364051874,-0.01468768715858465,-0.04326312243938449,-0.07297745347023005,-0.025034308433532715,-0.07691890001296997,-0.02968597412109375,0.08907306194305417,0.036780938506126404,-0.08907306194305417,-0.036780938506126404,0.04492017626762396,0.2075614631175995,0.05099041759967804,0.26472240686416626,0.1396087408065796,0.023579955101013073,0.30875636637210857,0.034843266010284424,-0.13135610520839683,0.4144391715526581,-0.08006874844431877,0.47423917055130027,0.22783745825290677,-0.0808507204055785,0.1429341845214367,-0.02555525302886985,0.1253102719783783,-0.09874433279037487,0.30866953730583196,-0.13977134227752686
1656268080.png,0.1526675522327423,-0.07616747915744776,-0.007375270128250178,-0.04004651308059698,-0.014663845300674494,-0.042809814214706476,-0.06911543011665344,-0.025982841849327087,-0.07126551866531372,-0.028969690203666743,0.0883035957813263,0.03874002397060394,-0.0883035957813263,-0.03874002397060394,0.04242858290672297,0.20627406239509583,0.05019456148147586,0.26111435890197754,0.1449320018291474,0.019534647464752197,0.3093823194503783,0.03810018301010132,-0.12617570161819458,0.3974444568157196,-0.09611939638853073,0.4742894172668457,0.22224336862564087,-0.07044136524200428,0.14214224368333817,-0.20015287399291992,0.12610477209091175,-0.09658420085906994,0.3251243084669113,0.033429861068725586
1656268081.png,0.1519902870059014,-0.07460705935955048,-0.006860524415969904,-0.039690613746643066,-0.014297395944595392,-0.042434051632881165,-0.06878995895385742,-0.02644513547420499,-0.06979817152023304,-0.028661727905273465,0.08657308667898178,0.040758088231086786,-0.08657308667898175,-0.04075808823108673,0.04299035668373108,0.20356377959251398,0.05086302757263181,0.26417088508605957,0.14537158608436584,0.020716428756713867,0.30601347982883464,0.03728741407394398,-0.1372213959693909,0.3980260193347929,-0.10137154161930087,0.47965145111083973,0.23580682277679446,-0.07234352827072121,0.1469870358705521,-0.2012318968772887,0.1238410472869873,-0.09658116102218639,0.32185442745685566,0.0313226580619812
1656268082.png,0.15133294463157654,-0.07167387008667003,-0.006983071565628107,-0.03979727625846857,-0.012834995985031128,-0.04057025909423817,-0.0644185841083526,-0.029947593808174133,-0.06091028451919556,-0.032575294375419644,0.08765026926994324,0.04424822330474859,-0.08765026926994324,-0.04424822330474859,0.03932499885559082,0.20210981369018544,0.04758602380752561,0.26794570684432983,0.14477351307868958,0.017210662364959717,0.30687448382377625,0.03647863864898693,-0.13874821364879608,0.4062342047691343,-0.10009346902370453,0.47966593503952026,0.2503278106451034,-0.0874572992324828,0.14334462583065033,-0.199384868144989,0.10706493258476252,-0.09382402896881115,0.32281792163848877,0.032070696353912354
1656268083.png,0.1525911912322045,-0.040894597768783514,-0.0011666417121887207,-0.043193697929382324,-0.007144868373870905,-0.04339325428009039,-0.060813695192337036,-0.038374096155166626,-0.05819237232208241,-0.042002201080322266,0.08132454007863998,0.056483238935470526,-0.08132454007863996,-0.056483238935470526,0.038584440946579146,0.19092324376106273,0.03352837264537814,0.2681202590465547,0.14951539039611794,0.003210783004760742,0.308086633682251,0.036837100982665905,-0.15449973940849301,0.3783932030200958,-0.11649678647518155,0.4871871769428252,0.2592490613460541,-0.08486789464950562,0.14283011853694916,-0.20735079050064076,0.12739154696464539,-0.09392428398132313,0.3222183436155319,0.030726611614227295
1656268084.png,0.15551626682281497,-0.0408968031406402,-0.0016892850399018444,-0.04033315181732183,-0.0074780285358428955,-0.040223598480224665,-0.06241390109062189,-0.03825128078460688,-0.054472774267196655,-0.03857639431953419,0.0820947885513306,0.05838668346405029,-0.0820947885513306,-0.05838668346405029,0.036003679037094005,0.18991348147392279,0.03334580361843112,0.2696084678173066,0.14527192711830134,0.0027924180030822754,0.30726365745067596,0.035832583904266246,-0.1563252657651902,0.38102433085441606,-0.11792315170168877,0.49452891945838934,0.27486787736415863,-0.09017151594161998,0.14339784905314445,-0.21659016609191895,0.11270928382873535,-0.09368479251861572,0.32241398096084595,0.03234750032424927
1656268085.png,0.16044854372739786,-0.0266429483890534,-0.0017995834350585382,-0.03950518369674677,-0.004462838172912487,-0.038887619972229004,-0.062232136726379395,-0.04477471113204956,-0.05763009190559393,-0.04467767477035517,0.07216262072324753,0.05597016215324396,-0.0721626207232475,-0.05597016215324402,0.030147045850753784,0.1768499910831452,0.015642106533050454,0.26067987084388733,0.14663064479827875,0.011171102523803822,0.30335678160190593,0.03703719377517689,-0.11679728329181671,0.36061385273933405,-0.09465745836496356,0.4687521159648895,0.2337814718484878,-0.01988255977630604,0.27521421760320663,-0.02106475830078125,0.09408637881278997,-0.14556586742401123,0.14470869302749628,-0.1440868377685547
1656268086.png,0.16327045112848287,-0.034636929631233215,-0.0023887455463409424,-0.04117482900619501,-0.006189763545990046,-0.03891089558601374,-0.06264603137969976,-0.03933525085449224,-0.061060249805450384,-0.042942374944686945,0.07633952051401138,0.056681618094444275,-0.07633952051401138,-0.056681618094444275,0.030923008918762263,0.18843397498130793,0.020670294761657743,0.26148599386215216,0.14448213577270502,-0.0011050105094908558,0.30442117154598236,0.03569614887237538,-0.12897786498069766,0.37602987885475153,-0.09718086570501328,0.47177469730377214,0.24252349138259896,-0.017072856426239014,0.2669856622815132,-0.02413660287857078,0.1149840056896208,-0.16449719667434692,0.16242626309394842,-0.14331907033920288
1656268087.png,0.16326291486620914,-0.06680534780025482,-0.004997879266739058,-0.0462934672832489,-0.013281941413879561,-0.047835826873779325,-0.07129436731338495,-0.03601339459419253,-0.07418653368949885,-0.04053862392902374,0.09188265725970268,0.04785872995853424,-0.09188265725970267,-0.047858729958534185,0.047425270080566406,0.20574569702148449,0.05248903483152388,0.2794790565967559,0.14706435799598694,0.012970447540283092,0.3158043026924134,0.03228110074996948,-0.11814750730991361,0.41114526987075806,-0.07042308896780015,0.5061028897762299,0.24867807328701022,-0.04659038782119751,0.2211124449968338,-0.05574142932891857,0.10994035005569441,-0.137637197971344,0.22874629497528076,-0.1275174617767333
1656268088.png,0.15915118157863617,-0.08163101971149445,-0.006621211767196655,-0.04070489108562475,-0.01627409458160406,-0.04359845817089078,-0.07493168115615845,-0.031285643577575656,-0.08016461133956904,-0.036199361085891724,0.09209035336971283,0.04699774086475367,-0.09209035336971283,-0.04699774086475367,0.04015353322029119,0.20554855465888983,0.05032193660736084,0.2757133841514587,0.1437670588493346,0.015298247337341309,0.3153577148914337,0.03482508659362782,-0.1224709898233414,0.4085520803928377,-0.08382377400994301,0.5007477402687073,0.24962453544139865,-0.04227137565612815,0.21838650479912752,-0.050000548362732156,0.1090065836906432,-0.14091086387634266,0.24024161696434032,-0.13043200969696045
1656268089.png,0.15691529959440234,-0.08300212025642395,-0.007496982812881581,-0.04134832322597495,-0.016735941171646174,-0.04532094299793235,-0.07634755969047546,-0.026953980326652555,-0.08498135209083563,-0.03141513466835022,0.09122478216886523,0.045776426792144775,-0.09122478216886523,-0.045776426792144775,0.0409784317016601,0.20560228824615473,0.049437493085861234,0.2745680212974549,0.1429153978824616,0.01953619718551647,0.3146377056837081,0.03760695457458496,-0.12093190848827368,0.411040484905243,-0.08731209486722946,0.48772972822189337,0.2172555774450302,-0.03707087039947521,0.1866458728909492,-0.032544314861297496,0.1413210928440094,-0.14567470550537098,0.274152010679245,-0.13348865509033203
1656268090.png,0.15687388926744456,-0.05430696904659266,-0.002550244331359919,-0.043244749307632446,-0.008478611707687378,-0.04349231719970709,-0.0637083351612091,-0.04082266986370087,-0.06084814667701721,-0.041871741414070074,0.08784077316522598,0.050894275307655334,-0.08784077316522601,-0.050894275307655334,0.0375255942344665,0.19617211818695063,0.039649710059165955,0.2784422934055329,0.1501331627368927,0.013509809970855824,0.31573370099067677,0.03317284584045399,-0.13646966218948373,0.39785987138748174,-0.08386586979031566,0.499720424413681,0.26495763659477234,-0.08425343036651622,0.23606747761368752,-0.06685036420822121,0.10637018084526051,-0.09644305706024159,0.2119379043579101,-0.11290913820266735
1656268091.png,0.15644841641187657,-0.055270075798034723,-0.002725660800933727,-0.043272316455841064,-0.008747041225433239,-0.043785661458969116,-0.06433197855949402,-0.04034669697284696,-0.06142514944076538,-0.04152493178844455,0.08766531199216843,0.050752997398376465,-0.08766531199216845,-0.050752997398376465,0.03864860534667969,0.19811913371086115,0.03911893069744113,0.27825030684471125,0.14946633577346802,0.013641774654388317,0.31650969386100763,0.03445291519165039,-0.1334032267332077,0.3981501162052154,-0.082781758159399,0.4988755881786346,0.2604213505983353,-0.057390034198760986,0.23661253973841673,-0.046603918075561634,0.10732644796371443,-0.12257850170135498,0.2106360793113708,-0.13111764192581166
1656268092.png,0.16544427722692484,-0.07282839715480804,-0.007374376058578491,-0.040842086076736506,-0.01640266180038452,-0.04286611080169678,-0.07061648368835444,-0.029023543000221225,-0.07192134857177729,-0.034676268696785,0.08931123465299601,0.05090807378292084,-0.08931123465299604,-0.05090807378292084,0.0383124053478241,0.19985732436180115,0.043874517083167974,0.2778902053833009,0.14211463928222667,0.014250218868255615,0.313266396522522,0.03439456224441517,-0.1330965608358383,0.40016886591911305,-0.09359399601817134,0.4988644719123839,0.24306617677211753,-0.037733733654021995,0.22069215402007103,-0.04681801795959473,0.12543585896492015,-0.14396286010742199,0.23785763978958124,-0.13193905353546131
1656268093.png,0.16006019711494446,-0.018994390964508112,-0.00019317865371704102,-0.04335805773735041,-0.004861444234848078,-0.04141935706138605,-0.05628210306167608,-0.04321485757827764,-0.05486014485359186,-0.04461324214935303,0.07642880082130432,0.06672424077987676,-0.07642880082130432,-0.06672424077987671,0.03486964106559759,0.19184100627899153,0.009185835719108582,0.2795003056526184,0.1426602005958557,-0.0014767050743101917,0.31828279793262493,0.038573265075683705,-0.13029141724109652,0.37623018026351923,-0.10903919115662576,0.4897555708885193,0.2584726959466934,-0.037832558155059814,0.27954361215233803,-0.026564955711364746,0.08243653178215044,-0.142333984375,0.16337761282920837,-0.13843488693237294
1656268094.png,0.14952364563941953,-0.09885640442371363,-0.005836278200149536,-0.040257021784782465,-0.018546879291534424,-0.04392166435718545,-0.07910841703414917,-0.01857841014862066,-0.0905309617519379,-0.023501396179199163,0.09317004680633548,0.049856111407280024,-0.09317004680633548,-0.04985611140727997,0.04984042048454279,0.20340889692306513,0.05869245529174805,0.2802034914493561,0.13920113444328308,0.018976330757141113,0.3136280477046967,0.035878658294677845,-0.12591037154197698,0.3927776217460633,-0.06904308497905731,0.493917316198349,0.31395062804222096,-0.1764352321624758,0.12840342521667483,-0.20119643211364746,0.24711641669273388,0.0313091278076173,0.32199342548847176,0.03434205055236805
1656268095.png,0.14345605671405792,-0.10376153886318207,-0.004535287618637085,-0.0400909632444382,-0.023673683404922485,-0.04293024539947504,-0.07530274987220764,-0.011864423751831027,-0.09386307001113892,-0.019316792488098172,0.09339003264904022,0.047126784920692444,-0.09339003264904021,-0.047126784920692444,0.04762738943099981,0.20674347877502441,0.05628150701522826,0.28235647082328796,0.13986867666244507,0.02444511651992798,0.3154627084732057,0.0360565185546875,-0.11239267885684967,0.40232521295547485,-0.08029424771666527,0.49768784642219543,0.305580422282219,-0.18317484855651855,0.13692648336291313,-0.2025303840637206,0.24083095788955672,0.03453695774078369,0.32414723932743067,0.032629668712615745
1656268096.png,0.14397219195961952,-0.09863407909870142,-0.004863172769546509,-0.040890768170356834,-0.022036433219909612,-0.043310478329658564,-0.07832059264183044,-0.014621824026107788,-0.09246830642223361,-0.021347403526306152,0.09224623814225197,0.04835991561412811,-0.09224623814225197,-0.04835991561412811,0.04664820432662958,0.2044045329093932,0.05461964756250384,0.283576637506485,0.14058071374893194,0.02449113130569469,0.31409478187561046,0.03615158796310436,-0.1170240044593811,0.3987254500389098,-0.08445525914430618,0.4948168098926543,0.30891638994216913,-0.1818782091140747,0.13898539543151853,-0.19942229986190785,0.24179828166961664,0.034376621246338,0.32324327528476715,0.03294539451599121
1656268097.png,0.14351697638630867,-0.10106159746646881,-0.004517704248428345,-0.04018750786781311,-0.022223562002182007,-0.04318137466907501,-0.07643845677375793,-0.014299914240837125,-0.0908120721578598,-0.019896537065506037,0.09160475805401808,0.047733023762702886,-0.09160475805401805,-0.04773302376270294,0.04644468426704401,0.2046783566474915,0.052731879055500086,0.28177091479301464,0.13941416144371027,0.022770404815673828,0.3135937452316284,0.035919904708862194,-0.11735460162162784,0.3967334628105163,-0.07235805690288541,0.49469420313835133,0.25589069724082947,-0.11358511447906472,0.1257270649075508,-0.1990751028060912,0.2971973717212678,-0.0320953130722047,0.3223307877779007,0.03117835521697998
1656268098.png,0.14209500700235372,-0.0938386470079422,-0.003150373697280995,-0.042547300457954434,-0.020534932613372803,-0.04501144587993622,-0.07617446780204767,-0.015685483813285772,-0.0909708440303803,-0.02228525280952459,0.09147614985704422,0.047543004155159,-0.09147614985704425,-0.047543004155159,0.04641619324684143,0.2043299376964569,0.05384804308414462,0.28111428022384644,0.1405382156372071,0.022676467895507812,0.31276422739028936,0.03558915853500355,-0.1199433505535126,0.39727774262428284,-0.08552433177828786,0.49307477474212635,0.25620272755622875,-0.11655467748641968,0.13928533717989924,-0.1991904377937317,0.10321953892707819,-0.05088120698928833,0.32352493703365326,0.03212440013885509
1656268099.png,0.1426985859870911,-0.09852638840675354,-0.0027988851070404053,-0.040573492646217374,-0.022940129041671753,-0.04346844553947446,-0.0743068158626557,-0.01525409519672391,-0.09247548878192899,-0.023015499114990262,0.09111371636390683,0.04919052124023443,-0.09111371636390682,-0.049190521240234375,0.04781249165534979,0.2059012055397033,0.052127882838249165,0.2838675379753113,0.13915598392486567,0.02256077527999878,0.31459663808345795,0.03635466098785389,-0.11581036448478696,0.39923459291458113,-0.0857941918075085,0.4969334602355957,0.2534465491771698,-0.12113481760025013,0.13858021423220634,-0.2003440260887146,0.10071936249732971,-0.04857659339904785,0.32386898994445795,0.03343886137008678
1656268100.png,0.13153310120105743,-0.1280882060527802,0.0005624890327453613,-0.03434634208679194,-0.02559038996696472,-0.04363162815570826,-0.047266632318496704,-0.0034930408000946045,-0.09542690217494965,-0.013878121972084045,0.09136037528514862,0.03386314213275904,-0.09136037528514862,-0.033863142132759094,0.06752616167068493,0.24284934997558588,0.08879773318767548,0.2996055185794829,0.041248679161071555,-0.2385360002517699,0.30764736235141754,0.03633546829223644,-0.002810716629028376,0.46330744028091436,0.009582385420799241,0.531097024679184,0.23906767368316656,-0.19012606143951416,0.39695839583873754,-0.18449991941452026,-0.0004672408103942871,0.0029338598251341663,0.002685755491256714,0.0007746219635009766
1656268101.png,0.12799693644046783,-0.05431132018566126,0.0251511931419372,-0.002805322408676203,-0.003910332918167114,-0.0518390834331513,-0.012647628784179632,0.01585710048675537,-0.05255666375160223,-0.05347990989685056,0.0957520455121994,0.05862630903720856,-0.0957520455121994,-0.05862630903720856,0.035759985446929876,0.202041655778885,0.07768848538398745,0.2874998450279236,0.16680711507797252,0.004727303981780784,0.31587228178977966,0.030959486961364746,-0.12348511815071109,0.37633755803108215,-0.0774030014872551,0.4634872078895569,0.19786739349365226,-0.031849920749664085,0.16867836564779282,0.0010088682174681507,0.136088788509369,-0.1357865929603579,0.10311654210090637,0.018343567848205566
1656268102.png,0.14496299251914027,-0.09221681952476507,-0.00900605320930481,-0.035731479525566046,-0.02202200889587408,-0.040226742625236456,-0.06844829022884369,-0.021979838609695407,-0.08656404912471766,-0.02735292911529541,0.0913283787667751,0.03350168466567993,-0.0913283787667751,-0.03350168466567999,0.06251561641693121,0.2292802631855012,0.08654812723398206,0.29259863495826727,0.03398904204368586,-0.23706099390983598,0.3101370483636856,0.03294402360916138,-0.0342735350131988,0.441332906484604,-0.009664610028266907,0.526933878660202,0.26369968056678783,-0.17993664741516124,0.21975968033075327,-0.054520189762115256,0.004423797130584495,0.0054874420166015625,0.19608867168426514,-0.1388295888900758
1656268103.png,0.09780504927039155,-0.10161210596561432,0.023892939090728704,-0.027346059679985102,-0.02074241638183602,-0.06011569499969485,-0.008681058883666992,-0.003419831395149203,-0.07430787384510038,-0.04291890561580654,0.1119519732892513,0.042331635951995794,-0.1119519732892513,-0.04233163595199585,0.07793310284614563,0.21802097558975225,-0.01047903299331665,0.2359939217567445,-0.00016349554061878546,0.18766379356384266,0.08192092925310132,0.05261385440826394,0.015472859144210815,0.4528807401657104,0.07761547714471816,0.5368072986602782,0.06285616755485535,-0.2489909529685973,0.10886217653751377,-0.2762828469276427,-0.002167671918868963,0.2115275263786316,0.09660711884498588,0.23639261722564686
1656268104.png,0.10681446362286809,-0.09281750023365026,0.020981788635253906,-0.030712887644767733,-0.01737082004547119,-0.0590817183256149,-0.015119284391403198,-0.020383432507514898,-0.07661063969135284,-0.05293925851583478,0.11752303410321471,0.03408852219581604,-0.11752303410321471,-0.03408852219581604,0.09253212809562689,0.22900977730751038,0.006961619481444355,0.29683127999305714,-0.055691987276077326,-0.030946850776672474,0.0695081390440464,-0.010333240032195934,0.002915650606155451,0.4396849572658539,0.05621834285557267,0.5094310343265532,0.2321169376373291,-0.041879892349243275,0.11425780504941946,-0.016359508037567028,-0.0630387961864472,0.13101071119308483,0.09009712934494016,0.08367526531219471
1656268105.png,0.11407826468348503,-0.0757599472999573,0.02488139271736145,-0.028636962175369235,-0.017345011234283447,-0.061697840690612765,-0.012494146823883057,-0.012197062373161344,-0.07598721981048584,-0.0582607164978981,0.11766062304377556,0.04529069364070892,-0.11766062304377556,-0.04529069364070892,0.08012482523918152,0.19947779178619385,-0.022947253659367565,0.31037941575050343,-0.007185757160186768,0.0054839253425598145,0.13629698194563392,0.026063382625580056,0.009808242321014404,0.4362141489982604,0.059101328253746005,0.5326900780200959,0.2000766098499298,-0.056480705738067405,0.17142108827829364,-0.062482774257660245,-0.1602639555931092,0.25270819664001465,0.086300790309906,0.15041708946228038
1656268106.png,0.11849337816238403,-0.061082825064659174,0.023663192987442072,-0.032101869583129855,-0.019007980823516846,-0.06391406059265128,-0.009571909904480036,-0.016317725181579534,-0.07505208253860468,-0.06616006046533589,0.1121029257774353,0.036981403827667236,-0.1121029257774353,-0.036981403827667236,0.07935073971748352,0.22724181413650513,-0.03315545432269573,0.31118452548980724,-0.00199288129806513,-0.011281609535217285,0.1266095619648695,0.03344351053237904,0.03928932547569275,0.4680187106132506,0.10965315997600553,0.5636163353919982,0.21493229269981384,0.030198931694030873,0.15431724488735202,0.05498003959655762,-0.1774043440818786,0.13020491600036643,0.10349175333976746,0.033847153186797985
1656268107.png,0.11629189364612108,-0.0563101470470429,0.02347558736801142,-0.033684939146041815,-0.01756024360656744,-0.06363825500011441,-0.010297268629074152,-0.01659476757049566,-0.0768728107213974,-0.06795550137758254,0.11281491629779339,0.039658099412918146,-0.11281491629779339,-0.03965809941291809,0.0780723094940185,0.22799488902091974,-0.033560760319232955,0.32112160325050354,-0.04433280229568476,-0.03082197904586792,0.10505602881312372,0.034792542457580455,0.010512173175811768,0.4556677043437957,0.07564699277281764,0.5595549046993256,0.22513630986213684,0.021409809589385875,0.16258317232131955,0.015558302402496227,-0.18938374519348145,0.15904825925827037,0.09367394447326649,0.06728142499923706
1656268108.png,0.11894286796450615,-0.05791784822940829,0.022766560316085815,-0.0320112407207489,-0.01804786920547491,-0.061235114932060186,-0.010575026273727417,-0.017001703381538363,-0.07699775695800778,-0.06767723709344868,0.11090133711695671,0.03797379136085505,-0.11090133711695672,-0.0379737913608551,0.07806932926177973,0.2265284955501558,-0.03644061181694268,0.3138395845890045,0.012953400611877497,0.004789888858795055,0.12860084418207407,0.03216296434402466,0.04031145572662348,0.4556263983249665,0.10516271740198134,0.5660227835178375,0.21489164233207708,0.04311424493789684,0.16911961138248446,0.057865262031555065,-0.18890926241874695,0.136469006538391,-0.011636942625045776,0.09923923015594516
1656268109.png,0.12087590619921681,-0.05973775684833524,0.02249714732170105,-0.03108601272106168,-0.01776587963104248,-0.06198000907897955,-0.01190456748008728,-0.015992879867553794,-0.07757714390754705,-0.06628491729497905,0.11099411174654963,0.04021620750427246,-0.11099411174654963,-0.040216207504272405,0.07963463664054865,0.23089522123336792,-0.0352674126625061,0.3140974640846251,-0.003331601619720459,-0.015037477016448864,0.12486033886671066,0.03881549835205089,0.03171288967132557,0.46701914072036754,0.10188870877027514,0.5693100094795227,0.23360109329223638,0.02559775114059437,0.17291972041130058,0.07120919227600087,0.08542561531066883,0.09938162565231334,0.09114453196525585,0.013986766338348389
1656268110.png,0.11458808742463591,-0.0573054701089859,0.024547487497329712,-0.03327329456806183,-0.018310189247131348,-0.06666278839111325,-0.00875428318977356,-0.015546604990959167,-0.07516331970691681,-0.06522234529256825,0.11248240433633325,0.04192568361759186,-0.11248240433633325,-0.04192568361759186,0.07970979809761053,0.22630193829536427,-0.034637946635484695,0.322632372379303,-0.047687441110610906,-0.028449773788452037,0.11517745256423947,0.03214293718338013,0.008091598749160822,0.4719103276729584,0.07510019466280937,0.5747933983802794,0.2121339738368988,0.0011051297187805176,0.1374938189983368,0.0001953244209290661,-0.17654329538345337,0.17244017124175992,0.08803138136863708,0.08979749679565419
1656268111.png,0.11102712526917458,-0.06938384473323825,0.02658340334892273,-0.028057605028152438,-0.016478896141052246,-0.06234446167945859,-0.006363719701767023,-0.01062235236167905,-0.07274943590164179,-0.05886179953813553,0.11198050156235695,0.04468744993209839,-0.11198050156235695,-0.04468744993209839,0.08116012811660767,0.22050923109054554,-0.030519045889377587,0.2989460825920104,-0.021438956260681208,-0.017591774463653564,0.0828048065304756,0.04618787765502941,0.010584473609924372,0.4458588361740111,0.06296759098768234,0.5606634020805358,0.1930425167083739,0.01904153823852539,0.16703407466411596,-0.0080239176750182,-0.15684086084365845,0.17193037271499656,0.060860395431518444,0.09072333574295022
1656268112.png,0.10962187126278877,-0.06373454630374911,0.027505695819854736,-0.02906183898448944,-0.016389131546020508,-0.0637347400188446,-0.006301522254943848,-0.010386541485786466,-0.0724155455827713,-0.06042849272489542,0.11164747551083565,0.04448011517524725,-0.11164747551083565,-0.04448011517524719,0.08365446329116821,0.22438076138496393,-0.033507104963064194,0.3236878812313081,-0.052342146635055486,-0.03031998872756958,0.11183905974030492,0.03177577257156361,0.02066171169281006,0.46763560175895685,0.07542706280946734,0.5747611820697782,0.20369422435760481,0.0017637014389038086,0.14890992641448977,0.004172086715698575,-0.1755643188953398,0.1767353415489198,-0.0010132789611816961,0.16103619337081898
1656268113.png,0.10873662494122982,-0.06369404494762415,0.02718290686607361,-0.02913883328437808,-0.016719907522201594,-0.06384268403053292,-0.006252646446228083,-0.009670540690422086,-0.07266338169574735,-0.05901015549898146,0.11220022104680538,0.04313540458679199,-0.11220022104680538,-0.04313540458679199,0.07628193497657776,0.22413045167922974,-0.035912759602069855,0.3238566517829895,-0.005306154489517212,-0.007125735282897949,0.10962772741913798,0.036469101905822754,0.017446815967559814,0.471127152442932,0.07584097608923912,0.5758855938911437,0.20557022094726562,0.024729430675506703,0.158547505736351,0.002314150333404874,-0.19199982285499573,0.15383797883987427,0.08140552043914795,0.06461781263351418
1656268114.png,0.11296064779162407,-0.05916936695575711,0.024129152297973577,-0.030917853116989163,-0.01841488480567932,-0.06528341770172122,-0.008934766054153387,-0.012664034962654114,-0.0738651305437088,-0.06195796281099317,0.11221418902277946,0.045531511306762695,-0.11221418902277946,-0.045531511306762695,0.08288371562957764,0.22460848093032837,-0.03581545874476432,0.32481998205184925,-0.05586734414100647,-0.0324155092239381,0.11275436356663707,0.031161844730377197,0.02043157815933222,0.4484255313873292,0.08722109347581863,0.560528039932251,0.19932541251182562,0.02011919021606423,0.1480528563261032,-0.004274606704712025,-0.17663359642028809,0.16616868972778298,-0.015327602624893188,0.18528354167938244
1656268115.png,0.11181863024830824,-0.06228819489479065,0.024331688880920355,-0.0309919863939285,-0.01865130662918102,-0.06470668315887448,-0.008711904287338257,-0.010343357920646723,-0.07403150200843811,-0.059684075415134444,0.1091117151081562,0.04359793663024902,-0.1091117151081562,-0.04359793663024908,0.07878449559211725,0.22242453694343567,-0.04194776713848115,0.32322695851325994,-0.04328235983848572,-0.02531498670577992,0.11738889664411542,0.03163468837738037,0.019315004348754883,0.44954779744148254,0.08269146829843521,0.5596435368061068,0.20110151171684265,0.04741358757019043,0.14811372756958008,0.01924610137939442,-0.17649048566818232,0.1490083932876588,-0.0150679349899292,0.15827268362045288
1656268116.png,0.11199927330017098,-0.060246244072914124,0.02434235811233515,-0.030911043286323575,-0.019112706184387263,-0.0644533634185791,-0.007984757423400823,-0.009748503565788241,-0.07199560105800634,-0.05788920074701309,0.11020579934120175,0.04237157106399536,-0.11020579934120175,-0.04237157106399536,0.07866618037223816,0.22686544060707092,-0.03975165262818336,0.32615843415260315,-0.025180488824844305,-0.023982107639312744,0.1180800832808018,0.03287535905838013,0.018971294164657593,0.45664039254188526,0.07172229886054993,0.5618213713169097,0.20236524939537054,0.04384851455688499,0.15982478857040405,0.019064664840698464,-0.19312283396720886,0.140086829662323,-0.012836575508117676,0.15726721286773682
1656268117.png,0.11256097257137299,-0.06169810891151431,0.024248987436294556,-0.030248925089836093,-0.019302189350128174,-0.0644072741270065,-0.007307857275009155,-0.009804889559745844,-0.07130753993988037,-0.057435475289821625,0.10955451428890228,0.04196123778820038,-0.10955451428890228,-0.041961237788200434,0.08017867803573608,0.2257745862007141,-0.03862922452390194,0.3246240913867951,-0.0030073821544647217,-0.00869840383529663,0.11791506968438623,0.03547382354736317,0.023682117462158203,0.457087218761444,0.07332602143287659,0.5721087753772738,0.21155089139938354,0.04105848073959362,0.183837890625,0.032607018947601096,-0.18845507502555842,0.14904457330703746,-0.012690603733062744,0.12850528955459606
1656268118.png,0.10690540820360178,-0.07002654671669004,0.02724334597587591,-0.029481410980224637,-0.017378479242324718,-0.06405146420001984,-0.0059542059898376465,-0.004224374890327481,-0.07398866117000585,-0.053633995354175595,0.11260131746530533,0.04329508543014532,-0.11260131746530533,-0.04329508543014532,0.08295184373855591,0.2287298738956452,-0.033784644678235054,0.32598516345024103,-0.06584054231643677,-0.04570746421813976,0.09659588523209092,0.03369081020355236,0.021120727062225342,0.4467180669307708,0.08998093008995056,0.5599475800991058,0.20398744940757751,0.026270627975463756,0.1365405172109604,-0.0062302350997924805,0.049408018589019664,0.10079860687255882,0.02122679352760315,0.17791485786437977
1656268119.png,0.1071420256048441,-0.06846886873245242,0.02765899896621704,-0.02974355220794675,-0.017290443181991577,-0.06404037773609161,-0.006458103656768854,-0.004884406924247714,-0.07299481332302094,-0.05376411229372023,0.11234369315207005,0.04351428151130676,-0.11234369315207005,-0.04351428151130676,0.08067691326141357,0.2283913791179657,-0.03599738702178,0.32889094948768616,-0.05964323878288269,-0.04364931583404541,0.0972478613257408,0.03285777568817139,0.018788456916809082,0.4466095268726349,0.07708925381302836,0.5612194836139678,0.20536646246910095,0.021582603454589733,0.14729394018650047,-0.0077751874923704944,0.03554975986480713,0.10621976852416981,0.07857674360275274,0.08978891372680664
1656268120.png,0.1056422777473926,-0.06908810138702393,0.028947681188583485,-0.029419258236885043,-0.017189294099807684,-0.06541657447814941,-0.004551082849502619,-0.003710508346557645,-0.07232917845249179,-0.05213463306427006,0.11265324428677559,0.043755292892456,-0.11265324428677559,-0.043755292892456055,0.0786010324954986,0.22646439075469976,-0.03480922058224678,0.3284829854965211,-0.0478978157043457,-0.041258275508880726,0.09195353463292123,0.031098067760467307,0.01877957582473755,0.44970172643661493,0.07618812471628186,0.5618770718574523,0.20346277952194214,0.0193023681640625,0.14821442961692807,-0.010399818420410045,-0.1798250675201416,0.1757476329803468,0.07690986990928655,0.0745708942413329
1656268121.png,0.10462346859276289,-0.06792724132537831,0.027481943368911743,-0.028949499130249107,-0.01732248067855835,-0.0643452405929566,-0.005306661128997747,-0.003618910908699008,-0.07205319404602048,-0.05318329483270649,0.11259097047150135,0.04471912980079651,-0.11259097047150135,-0.04471912980079651,0.07914167642593384,0.22555413842201238,-0.03693348728120327,0.3087914884090424,-0.04758423566818237,-0.03547269105911255,0.09780106879770756,0.052813172340393066,0.0072710514068603516,0.4552811682224272,0.07371874526143074,0.5651422441005707,0.19370758533477783,0.012656450271606778,0.15040047466754913,0.013665735721588357,-0.16049683094024658,0.17677897214889493,0.06324124336242681,0.06928879022598255
1656268122.png,0.10894698649644852,-0.0749784111976623,0.026850491762161255,-0.029582783579826383,-0.01790398359298706,-0.06368152797222146,-0.0055176615715026855,-0.0034818649291992465,-0.0733765959739685,-0.05067735910415644,0.11195845156908035,0.046253189444541876,-0.11195845156908035,-0.04625318944454193,0.07965335249900818,0.22389414906501776,-0.03233492746949196,0.3279239535331725,-0.009228229522705023,-0.016708076000213623,0.10203183069825174,0.01880747079849243,0.012700468301773071,0.44616535305976873,0.07661370933055875,0.5615471005439758,0.20900729298591614,0.020655930042266846,0.16065555810928342,-0.002668023109436146,0.05380702018737793,0.10234898328781128,0.0072602927684783936,0.17126452922821056
1656268123.png,0.10443792119622236,-0.06953218579292295,0.02736875414848322,-0.029233053326606806,-0.01704373955726629,-0.06396083533763891,-0.006478995084762518,-0.005099460482597323,-0.07179436087608337,-0.05291461199522014,0.11023033037781715,0.042377531528472956,-0.11023033037781717,-0.0423775315284729,0.07852250337600708,0.22468557953834528,-0.04103034362196921,0.3236553370952605,-0.05147284269332886,-0.03623420000076294,0.10985401645302773,0.03437995910644531,0.018755674362182617,0.4502634704113006,0.08358926326036457,0.559141606092453,0.20190167427062994,0.020519256591796986,0.1347282826900482,0.019495308399200217,-0.17854523658752453,0.17428696155548096,0.02303028106689453,0.1508772969245913
1656268124.png,0.10561780445277691,-0.07471609115600583,0.027641773223876953,-0.02887471020221713,-0.017730265855789185,-0.06445240974426272,-0.0055887699127197266,-0.0020373314619064053,-0.07272109389305118,-0.049959361553192166,0.11258627288043499,0.046193093061447144,-0.11258627288043499,-0.046193093061447144,0.07677271962165833,0.22034487128257751,-0.036243259906768806,0.32707419991493214,-0.01987433433532715,-0.0217587947845459,0.10928836092352864,0.028689861297607533,0.00778928399085993,0.44987961649894725,0.075540941208601,0.5631066858768464,0.2114199995994568,0.014455676078796165,0.1455603986978531,-0.008924365043640359,-0.17990735173225403,0.1758897304534912,0.022546827793121338,0.17928731441497825
1656268125.png,0.10495943948626513,-0.07382613420486453,0.02751812338829046,-0.029377937316894476,-0.01779398322105402,-0.06433086097240445,-0.005690813064575251,-0.0031952857971191684,-0.07297155261039734,-0.05071361362934114,0.10951150581240654,0.0442904531955719,-0.10951150581240654,-0.044290453195571844,0.07768803834915161,0.22182133793830872,-0.0412491224706173,0.3245293200016021,-0.024896740913391113,-0.027809381484985463,0.11031751707196236,0.028852641582489125,0.010640442371368353,0.45162513852119446,0.07147171348333359,0.5617855489253998,0.2100784182548524,0.044492721557617076,0.14616337418556208,0.015302896499633678,-0.17968678474426275,0.1459191441535952,0.010099798440933228,0.15417999029159546
1656268126.png,0.1024398673325777,-0.07383343577384954,0.025939643383026123,-0.031924679875373785,-0.02014057338237768,-0.06331522762775416,-0.006660789251327515,-0.0014714002609252652,-0.07402560114860532,-0.04779813438653947,0.10767235048115253,0.041312530636787415,-0.10767235048115253,-0.041312530636787415,0.0820361971855163,0.2283138632774352,-0.044084733352065086,0.3040578067302704,-0.021860927343368475,-0.019193649291992076,0.1176929268985987,0.04969817399978638,0.021721959114074707,0.4529268145561218,0.09330255165696141,0.5566101968288422,0.1789654493331908,0.04825180768966675,0.1491681337356567,0.023999392986297607,-0.15501549839973439,0.13298016786575328,0.06605264544487005,0.04257410764694192
1656268127.png,0.10288126580417156,-0.06630235910415652,0.025326848030090332,-0.0346369743347168,-0.022048950195312472,-0.06553515791893005,-0.005376785993576105,-0.006980702280998202,-0.07378356158733371,-0.04922441393136977,0.10907126776874065,0.04251478612422943,-0.10907126776874067,-0.04251478612422943,0.08438962697982788,0.2276885211467743,-0.03753604926168917,0.3278016448020935,-0.03932297229766846,-0.028517305850982666,0.1134905721992254,0.029439210891723633,0.01293879747390747,0.451908677816391,0.0725504122674465,0.5597044825553894,0.19165092706680287,0.019327163696289062,0.149393618106842,-0.005480051040649414,-0.15817147493362416,0.17456012964248668,0.07595568895339977,0.07211351394653331
1656268128.png,0.10280912183225147,-0.07069593667984009,0.02553993463516241,-0.03244832158088687,-0.0214950293302536,-0.06466126441955569,-0.004587382078170832,-0.004736065864562933,-0.07526053488254542,-0.046096123754978166,0.1082559730857611,0.045808061957359314,-0.10825597308576111,-0.04580806195735937,0.08449664711952204,0.2214791178703308,-0.040526280179619775,0.31006392836570734,-0.042645782232284546,-0.0288393497467041,0.11889911256730556,0.04317218065261852,0.010745555162429754,0.4491944909095763,0.06961448118090631,0.5609327256679535,0.17421910166740412,0.017749130725860596,0.15145626664161682,-0.030817031860351562,-0.15100666880607594,0.17522484064102206,-0.00495108962059021,0.20660394430160545
1656268129.png,0.10417836718261245,-0.07027223706245422,0.024905145168304443,-0.03290124237537381,-0.020875707268714905,-0.06474879384040833,-0.006115645170211792,-0.006167933344841031,-0.07396538555622101,-0.04878314584493637,0.10798591189086434,0.045055851340293884,-0.10798591189086434,-0.04505585134029383,0.08393985033035278,0.22309759259223938,-0.03892980609089137,0.309688627719879,-0.023641258478164617,-0.02566426992416382,0.11702386755496264,0.04849708080291759,0.012700498104095514,0.45263007283210754,0.06904571875929832,0.5612084865570066,0.1909749805927275,0.014090538024902344,0.15393131971359253,-0.00816458463668801,-0.15610906481742842,0.17462009191513062,0.05783084034919739,0.09430444240570068
1656268130.png,0.10366299375891685,-0.06924726068973533,0.024859070777893066,-0.032464712858200157,-0.021511450409889193,-0.0646941363811494,-0.005251526832580566,-0.005750492215156555,-0.0735336989164353,-0.04837746918201445,0.10719331726431847,0.043189942836761475,-0.10719331726431847,-0.043189942836761475,0.08505749702453608,0.22632455825805664,-0.03923289943486453,0.32528454065322876,-0.006721377372741699,-0.015925168991088867,0.11948770005255938,0.02792489528656006,0.015837758779525757,0.47079014778137196,0.07186128944158554,0.5724936723709106,0.20897331833839422,-0.0023505687713621937,0.16159150004386902,-0.022334814071655384,-0.17714697122573858,0.16350799798965432,0.00817605853080755,0.18158245086669933
1656268131.png,0.10532165318727493,-0.07463413476943967,0.024500668048858643,-0.03101539611816409,-0.020077109336853,-0.0622845143079758,-0.006814748048782349,-0.004681870341300992,-0.07591784000396734,-0.04974432289600374,0.10873035341501236,0.0424982905387879,-0.10873035341501236,-0.04249829053878784,0.081285059452057,0.2227914929389953,-0.03383649699389935,0.3261972665786743,0.0003770291805266224,-0.002452373504638672,0.10180836729705331,0.017709314823150524,0.027940422296524048,0.44897073507308954,0.08674761652946475,0.5574299097061156,0.1981754899024964,-0.006747424602508656,0.16451631486415855,-0.0015639662742613636,0.057531952857971136,0.1066613793373109,0.06283020973205572,0.06419003009796143
1656268132.png,0.10425437241792684,-0.07161796092987063,0.025730669498443548,-0.03154492378234863,-0.01996266841888439,-0.06335754692554471,-0.006192207336425781,-0.003115966916084262,-0.07302789390087125,-0.050132356584072085,0.11021021753549576,0.04156160354614258,-0.11021021753549576,-0.04156160354614258,0.08189064264297485,0.22894656658172596,-0.03579317033290863,0.32829415798187256,-0.042800664901733454,-0.03169971704483021,0.09697308391332628,0.03603857755661022,0.02004992961883545,0.45692604780197144,0.07392358779907227,0.5773817300796509,0.20439216494560242,0.013442277908325084,0.1622381061315536,-0.022311508655548207,-0.17485025525093084,0.17818897962570213,0.0785631537437439,0.08962851762771618
1656268133.png,0.1557266786694526,-0.10433630645275113,-0.005010724067687988,-0.03532087802886966,-0.021521747112274114,-0.04502022266387942,-0.07922458648681635,-0.022328674793243436,-0.09700191020965576,-0.026694625616073636,0.1041334941983223,0.03900209069252014,-0.10413349419832228,-0.03900209069252014,0.07975757122039795,0.23117348551750183,-0.04771380499005319,0.3304097354412079,-0.05204138159751892,-0.04205322265625,0.0905805267393589,-0.0021744966506958008,0.0034579038619995117,0.4398337900638579,0.04728429764509198,0.5390363037586212,0.25370609760284424,-0.09675216674804688,0.18747793883085245,-0.08683037757873535,0.022191345691680797,0.0494859814643861,-0.03276926279067982,0.26841187477111816
1656268134.png,0.15191478282213217,-0.11993651092052446,-0.0052291154861451306,-0.035495877265930176,-0.020947962999343983,-0.0399846285581589,-0.0798496007919311,-0.006097644567489624,-0.09338051080703727,-0.012360870838165255,0.08949459344148636,0.061313748359680176,-0.08949459344148637,-0.06131374835968012,0.058293431997299194,0.21413585543632518,0.030687704682350173,0.27736923098564154,0.13067221641540527,0.02710980176925648,0.3216624557971954,0.07498061656951915,-0.10427242517471313,0.408132940530777,-0.0773465260863304,0.5350858867168429,0.2480013370513916,-0.08321672677993774,0.10365962237119675,-0.2638208866119386,0.263176828622818,-0.06358063220977761,0.3405399471521377,0.09476137161254883
1656268135.png,0.17055676877498624,-0.10764521360397344,-0.01370084285736084,-0.042826339602470426,-0.022017687559127752,-0.04333035647869113,-0.08471682667732233,-0.006217867136001531,-0.09318652749061584,-0.008716374635696411,0.10016126930713651,0.048275858163833674,-0.10016126930713651,-0.048275858163833674,0.056754410266876276,0.22745093703269936,0.05375659465789792,0.2989918291568755,0.11438632011413591,0.013124525547027699,0.3164363503456116,0.03183257579803467,-0.11427956819534293,0.48482432961463906,-0.07218935713171959,0.5846870243549348,0.2592916488647461,-0.008298337459564098,0.254527535289526,-0.043485939502716175,0.08050432801246643,-0.045927107334137074,0.009657800197601374,0.05367380380630482
1656268136.png,0.17388172447681427,-0.0954940915107727,-0.008996367454528753,-0.0445683747529983,-0.02135363221168507,-0.04339213669300079,-0.07898381352424622,-0.009198457002639882,-0.08730468153953558,-0.015350341796875056,0.09766195714473724,0.06976622343063354,-0.09766195714473722,-0.06976622343063354,0.04638350009918213,0.23530563712120056,0.032709717750549316,0.3066086471080781,0.11187562346458435,-0.02226942777633678,0.3160184919834137,0.0397316813468932,-0.1279231905937194,0.4572933018207549,-0.08414565771818158,0.5623263418674468,0.29228800535202026,-0.03927248716354381,0.2735066637396812,-0.027489662170410045,0.028327882289886475,-0.18271332979202248,-0.0592393279075622,0.17117547988891602
1656268137.png,0.1725289300084114,-0.10033878684043884,-0.011915117502212469,-0.04278835654258728,-0.020319253206253052,-0.04205016791820526,-0.0770463645458222,-0.00860893726348877,-0.08512488007545466,-0.013677045702934293,0.0976545587182045,0.07273083925247192,-0.0976545587182045,-0.07273083925247192,0.04764160513877863,0.2266296148300171,0.032852143049240085,0.30609697103500355,0.11170554161071777,-0.020201146602630726,0.31432880461215973,0.04017639160156272,-0.12815043330192566,0.4492720365524293,-0.0853467509150505,0.5606821179389953,0.27262189984321594,-0.039622366428375244,0.2723385170102119,-0.04382038116455078,0.08076676726341248,-0.042596280574798584,-0.07485201954841608,0.1916741132736206
1656268138.png,0.1732451468706131,-0.09637291729450226,-0.009534120559692438,-0.04430048167705536,-0.02051731944084162,-0.04281844198703766,-0.07986035943031305,-0.00917193293571475,-0.086457759141922,-0.015045404434204102,0.09717215597629547,0.07178016006946564,-0.09717215597629547,-0.07178016006946564,0.041948854923248236,0.21793150901794434,0.031884998083114624,0.3076273500919342,0.11474728584289556,-0.005562722682952881,0.3144109845161438,0.04072815179824829,-0.12612177431583407,0.45314311981201183,-0.08593637868762016,0.5625838935375215,0.27230270206928253,-0.01056480407714877,0.2575949840247631,-0.024492084980011097,0.06518149375915516,-0.0691801905632018,-0.017358541488647405,0.07546401023864746
1656268139.png,0.17352668195962898,-0.0978959202766419,-0.00950640439987166,-0.044003367424011175,-0.021386384963989147,-0.04291252791881553,-0.07954800128936773,-0.00854265689849859,-0.08708754181861883,-0.014421612024307251,0.0978121533989906,0.0721257328987121,-0.0978121533989906,-0.07212573289871216,0.046371072530746515,0.22892206907272344,0.03211052715778351,0.3078057765960692,0.11064088344573969,-0.01792442798614502,0.3160324692726135,0.03922748565673839,-0.12801524996757502,0.44967967271804804,-0.08682041987776756,0.5615591406822205,0.290517657995224,-0.03317868709564187,0.2594415657222271,-0.04385411739349376,0.07798507809638977,-0.047354936599731556,-0.058654576539993286,0.18880456686019897
1656268140.png,0.1725484654307366,-0.09852722287178034,-0.0101978480815888,-0.04445175826549527,-0.020498365163803156,-0.04248306155204773,-0.07931908965110779,-0.007277220487594632,-0.08566662669181824,-0.013077497482299832,0.09708314388990402,0.07210519909858698,-0.09708314388990402,-0.07210519909858698,0.053541779518127386,0.2279392182826997,0.03175114095211029,0.30498942732810974,0.10338512063026428,-0.01690441370010376,0.3146419525146484,0.04109072685241699,-0.12894491851329803,0.45079663395881664,-0.08652500063180923,0.5608344972133634,0.2575446218252182,-0.010630011558532604,0.2284207865595817,-0.02594393491744973,0.049198687076568604,-0.037810325622558705,0.011833250522613581,0.0776522159576416
1656268141.png,0.13862241432070727,-0.06888245046138758,0.011428236961364802,-0.03951685130596164,-0.015991806983947754,-0.05520327389240265,-0.03429713845252991,-0.027580693364143316,-0.08248019218444816,-0.06578925251960754,0.08247467502951625,0.06820617616176605,-0.08247467502951622,-0.06820617616176605,0.005666628479957553,0.28878983855247503,0.010436654090881334,0.30250841379165655,0.14240086078643793,-0.08774936199188232,0.2654099240899086,-0.015403389930724987,-0.057790949940681485,0.4611684978008271,-0.03978608921170235,0.5670233964920044,0.23047938942909235,0.031619489192962646,0.26809587702155113,-0.01495933532714866,-0.12932592630386347,0.10085165500640869,0.029964745044708252,0.08376067876815829
1656268142.png,0.136615552008152,-0.06998962163925171,0.008357256650924683,-0.03814263641834259,-0.012126952409744152,-0.046452239155769376,-0.056570976972579956,-0.041407778859138517,-0.07986497879028334,-0.06338381767272946,0.07527969032526019,0.06490576267242437,-0.07527969032526018,-0.06490576267242432,0.0030270367860793512,0.274019569158554,0.033379137516021756,0.2812406122684479,0.10091464221477517,-0.0250338315963744,0.24431888759136206,0.004053771495818981,-0.08525234460830691,0.45099768042564375,-0.0651815067976713,0.5608513057231903,0.22297325730323792,0.04948723316192638,0.20408125035464764,0.02505910396575939,0.25181132555007935,-0.27299028635025024,0.01516838371753687,0.045974135398864524
1656268143.png,0.1395183838903904,-0.10391493141651156,0.002306640148162842,-0.03811302781105039,-0.01788815855979914,-0.04528661072254178,-0.05595541000366214,-0.018332242965698242,-0.08893349766731268,-0.03732246160507202,0.07826334610581395,0.05903315544128418,-0.07826334610581397,-0.05903315544128418,-0.002758026123046875,0.2856123745441437,-0.035612538456916816,0.3029104769229889,0.11417201161384585,-0.06939250230789185,0.2785356864333153,-0.006462693214416504,-0.06372068822383878,0.481871336698532,-0.04857534170150758,0.5649895370006561,0.2517749518156052,0.046966612339019775,0.29130495339632034,0.055438101291656494,-0.17128095030784612,0.0557004213333131,-0.01738175749778753,0.004407763481140137
1656268144.png,0.1552093774080277,-0.11333969235420227,-0.007310658693313599,-0.04120659828186038,-0.02237030863761913,-0.044468358159065274,-0.07864800095558172,-0.005397513508796664,-0.09316612780094144,-0.007446959614753695,0.07141654193401337,0.05959747731685633,-0.07141654193401338,-0.059597477316856384,-0.05160966515541077,0.2406552135944367,-0.05856003612279891,0.3128034472465515,0.12914779782295227,-0.02296566963195812,0.26574295014142996,0.00993645191192627,-0.08902959525585175,0.48573526740074163,-0.06128467619419096,0.5683860778808593,0.2547882050275802,0.06953489780426014,0.2629206329584121,0.08368653059005748,-0.17671427130699152,0.02660137414932262,-0.01747900247573847,-0.020026206970215066
1656268145.png,0.1740330159664154,-0.07331506907939905,-0.010675102472305242,-0.04581855237483981,-0.01855966448783869,-0.04586930572986611,-0.08051234483718872,-0.014026567339897184,-0.08728271722793579,-0.023022443056106512,0.06377336382865906,0.05766193568706507,-0.06377336382865903,-0.057661935687065125,-0.061435759067535345,0.2246797084808349,-0.08824855834245679,0.3180139362812042,0.14943531155586237,0.0015725493431091309,0.25569260865449905,0.0034352540969848633,-0.13364225625991816,0.469808280467987,-0.12136266380548474,0.5522965490818025,0.2713022828102112,0.1165118217468264,0.279014952480793,0.11312532424926758,-0.1770753264427185,0.013271391391753817,-0.07390052080154416,0.04597795009613015
1656268146.png,0.1692332625389099,-0.08889991044998163,-0.010545909404754694,-0.044448062777519254,-0.018903166055679266,-0.04543718695640564,-0.08224239945411677,-0.008651331067085238,-0.09257337450981146,-0.016670182347297613,0.06631234288215637,0.05521513521671295,-0.06631234288215637,-0.05521513521671295,-0.06348787248134616,0.22804087400436396,-0.08098265528678894,0.3208660781383515,0.14542825520038608,-0.005193948745727539,0.2609977424144745,0.0018069744110107422,-0.10764309763908389,0.45439893007278437,-0.09203685075044633,0.5514824092388155,0.25330263376235973,0.1173367500305178,0.28029430657625204,0.07943224906921365,0.19358849525451644,-0.31191909313201927,-0.021564692258834894,-0.09401702880859364
1656268147.png,0.1503039188683033,-0.045967862010002136,0.004018962383270264,-0.043264314532280024,-0.010262876749038696,-0.04842194914817813,-0.06406626105308533,-0.048326820135116494,-0.07759533822536477,-0.057950571179389926,0.07279396429657939,0.055290594696998596,-0.07279396429657937,-0.055290594696998596,-0.04366968572139743,0.2363082468509674,-0.04617708921432494,0.3224913477897644,0.12488508224487305,-0.015872478485107422,0.265965573489666,-0.0004047155380247913,-0.06671783328056338,0.4788268506526946,-0.03821673244237898,0.5563889741897583,0.2389644831418991,0.11832374334335327,0.27821947634220123,0.1244223117828368,-0.16412433981895452,0.005372405052185059,-0.03631627559661865,-0.0246714949607848
1656268148.png,0.14029858261346817,-0.07714642584323883,0.008214771747589111,-0.0408032089471817,-0.0167883038520813,-0.051187604665756226,-0.04945293068885803,-0.03535397350788119,-0.08580075204372412,-0.05859805643558505,0.0810244008898735,0.06721474230289454,-0.0810244008898735,-0.06721474230289459,-0.011055991053581238,0.2721410989761353,0.0011869072914123535,0.2956880033016205,0.08896318078041077,0.003817737102508545,0.25533258914947504,0.021199345588684193,-0.06933146715164185,0.4700475335121154,-0.04461827129125595,0.5676784217357634,0.22193543612956995,0.08724272251129161,0.23486196249723434,0.053356051445007324,-0.14078304171562195,0.013585567474365234,0.028332263231277466,0.03052264451980624
1656268149.png,0.13687635958194735,-0.07425127923488617,0.0084744393825531,-0.04049213230609894,-0.017264902591705378,-0.05039647221565244,-0.041983544826507624,-0.026340201497077942,-0.08191435039043421,-0.0603875666856766,0.07707047462463379,0.0645662397146225,-0.07707047462463378,-0.0645662397146225,-0.006944090127944946,0.2747672200202942,0.015062704682350145,0.28894689679145813,0.11487896740436562,-0.021060287952423207,0.25276345014572144,0.015859365463256836,-0.06506116688251493,0.45224612951278675,-0.04875851422548293,0.5495375692844392,0.23772555589675914,0.08610874414443981,0.2531772777438163,0.04656708240509033,0.21798574924468972,-0.2968938946723938,0.027939885854721125,0.02687138319015492
1656268150.png,0.15326957404613492,-0.11534671485424039,-0.008655011653900202,-0.039772987365722684,-0.02016434073448181,-0.04090538620948794,-0.07877333462238303,-0.005184412002563449,-0.09247952699661255,-0.013469457626342829,0.0703375190496445,0.07375833392143244,-0.07033751904964451,-0.0737583339214325,-0.0203064382076264,0.25966128706932073,-0.005574837327003451,0.3015335500240325,0.11761820316314697,-0.044404923915862926,0.24638409912586212,0.019910812377929688,-0.1083170175552369,0.46070978045463556,-0.08242864534258841,0.5711943209171295,0.23482984304428098,0.08949637413024913,0.19179850444197657,0.02737206220626842,0.049215823411941584,-0.0493147373199464,0.03537492454051969,0.009030878543853649
1656268151.png,0.15011266618967056,-0.04631216824054718,0.0038905441761016846,-0.04704353213310236,-0.010752469301223755,-0.052139416337013245,-0.06883171200752264,-0.053705811500549344,-0.07819190621376038,-0.06281895935535431,0.07005829364061353,0.07231287658214569,-0.07005829364061354,-0.07231287658214575,-0.021444231271743802,0.26904383301734924,-0.00911854207515718,0.3058945536613465,0.10384210944175726,-0.02377539873123169,0.25056624412536627,0.020677149295806885,-0.10593545436859128,0.4421497881412507,-0.07939166761934759,0.5400851368904116,0.2214863002300263,0.11115473508834839,0.17482573725283146,0.05981105566024758,-0.10459953546524059,0.026604950428009033,0.0360531359910965,0.03079563379287742
1656268152.png,0.1512052342295646,-0.05324664711952204,0.0035635232925415594,-0.042535737156868036,-0.013255596160888616,-0.04849801957607272,-0.06391566991806036,-0.04490287601947787,-0.08167670667171475,-0.05670773983001712,0.06902093440294269,0.06346744298934931,-0.06902093440294266,-0.06346744298934937,-0.011753797531127957,0.2909041643142701,-0.035312741994857774,0.3297286629676818,0.13414506614208227,-0.052142560482025035,0.2912343442440033,-0.02593541145324685,-0.07896901667118078,0.48954504728317266,-0.06992647424340248,0.5795822739601136,0.25218099355697643,0.0779021978378297,0.27474663034081465,0.08039581775665261,-0.1487162709236145,0.017339110374450795,0.008007198572158702,0.01896488666534435
1656268153.png,0.15182778611779213,-0.06247673928737635,0.0028141438961028498,-0.042050808668136624,-0.016448795795440674,-0.048095315694809015,-0.06450995802879322,-0.038523718714714106,-0.08599869906902313,-0.05600619316101074,0.07086003199219704,0.06653587520122528,-0.07086003199219704,-0.06653587520122528,-0.010621696710586548,0.2843923568725586,-0.013507835566997528,0.31718525290489197,0.12479671835899353,-0.05152130126953125,0.2595882415771484,0.002773284912109375,-0.0837036669254303,0.4833011031150817,-0.06964104250073433,0.5803797543048859,0.2411572933197022,0.09940528869628928,0.23759105429053307,0.07705557346344005,-0.13405567407608043,0.00953179597854581,0.03294900059700007,0.003764331340789795
1656268154.png,0.17232105135917666,-0.08915725350379944,-0.011813819408416748,-0.043899372220039395,-0.019273757934570312,-0.04501838982105258,-0.08396068215370178,-0.00682596862316126,-0.09347313642501831,-0.011293604969978305,0.061292588710784884,0.055170401930808965,-0.061292588710784884,-0.055170401930808965,-0.07398521900176999,0.24145504832267767,-0.12501518428325653,0.30042809247970576,0.1731932163238525,-0.02924025058746338,0.2687026411294937,0.029940485954284668,-0.12052738666534418,0.4520070254802702,-0.12327372655272484,0.5530335307121277,0.25448513031005865,0.13993638753891025,0.28355350717902184,0.11582273244857777,-0.1506692171096803,0.024625420570373424,-0.06414303183555609,0.05484652519226085
1656268155.png,0.17269816994667048,-0.07514242827892303,-0.011874616146087646,-0.04413996636867526,-0.015768229961395153,-0.04525537788867953,-0.08032286167144775,-0.01508443057537076,-0.09156250953674322,-0.022182255983352633,0.058051675558090265,0.053373172879219,-0.05805167555809024,-0.053373172879219055,-0.0708419233560563,0.23373648524284368,-0.13216982781887052,0.2996477484703064,0.16773693263530728,-0.01768779754638683,0.2661299854516983,0.028451383113861084,-0.12258923053741458,0.4561494886875152,-0.12950995936989781,0.5396237969398497,0.2561309337615967,0.13204991817474354,0.2979466058313846,0.1080601215362551,-0.13558182120323187,0.03101521730422996,-0.0353988111019134,-0.09394097328186046
1656268156.png,0.1783231720328331,-0.05895482003688818,-0.01038852334022533,-0.043827340006828225,-0.014357179403304998,-0.04362313449382779,-0.0767025053501128,-0.01520593464374545,-0.08706977963447576,-0.02200666069984436,0.054561398923397064,0.0508132129907608,-0.05456139892339709,-0.05081321299076075,-0.07689923048019412,0.23288017511367798,-0.14839871972799298,0.2933872044086456,0.1663040518760681,-0.013139307498931996,0.2725610509514808,0.03748941421508789,-0.12961022555828097,0.43887615203857433,-0.1424351632595062,0.5363054573535917,0.27022598683834076,0.1548336148262025,0.280578151345253,0.11137443780899059,-0.1615860760211945,0.02850621938705422,-0.059455156326293945,0.0753512978553772
1656268157.png,0.1728997975587844,-0.06651915609836584,-0.009682446718215831,-0.044499620795249994,-0.015777111053466852,-0.047196894884109525,-0.07767662405967718,-0.018335506319999667,-0.08833122253417958,-0.027043581008911133,0.057538017630577115,0.0544612854719162,-0.057538017630577115,-0.0544612854719162,-0.07400977611541754,0.23382541537284834,-0.13572449050843716,0.3077841997146606,0.15710929036140442,-0.01795363426208474,0.27347443066537375,0.026028811931610107,-0.11067998409271249,0.4561948478221894,-0.11653843149542809,0.5424483418464658,0.2727103531360626,0.13488602638244607,0.3139181695878506,0.10854440927505515,0.17833250761032104,-0.3194432258605956,-0.042225927114486694,-0.09897536039352428
1656268158.png,0.13067003339529035,-0.13693669438362122,-0.0016574561595916748,-0.04050739109516144,-0.02306187152862549,-0.0487980842590332,-0.06691937148571012,-0.01261983811855319,-0.09829592704772946,-0.02076852321624756,0.09625736624002462,0.031407490372657776,-0.0962573662400246,-0.031407490372657776,0.07254810631275163,0.2375299334526062,0.1146019846200943,0.2759220898151399,0.1450953483581543,0.025259733200073353,0.2891959995031357,0.04125732183456421,-0.0727669447660447,0.4601941704750061,-0.03960434067994356,0.5228367745876312,0.2590310275554656,-0.053509116172790416,0.25032097566872835,-0.08769905567169178,0.26453110575675975,-0.13122463226318382,0.027597486972808893,0.02149301767349221
1656268159.png,0.15191711857914914,-0.11257714033126826,-0.008710980415344127,-0.04021270573139191,-0.02298280596733082,-0.03983233869075775,-0.0701119601726532,-0.0008949339389801303,-0.09020385146141052,-0.008417338132858276,0.0955645926296711,0.0368768572807312,-0.09556459262967111,-0.0368768572807312,0.04834449291229248,0.21877792477607733,0.07907370477914809,0.25498548150062567,0.136311024427414,0.019522428512573353,0.2982533872127532,0.04402649402618408,-0.1449171453714371,0.43588092923164373,-0.10075770691037177,0.48253521323204046,0.23098979890346524,-0.10295915603637695,0.17176775261759755,-0.22111672163009644,0.12665981054306025,-0.09698349237442017,0.023208171129226712,0.16363418102264404
1656268160.png,0.15450106188654894,-0.11492750048637382,-0.010528326034545843,-0.03939619660377511,-0.024440675973892156,-0.03836536407470714,-0.0762786865234375,0.0014265328645706177,-0.09319722652435303,-0.0026107579469680786,0.09514309093356133,0.03521175682544703,-0.09514309093356133,-0.03521175682544703,0.047850996255874634,0.2149381041526795,0.07903016358613968,0.2572284638881683,0.13743421435356146,0.021650373935699574,0.2980924695730209,0.043097078800201305,-0.14260900020599365,0.41624253988265997,-0.08949283696711063,0.48289218544960005,0.22976797819137568,-0.07594192028045643,0.16053784079849714,-0.22164797782897938,0.12630933523178095,-0.10038626194000255,0.024768084287643516,0.16341537237167347
1656268161.png,0.15543059259653091,-0.11464527249336243,-0.01055842638015747,-0.03924335539340973,-0.02417019009590149,-0.038218304514884976,-0.07740309834480286,0.0011219978332519254,-0.09337154030799866,-0.0030442476272582453,0.09543249756097794,0.03431308269500727,-0.09543249756097795,-0.034313082695007324,0.0453585684299469,0.21329492330551153,0.07995916903018953,0.2585420608520509,0.13932383060455317,0.022937655448913574,0.29591864347457886,0.04048103094100941,-0.14308539032936096,0.4203340411186219,-0.10074842534959315,0.47932881116867054,0.2156621217727661,-0.06038033962249767,0.17251134477555752,-0.21605008840560902,0.13999173045158386,-0.1196184754371642,0.010682076215744046,0.18109160661697388
1656268162.png,0.1559234596788884,-0.11349736154079443,-0.010676592588424738,-0.039267063140869085,-0.0242950320243836,-0.03792826831340784,-0.07744371891021729,0.00012032687664026431,-0.09189751744270325,-0.004080653190612793,0.09503028169274327,0.03451074659824366,-0.09503028169274329,-0.03451074659824366,0.045091927051544245,0.2121118307113648,0.07569254189729692,0.2583374083042143,0.13997361063957214,0.03033512830734264,0.29962837696075445,0.041050732135772816,-0.14044433832168574,0.4219148755073547,-0.10133889317512511,0.4805168211460113,0.2140206098556518,-0.0616990327835083,0.1660921797156334,-0.22418838739395142,0.1406829953193665,-0.12003123760223378,0.03345277905464175,0.19046366214752197
1656268163.png,0.15278960019350052,-0.10912661254405981,-0.0096779465675354,-0.04132100939750666,-0.023072451353073176,-0.04252175986766807,-0.07444807887077332,-0.001185655593872098,-0.0921235382556915,-0.004052251577377347,0.09634894877672195,0.03219868242740637,-0.09634894877672195,-0.03219868242740631,0.04829496145248413,0.21343067288398737,0.07999470829963687,0.25665533542633057,0.13883504271507263,0.03204715251922596,0.2988498657941818,0.03770560026168823,-0.14176130294799807,0.42218217253685003,-0.09962556418031454,0.46563827991485607,0.217664510011673,-0.10092192888259899,0.17209496255964038,-0.2054629921913148,0.14279887080192566,-0.0775861144065857,0.029956698417663546,0.16092479228973378
1656268164.png,0.15309481695294375,-0.10724322497844696,-0.00999301671981806,-0.040650054812431335,-0.02288752794265736,-0.04208609461784363,-0.07532897591590876,-0.002047225832939148,-0.09273292124271393,-0.004608467221260071,0.09533338621258736,0.032130345702171326,-0.09533338621258734,-0.032130345702171326,0.049282371997833196,0.21252137422561646,0.07911736518144609,0.2581731379032135,0.13844001293182379,0.034667789936065674,0.29954105615615856,0.04091256856918335,-0.13974103331565857,0.42152678966522206,-0.10187313705682756,0.465292066335678,0.20135697722435003,-0.0987601876258849,0.17343071103096014,-0.2037978172302245,0.1578609645366667,-0.079123854637146,0.3225854784250259,0.04358559846878052
1656268165.png,0.15196129679679865,-0.10492046177387238,-0.00961929559707636,-0.041057422757148715,-0.023038059473037664,-0.042602300643920954,-0.07498916983604431,-0.00351712107658389,-0.09253029525279996,-0.006632611155509893,0.0946214497089386,0.030609175562858637,-0.09462144970893858,-0.03060917556285858,0.047378808259964045,0.2149850726127624,0.07702633738517757,0.25482502579689015,0.14049506187438965,0.03481280803680409,0.30050963163375854,0.041324377059936745,-0.1392543762922287,0.427270233631134,-0.10110013559460641,0.479402393102646,0.21382464468479145,-0.05993378162384044,0.16982582584023473,-0.21657729148864757,0.14410054683685303,-0.12118166685104359,0.032748296856880243,0.18342047929763772
1656268166.png,0.16535036265850064,-0.08879907429218287,-0.0083310306072234,-0.04200243949890142,-0.022612571716308483,-0.040760084986686734,-0.07631325721740728,-0.009793832898140009,-0.09000897407531744,-0.013532280921936035,0.09330011904239652,0.04187591373920446,-0.09330011904239652,-0.04187591373920441,0.0518282949924469,0.2102831304073332,0.06831569969654083,0.2631320357322692,0.14144733548164373,0.016338109970092773,0.3018709272146226,0.04030972719192516,-0.1566271185874938,0.4284683763980865,-0.1102746482938528,0.486151158809662,0.22639608383178703,-0.05734109878540039,0.16710669361054897,-0.226831614971161,0.14435929059982316,-0.13757115602493286,0.32990801334381104,0.05495959520339955
1656268167.png,0.16276495158672338,-0.0846076905727387,-0.005521565675735529,-0.04362392425537104,-0.022817224264144953,-0.043877199292182895,-0.07998934388160706,-0.013211011886596707,-0.09141391515731817,-0.02040979266166687,0.09298790991306305,0.04330718517303467,-0.09298790991306305,-0.04330718517303467,0.05215305089950556,0.21343716979026794,0.07387992739677429,0.2648221552371979,0.13917279243469233,0.011437177658081166,0.29210996627807617,0.03822559118270874,-0.15792323648929596,0.4275013506412506,-0.11094704829156399,0.4869299829006195,0.2291575819253922,-0.08259296417236328,0.172302296385169,-0.21900886297225952,0.14227390289306646,-0.1112988591194154,0.06769962608814242,0.1768786907196045
1656268168.png,0.0898359939455986,-0.09338404238224032,0.026836365461349487,-0.025855094194412204,-0.019324213266372736,-0.06319685280323029,-0.003406286239624079,0.006438568234443637,-0.07326443493366233,-0.04364538192749021,0.13313394039869308,0.05216020345687866,-0.13313394039869308,-0.05216020345687872,0.06560775637626648,0.27415338158607483,-0.03611192852258683,0.26764884591102606,0.03615930676460272,-0.06750118732452393,0.19800985604524615,-0.11032864451408392,-0.02547755837440485,0.4354152977466582,0.05094869434833526,0.5369472205638885,0.22629335522651656,0.06978732347488403,0.17325201630592346,0.016629517078399547,0.014559209346771351,0.046812117099762185,0.03177732229232788,0.05568116903305076
1656268169.png,0.10307192616164687,-0.08821368217468262,0.02311193943023679,-0.034250423312187195,-0.02021822333335882,-0.0621910095214844,-0.0149078369140625,-0.015083312988281306,-0.07761402428150177,-0.055981099605560275,0.110164700075984,0.03828775882720947,-0.110164700075984,-0.03828775882720953,0.09835833311080933,0.23346513509750366,-0.00805882178246975,0.3207650780677796,-0.03915640711784363,-0.04073321819305431,0.06325417943298817,0.01466214656829834,0.01600348949432373,0.4617719054222108,0.07327483966946602,0.5517352819442749,0.22665658593177795,-0.028205692768097035,0.1452374830842018,-0.017437279224395752,-0.1868694424629212,0.2071956992149352,0.019918709993362427,0.18735307455062866
1656268170.png,0.11721368134021762,-0.06694969534873962,0.020785570144653376,-0.03420892357826236,-0.01977923512458804,-0.06146669387817383,-0.016764521598815973,-0.020680665969848605,-0.0756781846284866,-0.06264086067676546,0.11397041380405423,0.03801412880420685,-0.11397041380405423,-0.03801412880420685,0.09189394116401678,0.24840569496154785,-0.01534734480082988,0.3357486426830292,-0.010312020778656006,-0.04315310716629028,0.08127181045711042,0.021133661270141713,0.033392071723938044,0.4531984329223633,0.10448448359966281,0.5669819414615631,0.21729236841201782,0.017747223377227783,0.15076638758182523,-0.004218101501464955,0.06380677223205566,0.10391658544540427,0.11621585488319403,0.05022484064102173
1656268171.png,0.11973743885755542,-0.05312922596931455,0.022763401269912664,-0.028980642557144193,-0.020048767328262385,-0.058548882603645325,-0.015729606151580755,-0.014593601226806668,-0.08285820484161371,-0.06656423956155781,0.12043332308530805,0.027788624167442322,-0.12043332308530805,-0.027788624167442266,0.06971311569213873,0.2777160704135895,-0.019622961059212685,0.3362253904342651,-0.05010905861854553,-0.2352449595928192,0.10818605311214924,0.0227375030517577,-0.023719996213912964,0.4800884425640104,0.04286117106676102,0.5523203015327454,0.23413386940956116,-0.04996037483215321,0.07250716537237167,-0.11834466457366943,-0.08226639032363886,0.09263551235198975,0.14999209344387054,0.053976893424987904
1656268172.png,0.12363458052277562,-0.0410111546516419,0.0196849405765534,-0.031425163149833624,-0.02101874351501465,-0.057671234011650085,-0.015132606029510554,-0.01663699746131897,-0.07505750656127927,-0.07235339283943171,0.12335351482033732,0.03040429949760437,-0.12335351482033732,-0.030404299497604426,0.06284147500991816,0.2697820961475371,-0.019666302949190143,0.3381979167461396,-0.04357191920280462,-0.23012980818748474,0.10199980065226556,0.020477890968322754,-0.02892962098121654,0.4540854990482328,0.04359696060419081,0.5355655848979952,0.26633197069168096,-0.032360434532165305,0.09040898084640507,-0.06732577085495006,-0.10669213533401495,0.09960341453552246,0.13082268834114072,0.08531475067138661
1656268173.png,0.1270456034690142,-0.048926591873168945,0.02376040816307068,-0.029283538460731506,-0.01933532953262329,-0.05671653151512149,-0.01746654510498047,-0.014802694320678739,-0.07758454978466034,-0.07199783623218534,0.12194046564400193,0.037529945373535156,-0.12194046564400193,-0.037529945373535156,0.06515625119209295,0.26274749636650085,-0.019834822043776512,0.3410052955150603,-0.04048135876655573,-0.2406505048274994,0.10327422805130482,0.01890254020690929,-0.038610130548477145,0.4578329026699065,0.02910202369093895,0.5357783138751984,0.2654590606689453,-0.06595617532730091,0.08492543548345566,-0.0982699990272522,-0.10627344250679016,0.0942574143409729,0.13439284265041357,0.0589524507522583
1656268174.png,0.12880299054086203,-0.044772341847419794,0.023124963045120295,-0.02824541926383964,-0.01901018619537348,-0.056163921952247564,-0.017040729522705134,-0.015167996287345914,-0.07799649238586429,-0.07158821821212769,0.1231283601373434,0.03249199688434595,-0.1231283601373434,-0.03249199688434595,0.06312936544418335,0.27311533689498907,-0.020503852516412735,0.34156915545463556,-0.04101967811584478,-0.23732823133468628,0.10278035700321196,0.015898287296295166,-0.04112689197063446,0.46245515346527105,0.02820218726992607,0.5351391136646271,0.27914296090602864,-0.06113523244857788,0.0828796774148941,-0.09726089239120495,-0.12300693988800038,0.12168323993682861,0.13868604600429535,0.1974315643310547
1656268175.png,0.13029434531927114,-0.050191402435302734,0.022892117500305065,-0.026855856180191096,-0.01858836412429815,-0.05533261597156522,-0.019053399562835693,-0.014720201492309543,-0.07780079543590548,-0.06992074847221377,0.12016954272985458,0.03892862796783453,-0.12016954272985458,-0.03892862796783447,0.06767332553863525,0.26032999157905573,-0.02084023505449295,0.34169891476631153,-0.03962135314941406,-0.2369870841503144,0.09563644975423813,0.018720388412475808,-0.03585484623909002,0.4522139728069306,0.02958034723997116,0.5343827903270719,0.27798634767532354,-0.046407759189605824,0.10247647017240522,-0.06517523527145364,-0.08773291110992432,0.12802302837371826,0.1287912726402283,0.08196532726287842
1656268176.png,0.12713085673749447,-0.04387186467647547,0.023487240076065063,-0.027033612132072504,-0.01883938908576971,-0.057028457522392384,-0.015904664993286077,-0.013124182820320102,-0.07873675227165217,-0.07009834051132197,0.12413748167455196,0.03184105455875391,-0.12413748167455196,-0.03184105455875397,0.06099671125411987,0.2753739953041077,-0.019614659249782562,0.3429526388645172,-0.04113113880157471,-0.2267304956912995,0.09401104971766472,0.020746469497680553,-0.04295055568218234,0.4642199873924256,0.029150146991014494,0.5357178151607513,0.2793158143758774,-0.05946612358093262,0.08391935378313063,-0.09492313861846924,-0.12357431650161738,0.12039995193481434,0.14968682825565344,0.19616246223449718
1656268177.png,0.12891479022800925,-0.04393649101257324,0.022739291191101074,-0.027012348175048828,-0.01889628171920782,-0.05495052039623263,-0.017499238252639826,-0.015842750668525668,-0.07699546217918393,-0.07074514031410215,0.12227894552052018,0.033572643995285034,-0.12227894552052018,-0.033572643995285034,0.0635302364826203,0.2707817852497101,-0.021689519286155694,0.34145501255989075,-0.042354673147201594,-0.23855462670326238,0.09608856216073039,0.01975601911544811,-0.04360975325107569,0.4662528336048125,0.02742108330130579,0.5386922061443328,0.2673472315073012,-0.06620287895202626,0.1007368490099907,-0.0949692130088805,-0.09071755409240717,0.11965137720108032,0.11973015964031217,0.07716250419616699
1656268178.png,0.12754972651600843,-0.044808462262153625,0.0233811736106872,-0.02743123471736908,-0.018837660551071223,-0.05565761029720309,-0.01641204953193659,-0.01461796462535861,-0.07687281072139743,-0.06916624307632444,0.12307979539036751,0.03213821351528168,-0.12307979539036751,-0.03213821351528168,0.062499016523361206,0.2735765874385834,-0.02184053137898446,0.3418468236923218,-0.042772114276885986,-0.24115866422653193,0.09792147949337958,0.018211305141448975,-0.04127287864685053,0.46921655535697926,0.02945547550916671,0.5380238294601438,0.27865427732467657,-0.04793381690978982,0.09700672328472135,-0.09504532814025868,-0.23928284645080578,0.2440197467803954,0.12205332517623904,0.19211906194686879
1656268179.png,0.12952997907996178,-0.046504467725753784,0.02363261580467224,-0.027125790715217563,-0.018615007400512695,-0.056656867265701294,-0.018256455659866277,-0.009403973817825345,-0.07759927213191983,-0.06745649874210358,0.1223435066640377,0.03334629535675049,-0.1223435066640377,-0.03334629535675043,0.064476877450943,0.27131760120391846,-0.02180768921971321,0.3427132368087768,-0.04082319140434265,-0.23963606357574457,0.09734390303492546,0.018818438053131104,-0.04041528701782224,0.4645717740058899,0.029131874442100525,0.5377077460289001,0.2665077745914459,-0.06466430425643921,0.08394617587327957,-0.09618568420410167,-0.09308856725692743,0.120921790599823,0.13490048050880432,0.1928192377090453
1656268180.png,0.12797605432569972,-0.04447560012340546,0.023008078336715698,-0.027604803442955045,-0.01885703206062317,-0.05565586686134341,-0.019660383462905717,-0.01159036159515378,-0.07696305215358729,-0.0695972591638565,0.12392329610884192,0.031609103083610535,-0.12392329610884192,-0.031609103083610535,0.0618233978748321,0.2741973400115967,-0.022021986544132226,0.3417748510837555,-0.04154658317565918,-0.24029955267906183,0.09389847889542578,0.02122974395751953,-0.04288378357887271,0.4647213816642761,0.029392529278993614,0.5386024415493011,0.27919062972068787,-0.06308948993682861,0.08423078060150146,-0.09757500886917114,-0.12322667241096491,0.12208986282348633,0.13404244184494019,0.10632920265197754
1656268181.png,0.12879487685859206,-0.04483002424240118,0.023079723119735718,-0.026943132281303378,-0.018893480300903376,-0.05574519932270042,-0.019154012203216608,-0.010952547192573547,-0.0772204846143722,-0.06843458116054538,0.1226049046963453,0.033831268548965454,-0.1226049046963453,-0.03383126854896551,0.06353551149368292,0.272134929895401,-0.022678051143884655,0.3422996103763581,-0.04129070043563837,-0.23921632766723633,0.09545498341321944,0.022305011749267578,-0.04109437763690946,0.46149536967277516,0.02788785472512246,0.5379400551319122,0.2776269465684892,-0.08212566375732411,0.0873226448893547,-0.09699398279190063,-0.10407349467277549,0.11332792043685913,0.12956607341766357,0.05453634262084961
1656268182.png,0.13005739077925677,-0.045900195837020874,0.02281507849693304,-0.02655608952045438,-0.0191916525363921,-0.05504707992076874,-0.018575280904769897,-0.011276364326477079,-0.07723274827003485,-0.06904396414756775,0.12274855002760887,0.03405380249023432,-0.12274855002760887,-0.03405380249023432,0.06385728716850281,0.27087602019310003,-0.021970205008983612,0.34227034449577337,-0.0412309467792511,-0.24114593863487244,0.09749680757522583,0.020914733409881592,-0.03007817268371582,0.4604963958263399,0.029083430767059326,0.5372011363506319,0.26656413078308117,-0.08229243755340587,0.08533581346273422,-0.09650719165802013,-0.08523681759834306,0.13755559921264637,0.1313087940216065,0.07786047458648648
1656268183.png,0.16605901718139643,-0.08567477762699127,-0.008537054061889648,-0.0354471951723099,-0.023085922002792303,-0.04454234242439273,-0.07415696978569031,-0.00404667854309082,-0.0962910205125809,-0.01103314757347107,0.10631397366523743,0.03216040134429926,-0.10631397366523743,-0.032160401344299316,0.052060067653656006,0.2577058374881745,0.010122127830982208,0.28731271624565125,-0.02434718608856201,-0.2299776077270509,0.09316297620534897,-0.015816807746887207,-0.02919796109199524,0.46764531731605524,0.01889762282371521,0.5276678502559662,0.24314561486244202,-0.16011887788772572,0.14001160860061646,-0.1905977725982666,0.007442533969879261,0.0460086464881897,0.07330912351608287,0.09129488468170166
1656268184.png,0.15364419668912888,-0.08384880423545843,-0.010244965553283802,-0.039328411221504156,-0.02325275540351862,-0.037879869341850225,-0.07911339402198775,-0.007296487689018277,-0.08497336506843567,-0.013952448964118985,0.10459243506193161,0.032697856426239014,-0.10459243506193161,-0.032697856426239014,0.01404100656509405,0.2367531955242157,0.0497041046619415,0.27310696244239807,0.0966160893440246,0.05855870246887207,0.30018047988414776,0.04655158519744873,-0.10645873844623563,0.4554028809070587,-0.06345278769731522,0.5021095573902129,0.24860118329524997,-0.2073567509651184,0.19078572839498514,-0.019517600536346325,0.02811953425407404,0.01850271224975586,0.23240610957145696,-0.1534065604209901
1656268185.png,0.15717823803424835,-0.08551794290542597,-0.008960962295532227,-0.040759518742561424,-0.02135607600212097,-0.039942786097526606,-0.07988855242729187,-0.01091146469116211,-0.08703458309173584,-0.017905503511428833,0.10265515744686121,0.038311928510665894,-0.10265515744686124,-0.038311928510665894,0.008516490459442194,0.2350875437259673,0.053651720285415594,0.2813187539577484,0.14741262793540955,0.017348647117614968,0.29610833525657654,0.04471224546432495,-0.1139256209135055,0.45020464062690735,-0.06286931037902833,0.5176995098590851,0.23755203187465668,-0.017749190330505482,0.20215234160423268,0.004875659942626953,0.2658773958683013,-0.1567232608795166,0.2203531563282013,-0.18586522340774547
1656268186.png,0.1594665423035621,-0.08544686436653137,-0.011028498411178533,-0.039358809590339605,-0.022893935441970714,-0.038667306303977994,-0.08066609501838684,-0.008958175778389088,-0.08717134594917303,-0.015259712934493963,0.10350755602121353,0.03569343686103821,-0.10350755602121353,-0.03569343686103821,0.0061896443367004395,0.2422332465648651,0.05388416349887848,0.2839669883251189,0.14787179231643666,0.015350043773651123,0.2981353998184204,0.04195642471313499,-0.11415678262710574,0.4568593204021454,-0.07002917677164078,0.5192407667636872,0.23520386219024655,-0.018793463706970215,0.21094416826963425,0.004728555679321067,0.2732046246528626,-0.15779054164886475,0.21927940845489502,-0.18759715557098378
1656268187.png,0.16081244498491284,-0.09013728797435772,-0.011619091033935491,-0.03937205672264099,-0.023084044456481823,-0.03907904028892514,-0.08075693249702454,-0.008596017956733704,-0.08746635913848888,-0.015685841441154508,0.10294217616319654,0.039676800370216314,-0.10294217616319654,-0.03967680037021637,0.0062412321567535956,0.23524644970893854,0.052321985363960294,0.2845463156700132,0.14868342876434326,0.015584886074066162,0.2993350923061371,0.04264175891876232,-0.11449348926544184,0.45013186335563665,-0.07111591100692749,0.5201639533042907,0.2370107769966126,-0.017885208129883035,0.21108688414096832,0.02632892131805431,0.26862654089927657,-0.15978306531906117,0.2196599543094635,-0.2095233201980593
1656268188.png,0.1590104848146438,-0.08735704421997065,-0.011372387409210094,-0.038687318563461415,-0.023578703403472845,-0.03782694041728982,-0.07970419526100164,-0.0063677281141280295,-0.08672302961349487,-0.013008683919906588,0.1045970767736435,0.03520238399505621,-0.1045970767736435,-0.03520238399505615,0.003401577472686712,0.24315151572227472,0.0527948588132858,0.28383395075798035,0.14840388298034674,0.015588045120239258,0.2982623428106307,0.04295092821121216,-0.11465094983577725,0.4554117023944853,-0.06153843551874161,0.5193000733852388,0.26570098102092743,-0.20702332258224476,0.2024461105465889,0.006245315074920321,0.23712635040283192,0.033847689628601074,0.219163477420807,-0.18946987390518177
1656268189.png,0.13872708380222315,-0.07556119561195379,0.0032249093055725653,-0.03997802734374997,-0.01276481151580805,-0.047694250941276495,-0.0632572025060654,-0.045741870999336215,-0.0796715170145035,-0.06267453730106354,0.08940039575099945,0.05449706315994263,-0.08940039575099945,-0.05449706315994268,0.05942857265472418,0.24478402733802795,0.08327493071556094,0.24087527394294744,0.1121000349521637,0.02110576629638672,0.3102133870124816,0.07196545600891113,-0.04253529012203219,0.38060089945793163,-0.0187153033912182,0.49551609158515936,0.2772734612226486,-0.15155994892120372,0.22182155773043633,-0.026495933532714733,-0.0004997849464415949,-0.0013418197631835938,0.19393989443779003,-0.14935660362243663
1656268190.png,0.13321632333099842,-0.08864374458789825,0.006301224231719915,-0.03933906555175773,-0.018197119235992487,-0.048966363072395325,-0.05588825047016138,-0.03758883476257327,-0.08641998469829554,-0.052570626139640725,0.08385963924229145,0.06235046684741968,-0.08385963924229145,-0.06235046684741968,-0.009236946702003479,0.23102071881294262,0.012735601514577866,0.2919875979423523,0.14638444781303406,0.0011156797409057617,0.26554097980260843,0.013322293758392334,-0.043172672390937805,0.45543065667152405,-0.014102570712566369,0.5675212740898133,0.23750275373458868,0.07498514652252197,0.2652272693812847,0.035222768783569225,0.19896900653839106,-0.2848858833312987,0.0278070867061615,0.04167437553405762
1656268191.png,0.15326685458421718,-0.07630299031734467,0.002477049827575628,-0.03995580971241,-0.017792910337448176,-0.045311003923416165,-0.06291759014129639,-0.02380719780921936,-0.08602689206600192,-0.04516790807247156,0.074119932949543,0.05379284918308258,-0.07411993294954297,-0.05379284918308258,-0.03067111968994135,0.2736695110797882,-0.05103839933872221,0.3136732578277589,0.1298731565475464,-0.04261922836303722,0.27985849976539606,-0.009245932102203591,-0.06795327365398401,0.47230151295661915,-0.036639012396335574,0.5495486259460448,0.25224073231220245,0.1233167052268982,0.2589500173926353,0.15017861127853405,-0.15309137105941767,0.011037766933441162,-0.0031194388866424005,-0.028147459030151367
1656268192.png,0.1642101332545281,-0.08156540989875799,-0.0009309947490692139,-0.04381868243217468,-0.017281383275985662,-0.047293320298194885,-0.07257190346717834,-0.01957981288433075,-0.08983683586120611,-0.03249204158782962,0.07292311638593674,0.058346182107925415,-0.07292311638593671,-0.058346182107925415,-0.0547879487276077,0.24326428771018965,-0.05933853983879086,0.32164946198463434,0.12240262329578402,-0.03281956911087036,0.2702155858278274,-0.0008526444435119629,-0.0800418406724929,0.4711933434009549,-0.06300257146358487,0.5683107078075409,0.25329239666461933,0.08815801143646262,0.2942631244659424,0.06666433811187733,-0.17640663683414454,0.031875371932983176,-0.022988349199295044,-0.02810925245285023
1656268193.png,0.15838329866528517,-0.04703168570995331,0.005523264408111517,-0.04344609379768369,-0.013860046863555964,-0.05012853443622595,-0.06045109033584595,-0.03690294921398163,-0.08206804096698761,-0.05638840794563288,0.0682145245373249,0.05083544552326208,-0.06821452453732492,-0.050835445523262024,-0.04164308309555059,0.23665598034858687,-0.05923457071185111,0.3158225417137146,0.1319465339183808,-0.0020255446434018776,0.27643339708447456,0.005556821823120117,-0.06585982441902163,0.4989593327045439,-0.06244806572794913,0.5649343132972717,0.23942190408706662,0.07955986261367798,0.27997084334492683,0.10910052061080955,0.04652661085128784,0.014486312866210826,-0.007159620523452814,-0.0036008358001710095
1656268194.png,0.1570449322462082,-0.10043929517269129,-0.0008864104747772772,-0.038340598344802884,-0.021406829357147272,-0.044613361358642606,-0.06439355015754694,-0.00816679000854495,-0.09157721698284144,-0.026373475790023804,0.07183875143527985,0.05853083729743963,-0.07183875143527986,-0.058530837297439575,-0.05127641558647156,0.24494603276252752,-0.05989284068346022,0.3223002851009369,0.1252756416797638,-0.03553318977355968,0.2758859172463417,-0.007898509502410889,-0.07561953365802765,0.4841537773609162,-0.06262930855154988,0.5651877820491791,0.2403361052274704,0.10215443372726407,0.2942032776772976,0.13466835021972623,-0.14408239722251898,-0.0037240982055664062,-0.037988126277923584,-0.05045408010482766
1656268195.png,0.15025780722498894,-0.10887271165847778,-0.0011022090911865234,-0.036555051803588895,-0.0231265127658844,-0.04325990378856656,-0.0652708113193512,-0.001691222190856878,-0.09329657256603247,-0.015124112367630033,0.07284588739275932,0.051687747240066584,-0.07284588739275931,-0.051687747240066584,-0.04536224901676178,0.25074914097785944,-0.08440921083092691,0.3129259645938874,0.1691292673349381,-0.02291029691696167,0.2991126738488674,-0.016382813453674205,-0.0809282660484314,0.4804279506206512,-0.0567990615963936,0.5742495954036713,0.2671071887016297,0.06216943264007557,0.28480833768844604,0.06995469331741322,0.19741600751876837,-0.2791415452957152,-0.019649416208267156,-0.028413057327270508
1656268196.png,0.12867933139204973,-0.138322189450264,-0.009965777397155706,-0.04521007835865021,-0.023756235837936346,-0.049598291516304016,-0.0837442874908447,-0.0036424249410628995,-0.10340018570423129,-0.0061082839965820035,0.09910706803202629,0.025021031498908997,-0.09910706803202629,-0.025021031498908997,0.08915705978870386,0.25936564803123474,0.15667625516653066,0.2883620262145996,0.1637734472751618,0.023767530918121338,0.28903718292713165,0.03850799798965454,-0.08013942837715149,0.4694999158382416,-0.029722892679274075,0.5316725373268129,0.2562376111745835,-0.009558379650115856,0.24502259586006403,-0.05346828699111961,0.3193713724613188,-0.15521347522735607,0.24575963616371155,-0.13706332445144642
1656268197.png,0.146842572838068,-0.09433995187282568,-0.00583299994468689,-0.04426328837871549,-0.026162505149841253,-0.04679811000823969,-0.07601505517959595,-0.006783291697502136,-0.09575033187866214,-0.009799689054489163,0.09964919462800026,0.03297168016433716,-0.09964919462800026,-0.0329716801643371,0.055529624223709106,0.23448273539543152,0.09413071721792218,0.2712332904338836,0.15009033679962158,0.02018570899963379,0.30194468796253215,0.043107688426971436,-0.13337789475917816,0.43949589133262623,-0.08913703635334969,0.5013242661952972,0.21966631710529322,-0.054676830768585094,0.1737053357064724,-0.225921630859375,0.14241313934326177,-0.12411803007125854,0.3227783441543578,0.05160045623779286
1656268198.png,0.14483219385147095,-0.09219603240489965,-0.007159560918807983,-0.04456755518913261,-0.0253027081489563,-0.047603100538253756,-0.07901588082313532,-0.009359553456306513,-0.09537278115749359,-0.01003094017505643,0.10167640447616577,0.03630517423152918,-0.10167640447616577,-0.036305174231529236,0.0562497079372406,0.23437958955764776,0.09371611475944513,0.27684584259986866,0.14576607942581177,0.018761932849884033,0.30187866091728216,0.04206722974777233,-0.1358510851860046,0.45953255891799943,-0.08520692400634289,0.5081956684589385,0.23205289244651803,-0.058867692947387806,0.169268948957324,-0.2287011146545409,0.12999206781387318,-0.14091747999191295,0.32543812692165364,0.051996052265167236
1656268199.png,0.14635964855551725,-0.09446020424366,-0.00369825959205633,-0.04336121678352353,-0.025746077299118098,-0.04650068283081049,-0.0765667855739594,-0.007916539907455444,-0.09372273087501526,-0.010518699884414728,0.10100620612502098,0.03237408399581909,-0.10100620612502098,-0.03237408399581909,0.0527571439743042,0.2344094216823578,0.09690482169389728,0.26698753237724315,0.14438924193382258,0.020589053630828857,0.2986614853143692,0.04714316129684437,-0.13260065019130707,0.44579651951789856,-0.08390149101614952,0.5055905282497406,0.23208926618099213,-0.06552845239639271,0.1697608716785908,-0.23396193981170654,0.12731036543846141,-0.11921805143356334,0.322296142578125,0.0536271333694458
1656268200.png,0.13327847048640257,-0.09420417249202731,0.0007738173007963978,-0.037083625793457003,-0.025611788034439198,-0.0438347309827804,-0.05279922485351557,-0.0021568983793258945,-0.093752771615982,-0.01421527564525607,0.120077233761549,0.03282099962234497,-0.12007723376154901,-0.03282099962234497,0.08239132165908808,0.21150818467140198,-0.0679879682138562,0.24330642819404613,-0.08740377426147461,0.012907266616821289,0.23204049188643694,-0.11241725087165855,-0.036738306283950806,0.42730507254600525,0.029370851814746884,0.5108916461467743,0.23390671610832203,-0.0818237066268922,0.1776740700006485,-0.03763461112976074,0.01749914884567272,0.06238889694213867,0.025709718465804998,0.03563576936721802
1656268201.png,0.10083811730146408,-0.07320055365562445,0.02825579047203064,-0.030251011252403176,-0.01768714189529419,-0.05656610429286951,-0.003853350877761841,-0.004965782165527399,-0.06861515343189245,-0.04775170981884003,0.11137955635786057,0.005378842353820801,-0.11137955635786057,-0.005378842353820801,0.051560789346694946,0.2355549931526184,-0.056670183315873146,0.2396056056022644,-0.027515381574630737,0.001022934913635254,0.12266061641275885,0.031516075134277344,-0.05941510200500491,0.38985413312911976,0.0012434124946594377,0.4216305613517761,0.1907627582550048,-0.09233808517456055,0.07918517291545867,-0.14914488792419434,-0.2668616175651549,-0.028961896896362194,0.11627277731895441,0.23804783821105968
1656268202.png,0.09235487505793571,-0.07558690011501312,0.02572472393512723,-0.0268042534589768,-0.018772333860397283,-0.05562259256839752,-0.005544334650039673,-0.008962988853454562,-0.06573307514190677,-0.04874449968338013,0.11408418044447896,0.021899983286857605,-0.11408418044447896,-0.021899983286857605,0.08280870318412786,0.23331815004348755,-0.020146943628787987,0.2894289791584015,-0.08335387706756597,-0.06197553873062134,0.08960071951150893,0.015432417392730713,-0.004133045673370306,0.4467452168464662,0.06880855560302734,0.4942496120929717,0.1674688458442688,-0.006766140460968129,0.03759270161390306,-0.021985530853271595,-0.09937906265258789,0.10973483324050903,0.1293102204799652,0.10461592674255404
1656268203.png,0.10023850761353967,-0.07458800077438354,0.02312049269676203,-0.02846243977546689,-0.01645030081272117,-0.056375578045845004,-0.008586913347244207,-0.009113192558288574,-0.0712543725967408,-0.05185252428054815,0.11660031042993071,0.019399583339691218,-0.11660031042993071,-0.019399583339691162,0.07432281970977778,0.22980478405952448,-0.017326034605503086,0.2805006802082062,-0.07829919457435608,-0.047696292400359996,0.07340966537594795,-0.006048262119293213,-0.005388677120208851,0.4527817070484161,0.06399023160338403,0.5009991228580475,0.16647490859031688,-0.016645371913909912,0.06017011404037474,-0.007639646530151478,-0.10107222199440008,0.12506312131881703,0.07732801139354709,0.08741796016693115
1656268204.png,0.10349392239004368,-0.0999046862125397,0.02550056576728832,-0.02490961551666257,-0.016835615038871682,-0.05714830756187436,-0.007214158773422241,-0.004172727465629578,-0.07078596949577334,-0.0462520271539688,0.1253080302849412,0.035163089632987976,-0.1253080302849412,-0.03516308963298803,0.04310053586959839,0.28563129901886,-0.005541944876313213,0.30510333180427557,0.13411581516265864,-0.029519617557525746,0.048464681953191764,-0.052534401416778564,-0.03860898315906522,0.4583436846733093,0.05277824588119984,0.5211253464221957,0.200874850153923,0.11803025007247925,0.11812074482440946,0.06200832128524769,-0.0021622478961945135,0.02419370412826538,0.059450864791870145,0.030198097229003906
1656268205.png,0.17668579518795013,-0.07223668694496155,-0.006125897169113159,-0.0393394082784653,-0.017249733209609985,-0.045801833271980286,-0.08068698644638067,-0.03287553787231445,-0.08314034342765814,-0.032103851437568665,0.09932641685009003,0.04278925061225891,-0.09932641685009003,-0.04278925061225891,0.0630918145179748,0.2350388467311859,-0.01734711602330207,0.32583698630332947,0.05828660726547247,-0.231982409954071,0.1008103974163532,-0.012358129024505615,-0.08321034908294675,0.42602160573005676,0.0006909146904945512,0.49687710404396046,0.34163087606430054,-0.178785502910614,0.2292049452662468,-0.19812798500061013,0.025340557098388672,0.017164170742034912,0.031424760818481445,0.029103040695190208
1656268206.png,0.15525119751691813,-0.049015745520591736,-0.0029864311218261164,-0.028213977813720703,-0.010673433542251476,-0.030665397644043024,-0.06807300448417664,-0.0318958908319473,-0.0681259036064148,-0.03384289145469663,0.0805148109793663,0.06674976646900177,-0.0805148109793663,-0.06674976646900177,0.014911293983459473,0.20470139384269714,-0.0589146763086319,0.32018011808395386,0.08624187111854559,-0.23548126220703125,0.0643804669380188,0.017779111862182617,-0.12948848307132718,0.32220056653022755,-0.06556142866611481,0.4453870654106139,0.15359707176685325,-0.11937195062637329,0.17859947681427002,-0.14930635690689065,0.09968551993370067,-0.0018592476844786487,-0.07471789419651034,0.030797183513641246
1656268207.png,0.15802342444658274,-0.04142104089260107,-0.0011884272098540705,-0.029618799686431885,-0.008024424314498901,-0.032920777797698975,-0.06608197093009949,-0.036290556192398044,-0.06357517838478083,-0.036471828818321256,0.07747504860162735,0.0676908940076828,-0.07747504860162735,-0.0676908940076828,0.017632246017456055,0.19981366395950323,-0.06245303153991699,0.3192635476589201,0.08738338947296143,-0.2349734604358673,0.06591248512268066,0.01833075284957897,-0.12631995975971222,0.3185999989509582,-0.06941722333431245,0.4271608889102935,0.15091584622859955,-0.1342916488647461,0.1942567527294159,-0.12988168001174927,0.11476126313209534,0.014105081558227539,-0.10154867172241211,0.04106903076171886
1656268208.png,0.1567914560437203,-0.04214504361152649,-0.001498699188232533,-0.029197603464126587,-0.0074964165687561035,-0.032772451639175415,-0.06498992443084706,-0.03273500502109525,-0.06452646851539617,-0.030505195260047885,0.07872814685106272,0.0653596520423888,-0.07872814685106275,-0.06535965204238886,0.014524608850479126,0.1978684961795807,-0.06297662854194644,0.31872126460075373,0.08699697256088257,-0.22906133532524092,0.06225477159023288,0.01624804735183727,-0.13150386512279502,0.3046773970127107,-0.07067361474037176,0.42427989840507513,0.15601359307765952,-0.1105031967163086,0.19480936229228976,-0.13091480731964122,0.11163565516471863,0.009597301483154297,-0.07925033569335938,0.01697862148284912
1656268209.png,0.1489453241229058,-0.06886114180088038,-0.0002485215663910467,-0.028901696205139216,-0.013140410184860285,-0.03593850135803228,-0.070807546377182,-0.028264567255973816,-0.0825972855091095,-0.03310804069042206,0.08452197164297104,0.06266213953495037,-0.08452197164297104,-0.06266213953495031,0.015358835458755438,0.2118476927280425,-0.08428947627544403,0.28678584098815924,0.07655814290046697,-0.24727362394332886,0.10460920631885529,0.0436435341835022,-0.12532924115657806,0.35665789246559154,-0.0629606619477272,0.46128970384597795,0.20997436344623566,-0.12680506706237815,0.20478152483701706,-0.16108822822570812,0.08404809236526484,-0.025793790817260742,-0.10669833421707153,0.03559321165084839
1656268210.png,0.11822379380464548,-0.0631756484508515,0.015629053115844727,-0.026895284652709933,-0.013116776943206732,-0.050939247012138394,-0.020538210868835394,-0.010076567530632075,-0.0764770358800888,-0.03795778751373288,0.10063166171312332,0.04589486122131342,-0.10063166171312334,-0.04589486122131342,0.05031275749206543,0.20718088746070873,-0.0652697570621967,0.2828718125820159,-0.04869872331619263,0.01104682683944691,0.09347533062100408,0.04455190896987926,-0.11330144107341766,0.3497394621372223,-0.061163064092397676,0.4202846586704253,0.11885876953601843,-0.32397475838661194,0.10368644818663594,-0.20662924647331238,-0.08241537213325509,0.21445342898368835,-0.014244630932807867,0.13931384682655334
1656268211.png,0.12762212753295898,-0.059745833277702276,0.02140912413597107,-0.03172488510608676,-0.016721546649932917,-0.06382706761360166,-0.015989661216735895,-0.015278220176696777,-0.07591693103313438,-0.057623252272605924,0.11377453804016113,0.025624796748161316,-0.11377453804016113,-0.025624796748161316,0.08179971575737,0.2515149116516114,-0.023591861128807075,0.29960635304450994,-0.05765956640243536,-0.08075016736984264,0.12316130101680756,0.01821279525756836,0.0160228013992309,0.4448252320289611,0.0837759003043175,0.5185578167438507,0.20960521697998058,-0.028722882270812766,0.1391659155488014,-0.037322938442230225,-0.173770159482956,0.22149157524108865,0.06400194764137268,0.11436527967453003
1656268212.png,0.12673526443541056,-0.05772407352924347,0.02151048183441162,-0.031023353338241577,-0.017240464687347523,-0.06115254759788513,-0.01601904630661022,-0.018426224589347867,-0.07413446903228757,-0.061449989676475525,0.11339392699301243,0.024645134806632996,-0.11339392699301243,-0.024645134806632996,0.08288499712944031,0.25439515709877003,-0.02565725333988666,0.2987120747566223,-0.05679506063461304,-0.08214968442916859,0.12877211533486843,0.015255093574523926,0.018398642539978027,0.4521124064922333,0.08372693881392479,0.5207414627075194,0.1916648149490357,-0.01696145534515381,0.1438593491911888,0.010275840759277566,-0.1339546442031861,0.16411620378494263,0.05681303143501282,0.08251643180847146
1656268213.png,0.16392860189080233,-0.09181566536426541,-0.0038583278656005304,-0.037481307983398465,-0.025559067726135254,-0.047908902168273954,-0.06542381644248968,-0.01631975173950198,-0.09975457191467277,-0.034638047218322726,0.11177006736397743,0.021392345428466797,-0.11177006736397743,-0.021392345428466797,0.06802943348884583,0.2438201606273651,-0.03784185647964477,0.2967081367969513,-0.0006448030471801758,-0.01607292890548706,0.1348947212100029,-0.010805666446685791,0.005882740020751898,0.478373259305954,0.04832130670547486,0.5318767130374908,0.22378280758857733,-0.05942851305007946,0.1714361384510994,-0.04334825277328502,-0.17283454537391663,0.2190011739730836,0.07059416174888616,0.08976584672927879
1656268214.png,0.13663218170404434,-0.11145120859146118,-0.0020061135292053223,-0.034234970808029175,-0.02240806818008423,-0.04053299129009244,-0.06154000759124756,-0.015230327844619751,-0.09536710381507876,-0.02075301110744479,0.07998580485582352,0.03259576857089996,-0.07998580485582353,-0.03259576857089996,0.0962854921817779,0.23913413286209106,0.18001170456409454,0.29994496703147877,-0.012825220823287908,-0.24803894758224493,0.037497043609619196,-0.25475209951400746,-0.11388713121414185,0.39848339557647694,-0.09027981013059615,0.459962099790573,0.2730388343334198,-0.09875935316085804,0.26899797469377523,-0.07561111450195301,0.004600048065185547,0.07740116119384766,-0.025356531143188532,0.05107659101486195
1656268215.png,0.1425183117389679,-0.08541588485240939,-0.006417840719223078,-0.0392917394638061,-0.018436998128890936,-0.04235756397247312,-0.08442288637161247,-0.021744847297668513,-0.09752964973449715,-0.021083831787109375,0.06417125463485718,0.04363635182380682,-0.06417125463485718,-0.04363635182380676,0.06632882356643677,0.23483732342720015,0.16098180413246155,0.32697901129722595,0.021150439977645874,-0.24446579813957203,0.05492323637008667,-0.24898925423622126,-0.11240246891975403,0.37890717387199374,-0.10155492648482323,0.4634272754192351,0.2595023512840271,-0.08537358045577981,0.26517563685774803,-0.07242822647094715,-0.0008419454097748358,0.030303239822387695,-0.017460584640502985,0.05344879627227783
1656268216.png,0.14710617065429688,-0.08878538012504575,-0.004578381776809748,-0.0389842689037323,-0.019012540578842163,-0.04309067130088809,-0.07423940300941462,-0.015419036149978721,-0.09832537174224854,-0.02211296558380127,0.06060962378978729,0.04123376309871668,-0.06060962378978729,-0.041233763098716736,0.07346539199352264,0.23483902215957647,0.16166989505290985,0.32116034626960743,0.016928523778915405,-0.24267598986625677,0.05245393514633179,-0.24734279513359064,-0.11831001937389374,0.37184900045394903,-0.10029868967831135,0.45571312308311474,0.26986151933670033,-0.09766566753387462,0.2616709787398577,-0.10877674818038963,0.0008862018585206188,0.04013878107070934,-0.001087963581085205,0.07412308454513561
1656268217.png,0.14862018823623652,-0.07955613732337952,-0.005220085382461492,-0.03918178379535675,-0.01587203145027155,-0.04467092454433447,-0.08297725021839139,-0.03100354969501498,-0.0949234813451767,-0.03020529448986048,0.057394474744796725,0.04088732600212103,-0.057394474744796725,-0.04088732600212097,0.056325793266296414,0.23652324080467219,0.16227531433105466,0.3215864598751068,0.03851956129074097,-0.24373838305473322,0.05182012915611267,-0.24902608990669256,-0.11118663847446439,0.3736542761325837,-0.09941553324460986,0.45693519711494435,0.2714958041906356,-0.08698159456253063,0.26107358187437063,-0.1111152172088622,0.009967565536499134,0.03029322624206543,-0.0009632408618927557,0.07429027557373047
1656268218.png,0.1478736624121665,-0.08302481472492224,-0.005453377962112371,-0.03980712592601768,-0.015849113464355413,-0.044679239392280495,-0.08345708250999448,-0.027889043092727633,-0.09470829367637632,-0.026657626032829312,0.05994243174791336,0.04076822102069855,-0.05994243174791336,-0.0407682210206986,0.052714928984641946,0.23768708109855652,0.16201186180114743,0.32004541158676153,0.03846669197082525,-0.24238160252571112,0.053507387638092097,-0.2468205094337464,-0.11346228420734408,0.37476685643196095,-0.0984187573194504,0.45511639118194597,0.26992928981781,-0.08560991287231434,0.26075519621372223,-0.12801361083984386,0.009271293878555298,0.02557992935180664,0.01407241821289057,0.0921599268913269
1656268219.png,0.14743947237730026,-0.08452598750591275,-0.004653245210647583,-0.03959329426288605,-0.01643162965774536,-0.044802024960517856,-0.08252833783626562,-0.027783676981925992,-0.09710749983787537,-0.027901768684387207,0.059624768793582916,0.042525216937065125,-0.05962476879358289,-0.042525216937065125,0.07527630031108856,0.23917481303215032,0.16075623035430905,0.32190787792205816,0.017864465713500977,-0.2442016899585724,0.05394953489303583,-0.24650192260742188,-0.1130764186382294,0.37484809756279,-0.10043020732700828,0.460578739643097,0.270545855164528,-0.08852356672286987,0.27089239843189716,-0.07326024770736694,0.022353172302246038,0.026606976985931396,0.00401797890663147,0.03876900672912598
1656268220.png,0.14194741845130918,-0.08256329596042628,-0.004356175661087036,-0.038351625204086304,-0.0169714093208313,-0.044724747538566645,-0.073367178440094,-0.021885156631469727,-0.09710477292537686,-0.027498170733451788,0.065756231546402,0.04147309064865107,-0.065756231546402,-0.04147309064865107,0.0627769529819488,0.24209415912628185,0.16209918260574346,0.32216233015060425,0.019144386053085327,-0.24593997001647955,0.053673833608627264,-0.24723246693611145,-0.11351025104522713,0.37524235248565685,-0.09983761049807072,0.45404452085494984,0.2760455012321472,-0.08304184675216675,0.26241610385477543,-0.12288475036621083,-0.007101804018020574,0.0262451171875,0.0004413425922393799,0.09057962894439697
1656268221.png,0.11494857817888265,-0.07857917249202731,0.001188218593597301,-0.035602211952209445,-0.028131783008575495,-0.04470093548297882,-0.04600337147712702,-0.00018624961376190186,-0.09617263078689575,-0.00706326961517334,0.10602159053087234,0.03849996626377106,-0.10602159053087232,-0.03849996626377106,0.0388879776000976,0.2601861357688904,0.07677863538265225,0.30819591879844654,0.07353812456130987,-0.18850046396255493,0.21619924902915955,-0.18662831187248213,-0.13384740054607394,0.4410974383354186,-0.08497645705938342,0.5142451226711272,0.20400618016719832,-0.056321263313293235,0.15163739770650864,-0.20200902223587025,-0.01996421813964855,0.03382456302642822,0.04946228861808777,0.18112951517105103
1656268222.png,0.1399032287299633,-0.08760473132133484,-0.00292122364044195,-0.039029031991958646,-0.01780000329017639,-0.039667919278144836,-0.07135224342346186,-0.02095623314380643,-0.08187320828437805,-0.02732856571674344,0.08701805397868156,0.04369521141052246,-0.08701805397868155,-0.04369521141052246,0.05604302883148188,0.21433240175247192,0.10062514990568162,0.2862100601196289,0.1212807297706604,0.013257741928100586,0.26703760027885437,0.038913726806640625,-0.0982617437839508,0.41170161962509155,-0.09296137467026713,0.501112401485443,0.29381278157234203,-0.17903512716293324,0.2385509572923184,-0.09707784652709961,0.03005099296569813,0.013941526412963756,0.23579052090644842,-0.06979036331176736
1656268223.png,0.13447065651416779,-0.08773693442344666,0.0012793540954590399,-0.03996500372886655,-0.019225925207138006,-0.043174117803573636,-0.07042264938354498,-0.019849136471748352,-0.08754168450832367,-0.027059391140937777,0.091835156083107,0.04473569989204407,-0.091835156083107,-0.04473569989204407,0.05090922117233271,0.21668913960456848,0.099184975028038,0.2818978726863861,0.11507648229599005,0.0038600564002990723,0.26964031159877777,0.03902369737625122,-0.11252266168594363,0.42753681540489186,-0.10410438850522041,0.5073334276676179,0.30520546436309814,-0.19526630640029896,0.2073945738375187,-0.12257087230682384,0.009388595819473322,0.008940160274505615,0.27979911863803864,-0.05651235580444336
1656268224.png,0.13541997969150543,-0.08698689937591553,0.002180039882659912,-0.03708648681640625,-0.021018445491790827,-0.04004669189453128,-0.0637588500976563,-0.017070934176445035,-0.0886971056461334,-0.02528826892375946,0.0900879055261612,0.039202421903610285,-0.0900879055261612,-0.03920242190361023,0.05274310708045954,0.22559162974357588,0.10553514957427979,0.2830864489078522,0.1145397722721101,0.006324946880340576,0.2608658075332641,0.03641796112060536,-0.1109657734632492,0.41271147131919866,-0.1038336493074894,0.490097314119339,0.30892233550548553,-0.17501652240753185,0.1943243034183979,-0.19730031490325917,-0.002892613410949707,0.011094987392425537,0.29046718776226055,0.033450305461883434
1656268225.png,0.13587266579270363,-0.08848080039024353,0.002608597278595026,-0.0368480384349823,-0.022386252880096436,-0.03941127657890317,-0.05450099706649786,-0.01097019016742709,-0.09098145365715024,-0.0231064110994339,0.0919334627687931,0.038666099309921265,-0.0919334627687931,-0.03866609930992132,0.05091995000839239,0.2271881401538849,0.10772926360368729,0.28224578499794,0.1153494119644165,0.0037044882774353027,0.2617478966712951,0.037142038345337025,-0.1149069964885712,0.41219523549079895,-0.10293088853359222,0.4883498847484589,0.3114338219165801,-0.17096292972564697,0.19489549845457077,-0.1966230869293213,0.00724038481712358,0.011983752250671387,0.29285719990730286,0.0360393524169923
1656268226.png,0.1359498985111713,-0.0897189229726792,0.00250276923179632,-0.036841765046119634,-0.022193253040313665,-0.039637655019760076,-0.05498242378234863,-0.010697558522224454,-0.08951693773269653,-0.023180797696113614,0.09147633984684941,0.04024322330951685,-0.09147633984684941,-0.04024322330951691,0.05285847187042242,0.22262600064277654,0.10794027894735334,0.2830203175544739,0.11442446708679199,0.0049176812171936035,0.2597567290067673,0.03554362058639515,-0.11232976615428922,0.409287303686142,-0.10187622718513012,0.49027949571609497,0.30741725862026215,-0.17541313171386708,0.1989984419196844,-0.19643795490264904,0.008006513118743952,0.0138774514198301,0.28593142330646515,0.03219634294509899
1656268227.png,0.13604291155934334,-0.08689948916435242,0.0019987821578978937,-0.03637197613716123,-0.0212862491607666,-0.039753422141075134,-0.06311425566673273,-0.017206713557243375,-0.08969876170158392,-0.025184437632560702,0.09111853316426277,0.03932270407676697,-0.09111853316426279,-0.03932270407676702,0.053250640630722046,0.2227490246295929,0.10645917803049086,0.28177657723426824,0.11358344554901123,0.006284654140472412,0.26084893941879284,0.03747588396072388,-0.11128623783588412,0.4121879041194916,-0.10070206411182879,0.49041965603828436,0.301846280694008,-0.17817431688308716,0.1916365418583155,-0.19946610927581787,0.012701600790023693,0.01599973440170277,0.2917653173208238,0.035442471504211426
1656268228.png,0.13584608584642413,-0.08478356897830969,0.0020577311515808105,-0.03947691619396204,-0.01977592706680298,-0.04297904670238489,-0.056723773479461614,-0.013238221406936646,-0.09020599722862244,-0.024632647633552524,0.09125555306673047,0.040244594216346685,-0.09125555306673047,-0.04024459421634674,0.05318674445152288,0.22046551108360307,0.10781590640544894,0.28070002794265736,0.11313661932945257,0.005218327045440563,0.25906050205230713,0.036340713500976674,-0.11398205161094663,0.4056712090969084,-0.10306920483708382,0.4891737103462219,0.3037310540676117,-0.17677146196365345,0.1944969482719898,-0.19818991422653198,0.01463904976844782,0.016278505325317383,0.29121147096157074,0.033145010471343994
1656268229.png,0.13652092590928075,-0.08369284868240356,0.0013978779315948486,-0.03962789475917816,-0.019514918327331543,-0.04310360550880435,-0.057754278182983454,-0.013410776853561401,-0.08979599177837375,-0.02344655990600586,0.0906418897211552,0.03948909044265747,-0.09064188972115521,-0.039489090442657526,0.05484777688980097,0.22086015343666077,0.10819561034440993,0.2811544835567475,0.11343088746070867,0.0029302239418029785,0.26169899106025696,0.03538823127746593,-0.11179900169372564,0.40912893414497364,-0.10226627811789511,0.48706296086311335,0.30284202098846436,-0.1792384386062621,0.19500962272286412,-0.19518423080444325,0.01334044337272644,0.016717076301574596,0.2918955385684967,0.031695663928985596
1656268230.png,0.149194024503231,-0.060741230845451466,-0.0032536387443543036,-0.04098567366600031,-0.012648314237594549,-0.04002532362937916,-0.06859782338142384,-0.03193418681621557,-0.07731452584266663,-0.035748168826103294,0.08506464213132858,0.054094657301902827,-0.08506464213132858,-0.054094657301902827,0.04285544157028198,0.19924646615982045,0.07505446672439572,0.2792675793170929,0.13204815983772278,0.015740394592285267,0.2734415382146834,0.04072582721710205,-0.11080336570739749,0.4059329628944395,-0.09538896754384041,0.4943242371082306,0.295756071805954,-0.20533859729766835,0.1655352152884006,-0.21355891227722157,0.02926900982856767,0.01907438039779652,0.2840247452259065,0.041649699211120605
1656268231.png,0.14798481017351153,-0.05704286694526678,-0.0006000399589539129,-0.04244291782379145,-0.01541170477867132,-0.04273621737956995,-0.06901919841766357,-0.032778784632682856,-0.07765954732894897,-0.04006779193878174,0.08484322577714923,0.04589140415191645,-0.08484322577714923,-0.04589140415191645,0.048128336668014415,0.20807391405105596,0.0819304138422012,0.277550995349884,0.11755800247192388,0.018554091453552135,0.27132388949394237,0.04355829954147328,-0.11457484960556036,0.40252518653869646,-0.10271542146801949,0.49208992719650263,0.30243498086929327,-0.18778723478317272,0.17841279879212374,-0.2229563593864441,0.010951161384582464,0.020496726036071777,0.2846451997756959,0.05381959676742554
1656268232.png,0.15123090147972107,-0.06362827122211445,-0.0025359094142914373,-0.040649339556694086,-0.015691488981246948,-0.041615560650825584,-0.06870144605636597,-0.03044036030769351,-0.07753744721412659,-0.036270499229431125,0.08448183536529541,0.04832179844379425,-0.08448183536529541,-0.04832179844379425,0.04747143387794489,0.2099601328372956,0.08275406062603,0.27601426839828497,0.12785640358924866,0.013505935668945201,0.27159737050533284,0.045125722885131836,-0.1162652969360351,0.41485789418220537,-0.10147181525826454,0.4904759526252747,0.30433583259582514,-0.20309686660766613,0.17732668295502665,-0.21179282665252697,0.010465234518051036,0.019356369972229004,0.2838783860206604,0.04462921619415294
1656268233.png,0.1507254615426063,-0.06174275279045105,-0.0021599829196929377,-0.04175825417041781,-0.015351623296737615,-0.04208187758922574,-0.06928586959838856,-0.031915158033371,-0.07691290974617004,-0.0375628471374512,0.08478686958551407,0.046741306781768854,-0.08478686958551407,-0.0467413067817688,0.04706445336341858,0.21227493882179255,0.08324676752090451,0.27665480971336354,0.1185239851474762,0.011736631393432617,0.26890991628170013,0.04300856590271007,-0.11797687411308291,0.398903876543045,-0.10309609770774841,0.4894005358219148,0.3042728900909424,-0.18698513507843018,0.1789453327655792,-0.21229016780853271,0.013249427080154474,0.02077662944793701,0.2846735566854477,0.04433298110961914
1656268234.png,0.15126189589500422,-0.051983222365379333,-0.0033111870288848877,-0.042467653751373236,-0.013040214776992798,-0.04167509078979481,-0.06678697466850275,-0.03181566298007965,-0.0715400874614715,-0.035034880042076166,0.08217433094978333,0.046695008873939514,-0.08217433094978333,-0.046695008873939514,0.06710562109947199,0.18296447396278387,0.07762815058231348,0.28548997640609747,0.04393428564071655,-0.1945433914661407,0.2700937241315842,0.03533428907394409,-0.10956649482250211,0.39080300927162187,-0.09680375456809998,0.4815275073051452,0.29548092186450947,-0.17339825630187988,0.1764386892318726,-0.18647795915603627,0.03059226274490362,0.013660669326782005,0.11649915575981137,0.011928379535675049
1656268235.png,0.1539294719696045,-0.03332088887691498,-0.003929346799850464,-0.04046422243118286,-0.013370096683502253,-0.03919881582260132,-0.06400191783905029,-0.03530660271644598,-0.06293371319770807,-0.037944227457046564,0.0716981589794159,0.06990762054920197,-0.0716981589794159,-0.06990762054920197,-0.00820574164390564,0.24081286787986755,0.0203062295913696,0.29432398080825806,0.11307978630065918,0.03899526596069336,0.2758326232433318,0.03137272596359253,-0.10800975561141968,0.41500696539878845,-0.11246880143880843,0.5209338665008545,0.2687480747699738,0.035325706005096436,0.25480818003416067,0.05222958326339722,0.032893657684326116,-0.24607127904891968,0.15719789266586298,-0.23825645446777344
1656268236.png,0.15540087223052979,-0.03593789041042328,-0.0036163926124572754,-0.04040342569351196,-0.013443559408187866,-0.0370869636535644,-0.06572091579437261,-0.03339546918869024,-0.06256300210952759,-0.03648591041564947,0.0739506185054779,0.06811444461345673,-0.0739506185054779,-0.06811444461345673,0.001475989818572998,0.23228591680526733,0.027955323457717868,0.29026344418525685,0.1362190842628479,0.005622506141662598,0.27349793910980225,0.03477984666824352,-0.11125095188617704,0.4003717303276063,-0.09992881864309311,0.5102558434009552,0.23836173117160794,0.026726067066192516,0.2752273306250572,0.0329725742340089,0.2477245032787323,-0.21313482522964466,0.128107339143753,-0.2107282876968385
1656268237.png,0.15666595846414563,-0.054370373487472534,-0.0047790408134461,-0.03911089897155762,-0.012265473604202215,-0.03970333933830267,-0.06616520881652821,-0.030945464968681335,-0.06894069910049444,-0.03194256126880643,0.07594186812639234,0.04785597324371338,-0.07594186812639234,-0.04785597324371338,0.059329688549041804,0.18627777695655823,0.05914609134197232,0.28692546486854553,0.05301254987716675,-0.19577005505561818,0.2708625793457031,0.03326100111007679,-0.09720188379287714,0.3997112810611725,-0.08299779891967772,0.4906257092952728,0.2776432931423188,-0.1846446394920348,0.28626941144466395,-0.11261940002441417,0.03485640883445734,0.016611814498901256,0.13504418730735773,-0.050058722496032604
1656268238.png,0.15106230229139328,-0.0738230049610138,-0.0014600455760956366,-0.03892998397350306,-0.016849964857101385,-0.040551513433456476,-0.06832981109619135,-0.030755802989006098,-0.07677948474884039,-0.04052281379699704,0.09135850518941879,0.04629501700401312,-0.09135850518941879,-0.04629501700401312,0.02894890308380127,0.21758762001991255,0.08790506422519684,0.2859711945056915,0.1317269504070282,0.01101994514465332,0.26357448101043707,0.03129851818084739,-0.08132193982601166,0.4361101686954498,-0.0549948588013649,0.5157553255558016,0.25917558372020727,0.013333022594451904,0.21431344002485275,0.017043709754943515,0.028028547763824407,-0.2110433578491211,0.20442447066307068,-0.20354551076889005
1656268239.png,0.16529050469398499,-0.04468086361885071,-0.004298210144042913,-0.0369707345962525,-0.012341231107711736,-0.03528699278831482,-0.06632459163665777,-0.0332973450422287,-0.07020959258079534,-0.037031486630439786,0.0795503556728363,0.05605295300483698,-0.0795503556728363,-0.056052953004837036,0.05872204899787897,0.19248500466346735,0.059222564101219205,0.29059627652168274,0.1067481637001037,0.01057058572769165,0.26843784749507915,0.027147114276885986,-0.09878385066986084,0.40704032778739946,-0.0892569348216057,0.511393278837204,0.27062991261482233,-0.20542240142822277,0.27945219725370407,-0.086683750152588,0.028759360313415583,0.01361173391342152,0.14956989884376537,-0.09725373983383179
1656268240.png,0.16375151276588445,-0.04608407616615301,-0.004138112068176325,-0.04210108518600458,-0.013097941875457875,-0.0394591987133025,-0.06746068596839905,-0.027223259210586548,-0.07250395417213434,-0.031130835413932856,0.07923120260238647,0.05610239505767822,-0.0792312026023865,-0.05610239505767828,0.05923333764076233,0.19164156913757324,0.05499549210071569,0.28791934251785284,0.10380181670188904,0.01022702455520641,0.26973380148410797,0.02826392650604248,-0.10389798879623413,0.3899262547492981,-0.08601080626249313,0.5096406936645508,0.2723282575607301,-0.1938539743423462,0.2770503982901573,-0.1332378387451172,0.029543250799178966,0.016645312309265137,0.1456199288368225,-0.05037999153137207
1656268241.png,0.16083084791898733,-0.04180051386356354,-0.004259049892425537,-0.0405659675598144,-0.01214942336082464,-0.03743883967399597,-0.06570759415626526,-0.03054301440715798,-0.069065511226654,-0.034470945596694946,0.08016138523817062,0.05194197595119476,-0.0801613852381706,-0.05194197595119476,0.05207538604736328,0.18547785282135,0.054018840193748474,0.2861396372318268,0.10466733574867265,0.021600723266601562,0.27060726284980774,0.02924180030822754,-0.10909475386142725,0.39423805475234974,-0.08420730382204053,0.49455943703651417,0.27695731818675995,-0.19360703229904175,0.29545312374830246,-0.14603781700134266,0.0071471333503723145,0.019075930118560902,0.126804620027542,-0.024233460426330455
1656268242.png,0.16196872293949133,-0.04161751270294184,-0.0034122765064240057,-0.039592027664184515,-0.012975305318832453,-0.03682133555412298,-0.067372977733612,-0.03226204216480258,-0.06919381022453314,-0.038658052682876504,0.07860074937343597,0.05654728412628174,-0.07860074937343597,-0.05654728412628174,0.048309981822967474,0.1889819502830506,0.049467831850051824,0.2881098389625549,0.11346632242202764,0.011687755584716797,0.27401551604270946,0.028147995471954457,-0.10992869734764096,0.3887144327163697,-0.08813123404979706,0.4957886338233947,0.27470120787620544,-0.1846911907196045,0.297277495265007,-0.1529502272605895,0.011729568243026733,0.007611215114593395,0.1258629560470581,-0.019044339656829834
1656268243.png,0.15702718496322632,-0.047536388039588984,-0.002715080976486206,-0.038465321063995306,-0.017835795879363958,-0.038691818714141846,-0.06417641043663025,-0.03138211369514471,-0.0754692852497102,-0.038431674242019626,0.08232545852661127,0.049419060349464417,-0.0823254585266113,-0.04941906034946447,0.05533662438392639,0.2015973925590515,0.06261840462684623,0.28461250662803655,0.10635238885879517,0.008538603782653698,0.2701592743396759,0.030456066131591797,-0.10511997342109675,0.39974021911621105,-0.08772920817136766,0.4909516274929047,0.27016237378120433,-0.18112069368362438,0.14637113362550735,-0.2078542709350587,0.007979989051818681,0.0041713714599609375,0.28744618594646454,0.04092496633529674
1656268244.png,0.16320286691188812,-0.045772433280944824,-0.004089862108230535,-0.04215353727340704,-0.014427334070205577,-0.040929049253463745,-0.06793883442878729,-0.030453830957412692,-0.07046353816986095,-0.0335269421339035,0.078435018658638,0.055844604969024714,-0.07843501865863803,-0.05584460496902466,0.049796789884567205,0.19857755303382857,0.05009180307388311,0.2889968454837799,0.11553370952606218,0.01197350025177002,0.27219682931900024,0.027295470237732045,-0.10448415577411654,0.4022782146930695,-0.08770085871219632,0.5021187365055082,0.2731541842222214,-0.20358359813690197,0.2723006159067154,-0.12967038154602029,0.02884525060653692,0.017135977745056152,0.1499624252319336,-0.04758596420288086
1656268245.png,0.16756728291511536,-0.054808750748634394,-0.00760883092880249,-0.038270264863967784,-0.017513513565063477,-0.03792703151702875,-0.0698043704032898,-0.024349093437194935,-0.0715263187885285,-0.027268394827842768,0.07880684733390808,0.058726146817207336,-0.07880684733390808,-0.058726146817207336,0.04446744918823248,0.19478058815002441,0.04561613500118253,0.29039010405540466,0.11587297916412348,0.01256662607192982,0.27129949629306804,0.026705503463745117,-0.11248707771301275,0.41544485092163086,-0.09264134615659712,0.5080968439579009,0.2750522494316101,-0.22189044952392578,0.26987194269895554,-0.1055350899696349,0.03237569332122808,0.017200469970703125,0.15218549966812134,-0.07687389850616455
1656268246.png,0.1572525203227997,-0.044541358947753906,-0.0033535957336426336,-0.038626283407211304,-0.016166657209396362,-0.03794535994529724,-0.0671113133430481,-0.035216763615608215,-0.0698109269142152,-0.04211549460887909,0.0809682905673981,0.04929846525192255,-0.0809682905673981,-0.04929846525192261,0.054339110851287786,0.20061925053596502,0.05956034362316137,0.28564414381980885,0.10999041795730585,0.0161857008934021,0.2701214998960494,0.031349658966064564,-0.10486419498920443,0.39701530337333685,-0.08942316472530365,0.4898863732814789,0.27359746396541584,-0.19049495458602916,0.14445270597934726,-0.2087002396583557,0.002752989530563299,0.01716965436935436,0.2873862683773041,0.04264116287231445
1656268247.png,0.1551087945699692,-0.05611628293991083,-0.0036954581737518866,-0.03708282113075262,-0.015053629875183161,-0.036991119384765625,-0.06842288374900818,-0.027585312724113437,-0.07428282499313349,-0.03446693718433383,0.08115352690219882,0.04967281222343439,-0.08115352690219882,-0.04967281222343445,0.05657359957695002,0.19988289475440996,0.05992773175239566,0.2846832573413849,0.1077517569065094,0.016045689582824707,0.26858973503112793,0.03192704916000366,-0.10569821298122409,0.39799836277961737,-0.08654185384511949,0.4912021458148955,0.27888788282871246,-0.1922106146812439,0.14257372170686722,-0.2122685909271239,0.007624179124832098,0.018741905689239502,0.2856815904378891,0.04494827985763561
1656268248.png,0.16097114235162735,-0.04903233051300049,-0.00548398494720459,-0.04066592454910284,-0.014579296112060491,-0.03906375169754023,-0.06920421123504644,-0.02788569033145899,-0.06871321797370916,-0.0321533828973771,0.07874471694231028,0.056800305843353216,-0.07874471694231033,-0.05680030584335327,0.04366382956504827,0.1916345059871673,0.04561750590801236,0.2889980375766754,0.11077791452407837,0.009480655193328968,0.2719031274318695,0.02957814931869507,-0.11604619026184074,0.40389636158943193,-0.09178833663463593,0.49751773476600647,0.2786032259464264,-0.20607441663742077,0.2743905782699585,-0.1193501353263855,0.02909222245216364,0.016535043716430664,0.14819753170013417,-0.050485193729400635
1656268249.png,0.15827169269323343,-0.04542990028858174,-0.0042953491210936945,-0.04205599427223217,-0.013236731290817205,-0.038662552833557184,-0.06538972258567816,-0.030982092022895757,-0.06954801082611084,-0.03822329640388489,0.07847385853528976,0.053310886025428716,-0.07847385853528979,-0.053310886025428716,0.046539127826690785,0.19759982824325573,0.04604358971118924,0.2864515483379364,0.11233159899711603,0.011107802391052246,0.2717397511005402,0.02831655740737915,-0.11483460664749151,0.4042798876762391,-0.1020402908325195,0.48676595091819763,0.2784107327461243,-0.2040259838104248,0.2855425328016281,-0.1403825283050537,0.030049383640289307,0.017994165420532116,0.14634180068969715,-0.02450704574584961
1656268250.png,0.16539842635393143,-0.059667885303497314,-0.010191202163696345,-0.037611156702041626,-0.017838895320892445,-0.037087649106979426,-0.06913450360298157,-0.021399348974227905,-0.07377326488494873,-0.022414952516555703,0.07738936692476273,0.06159964203834534,-0.07738936692476275,-0.06159964203834534,0.044418454170226995,0.1915818154811859,0.041956633329391424,0.2911292016506195,0.11282175779342651,0.006639719009399414,0.2708023339509964,0.027462542057037242,-0.12931829690933233,0.40942832827568054,-0.10956862568855288,0.5053190290927887,0.27849799394607544,-0.13072967529296875,0.301400437951088,-0.10221683979034424,0.04264703392982483,-0.06991028785705555,0.13336974382400507,-0.07456004619598378
1656268251.png,0.16275130957365036,-0.056034073233604376,-0.008106648921966553,-0.03886982798576355,-0.017278015613555908,-0.03781181573867798,-0.06974637508392334,-0.022908210754394587,-0.06957444548606873,-0.026746377348899897,0.07814770191907877,0.05869276821613306,-0.0781477019190788,-0.05869276821613306,0.048574686050415206,0.20037403702735912,0.041781112551689065,0.28994232416152954,0.10724619030952443,0.002005457878112793,0.271199643611908,0.027805209159850963,-0.1187129467725753,0.39908429980278015,-0.09871646016836169,0.5032149553298949,0.2673596292734145,-0.11283367872238148,0.26967156678438187,-0.0976443886756897,0.04082742333412165,-0.07224178314208984,0.15522998571395874,-0.07620877027511586
1656268252.png,0.1609893515706063,-0.05492945015430445,-0.007166326045990046,-0.039789348840713445,-0.017066597938537598,-0.03876072168350214,-0.0709595680236817,-0.024672314524650574,-0.0713410377502442,-0.028015777468681335,0.0779925063252449,0.05795277655124664,-0.0779925063252449,-0.05795277655124659,0.04823905229568487,0.19073611497879028,0.0438296049833298,0.28958174586296076,0.10858130455017079,0.011300981044769398,0.2698337733745574,0.0277596116065979,-0.13273729383945462,0.3983768820762634,-0.10831654071807861,0.4902305901050568,0.2532377690076827,-0.10959881544113148,0.15285682678222656,-0.20124554634094238,0.06939741969108593,-0.0746268630027771,0.2824634462594985,0.04003709554672241
1656268253.png,0.1633464023470878,-0.0574803501367569,-0.010211497545242254,-0.038703024387359675,-0.01775410771369923,-0.03812497854232788,-0.06891542673110967,-0.02184499800205225,-0.07089143991470342,-0.024129763245582553,0.07802309840917587,0.05661706626415258,-0.07802309840917587,-0.05661706626415253,0.048235625028610285,0.1930625140666961,0.042502731084823636,0.28908824920654297,0.1093848049640655,0.011522948741912842,0.27100472152233135,0.02758878469467163,-0.13258171081542966,0.4019916951656341,-0.10748562216758728,0.4902445673942567,0.2673605382442473,-0.11216950416564941,0.15098702907562256,-0.20262402296066306,0.05749097466468822,-0.06858915090560924,0.284056857228279,0.041004836559295765
1656268254.png,0.159616120159626,-0.054932221770286616,-0.0067312717437743586,-0.03937351703643793,-0.01713156700134283,-0.03868791460990895,-0.06540578603744512,-0.022470518946647644,-0.07469570636749262,-0.024934396147728022,0.07654578238725662,0.057364597916603144,-0.07654578238725662,-0.057364597916603144,0.04952821135520935,0.20195060968399053,0.038793981075286865,0.2872385680675507,0.11095607280731196,0.006323754787444846,0.2694155126810074,0.027906417846679576,-0.1353156417608261,0.3994478583335876,-0.11390624940395355,0.4892606437206269,0.25297863781452185,-0.11209815740585327,0.15234713256359098,-0.20499396324157715,0.059341698884963934,-0.06481385231018066,0.28657449781894684,0.04371750354766857
1656268255.png,0.16113819181919098,-0.05457735061645502,-0.007287085056304987,-0.039177209138870295,-0.016741573810577393,-0.03811946511268621,-0.07040360569953918,-0.02339176833629611,-0.07021871209144598,-0.02668054401874545,0.0779026597738266,0.05888926982879644,-0.07790265977382663,-0.05888926982879644,0.04845643043518061,0.2009244263172149,0.042125985026359586,0.2915376722812653,0.11742895841598527,0.0017967820167541504,0.2686698883771897,0.026263654232025258,-0.11986696720123294,0.4030019342899321,-0.09856157004833219,0.5046814382076261,0.26851144433021545,-0.1187934875488279,0.2686604708433151,-0.10233086347579945,0.0443977415561676,-0.06415784358978283,0.15625640749931335,-0.0729541778564452
1656268256.png,0.16030616313219076,-0.05528983473777771,-0.007895618677139338,-0.03916066884994507,-0.016372740268707275,-0.03885912895202631,-0.06928572058677668,-0.022996276617050226,-0.0740351676940918,-0.023681387305259732,0.07586110383272171,0.05823194980621332,-0.07586110383272168,-0.05823194980621338,0.04295423626899719,0.19587969779968267,0.039052724838256864,0.2883179187774658,0.11958730220794683,0.0119193196296693,0.27027659118175507,0.029410839080810436,-0.1332175433635711,0.3995875716209412,-0.1115327253937721,0.4912585616111754,0.2522749602794647,-0.11496639251708984,0.15031010657548907,-0.2070609927177428,0.060549020767212025,-0.06498384475708019,0.2890675514936446,0.04263359308242798
1656268257.png,0.1612990424036979,-0.05816660821437836,-0.008655369281768799,-0.03826671838760376,-0.017427742481231634,-0.03803619742393488,-0.06926664710044855,-0.02152632176876068,-0.07012557983398443,-0.024310752749443082,0.07657184451818466,0.05726043879985809,-0.07657184451818463,-0.05726043879985809,0.0458438098430633,0.20317518711090077,0.03903259336948395,0.2872067987918854,0.11453780531883234,0.00486057996749889,0.2703630030155182,0.028874456882476807,-0.13158978521823886,0.3990352749824525,-0.10982932895421986,0.4881960451602936,0.2637125700712205,-0.08655065298080455,0.2601184621453285,-0.0841524600982666,0.060147553682327215,-0.0911000370979308,0.1750853955745697,-0.0757407546043396
1656268258.png,0.1621010228991508,-0.054677665233612116,-0.008232742547988836,-0.03841078281402588,-0.01703158020973211,-0.038100361824035534,-0.06728658080101019,-0.023932501673698398,-0.07055535912513722,-0.025657549500465476,0.07770829647779465,0.057551085948944036,-0.0777082964777947,-0.057551085948944036,0.048018693923950195,0.202389806509018,0.04189443588256836,0.2884245812892912,0.11364433169364924,0.005306363105773926,0.2714871615171434,0.029157400131225586,-0.13163287937641144,0.3990864455699921,-0.10906995832920069,0.48994126915931696,0.26516298949718475,-0.11075538396835338,0.28133049607276917,-0.11374944448471058,0.06088992953300476,-0.06674569845199563,0.15626230835914623,-0.046986937522888406
1656268259.png,0.15296952426433558,-0.06378687918186182,-0.006610304117202703,-0.04059755802154541,-0.012586712837219183,-0.03880500793457037,-0.06600198149681091,-0.02209068834781644,-0.06902331113815313,-0.02512554824352259,0.07935814559459681,0.058479890227317755,-0.07935814559459686,-0.058479890227317755,0.031416893005371094,0.2176869809627534,0.0477956086397171,0.28570204973220825,0.1305143237113952,0.035460591316223145,0.2714090794324875,0.030732154846191517,-0.10350021719932553,0.43169400095939636,-0.08849356323480607,0.500511109828949,0.2579747140407562,-0.014671802520751953,0.2345748320221901,0.014804124832153098,0.04763448238372803,-0.18020224571228016,0.181960791349411,-0.18220669031143155
1656268260.png,0.1519305780529977,-0.03942291438579565,-0.006090223789215088,-0.042754352092742864,-0.012603551149368342,-0.041021049022674394,-0.061225175857544,-0.0336664617061615,-0.06300696730613708,-0.035932600498199574,0.07351363450288773,0.06927163898944849,-0.0735136345028877,-0.06927163898944849,0.007601439952850342,0.2291249334812165,0.027577802538871793,0.288367211818695,0.132379412651062,0.00840991735458374,0.2725077271461487,0.032866477966308594,-0.13019290566444397,0.41617712378501887,-0.11308644711971282,0.5172979235649107,0.27625969052314764,-0.019534409046173096,0.25330209732055664,-0.014469861984252819,0.04587072134017944,-0.1919513940811156,0.16635632514953624,-0.17081964015960693
1656268261.png,0.15137872099876404,-0.04502873122692108,-0.004596441984176636,-0.040276020765304565,-0.011299729347229004,-0.038403600454330444,-0.06332740187644964,-0.02961984276771551,-0.06731954216957098,-0.03291812539100647,0.07579752802848816,0.06744758784770971,-0.07579752802848813,-0.06744758784770966,0.00489574670791626,0.2333752810955047,0.02988830208778373,0.2893548607826233,0.13268044590950012,0.009001970291137584,0.27232965826988226,0.030882298946380504,-0.13015747070312503,0.42013809084892245,-0.10960607975721363,0.5195063948631289,0.27370110154151905,-0.02068042755126942,0.2500925287604332,0.004363417625426913,0.044460564851760975,-0.19147658348083496,0.1673719882965089,-0.19260346889495839
1656268262.png,0.15136329829692846,-0.045293986797332764,-0.004955679178238082,-0.03997266292572027,-0.011287927627563532,-0.037895828485488836,-0.06315526366233815,-0.030814707279205267,-0.06549489498138428,-0.0314228236675263,0.07578234374523163,0.06659376621246332,-0.07578234374523163,-0.06659376621246338,0.0053050220012664795,0.2347374856472017,0.030442014336586,0.28745362162590027,0.13228714466094976,0.007023274898528831,0.2722604125738144,0.03149867057800304,-0.12824249267578128,0.4178307950496674,-0.10856758058071136,0.5178187787532805,0.2711520791053773,0.008825898170471191,0.24991042912006378,0.0035834312438963734,0.0465328693389892,-0.2098085880279541,0.16690170764923096,-0.19118905067443825
1656268263.png,0.15134902298450464,-0.04279424250125885,-0.005088001489639227,-0.03976321220397949,-0.010942518711089977,-0.03759387135505671,-0.0629484355449677,-0.03258287906646723,-0.0654298067092896,-0.03308901190757757,0.07505394518375397,0.06705586612224579,-0.07505394518375394,-0.06705586612224579,0.0073130726814269464,0.233432024717331,0.030802577733993503,0.2889207005500794,0.14397424459457403,0.0031850337982177734,0.2712840139865874,0.03143310546875,-0.128783568739891,0.41916063427925115,-0.10853293538093571,0.5210877656936646,0.27405349910259247,0.008595705032348633,0.24939069151878357,0.0029938220977782093,0.04605183005332941,-0.2095314860343933,0.16811418533325184,-0.19166880846023548
1656268264.png,0.15136026591062546,-0.04023279249668121,-0.004778087139129694,-0.039803266525268555,-0.011155992746353205,-0.03772234916687017,-0.06190505623817438,-0.032489210367202814,-0.06390592455863947,-0.033028602600097656,0.07478781789541245,0.061787709593772944,-0.07478781789541247,-0.061787709593772944,0.00794950127601618,0.24092298746109003,0.031709596514701816,0.2875100672245026,0.13204547762870794,0.009432077407836914,0.2718333899974824,0.03092813491821278,-0.11587707698345184,0.4282181859016417,-0.1066131070256233,0.5169558823108675,0.263696476817131,-0.019998192787170077,0.26638849824666977,-0.018370628356933594,0.04353612661361689,-0.1928026080131533,0.14924216270446777,-0.16943538188934337
1656268265.png,0.15157590806484217,-0.03489084541797638,-0.0033449232578277033,-0.04141467809677124,-0.013548463582992498,-0.03980958461761469,-0.06399813294410706,-0.03400784730911255,-0.06767332553863531,-0.03905975818634044,0.07702793180942535,0.06462465226650238,-0.07702793180942538,-0.06462465226650238,0.008226752281188965,0.23048314452171326,0.0329266041517258,0.28715723752975464,0.1490103006362915,-0.03168308734893799,0.27169813215732574,0.0312080979347229,-0.12944597005844116,0.4193604886531829,-0.1048539727926254,0.5162579417228697,0.28742462396621715,-0.019350528717040905,0.2641749829053879,0.0026369094848635033,0.029380619525909313,-0.19199466705322277,0.1519193947315216,-0.18962401151657116
1656268266.png,0.1533804014325142,-0.03437167406082153,-0.0031355321407318115,-0.04119709134101873,-0.0135783851146698,-0.03978994488716131,-0.06491309404373169,-0.03578239679336542,-0.06783685088157654,-0.040174454450607244,0.07673672586679459,0.06442219018936157,-0.07673672586679459,-0.06442219018936157,0.02096125483512884,0.20673096179962158,0.033935174345970154,0.2871115207672119,0.13200092315673823,0.01095205545425415,0.2702590227127076,0.03030163049697876,-0.12850715219974518,0.4035872817039492,-0.10657703131437302,0.5152783393859863,0.27307806909084315,-0.0025811195373539597,0.2661879137158394,-0.01761072874069225,0.0443121194839477,-0.1924977898597715,0.15164431929588307,-0.16938400268554676
1656268267.png,0.15396700054407114,-0.036261990666389465,-0.0034231841564178467,-0.041825056076049805,-0.013381510972976685,-0.03932031989097601,-0.06463548541069025,-0.03479829430580139,-0.06652531027793879,-0.04011315107345581,0.07609546929597855,0.06636326014995575,-0.07609546929597852,-0.06636326014995575,0.018259316682815496,0.2228437066078186,0.03128713369369501,0.2877837121486664,0.14129561185836786,-0.025922894477844127,0.2718963772058487,0.03264135122299194,-0.13102415204048154,0.41912740468978893,-0.10696861892938617,0.5183232128620149,0.27499908208847035,-0.020692944526672474,0.2648287937045098,-0.019804656505584828,0.04418510198593134,-0.19099068641662598,0.1519892811775207,-0.16784191131591786
1656268268.png,0.15391863137483597,-0.03677360713481903,-0.003600776195526123,-0.04132562875747686,-0.014212667942047064,-0.03936910629272461,-0.0644532442092896,-0.035389721393585094,-0.06661829352378851,-0.0405267477035523,0.07559780031442642,0.06525321304798115,-0.0755978003144264,-0.0652532130479812,0.008909404277801514,0.22969523072242748,0.0317369401454925,0.28680735826492315,0.14915010333061218,-0.031027913093566784,0.27267710864543915,0.03299635648727406,-0.12968863546848297,0.4190819561481477,-0.10695505887269978,0.5177638530731201,0.27362300455570215,-0.019411981105804554,0.2666415199637413,-0.02012711763381969,0.04555425047874456,-0.19328492879867543,0.14987179636955267,-0.1696402430534364
1656268269.png,0.15364960581064224,-0.031354799866676386,-0.0034641921520233154,-0.0417447984218598,-0.013011395931243896,-0.03931045532226557,-0.06418293714523315,-0.03500393033027649,-0.06647446751594543,-0.03984093666076666,0.07558000832796097,0.060730233788490295,-0.07558000832796097,-0.060730233788490295,0.013479769229888916,0.22231844067573542,0.032906427979469355,0.2874676585197448,0.15025946497917164,-0.015729963779449463,0.273368626832962,0.03208005428314198,-0.11470919847488406,0.4137108623981474,-0.10472384840250017,0.5196698307991028,0.275990754365921,-0.004758119583129883,0.2651127800345421,-0.0014401674270630993,0.030289828777313232,-0.19282782077789296,0.15153318643569946,-0.1895134449005127
1656268270.png,0.15046582370996472,-0.07331879436969757,-0.005558490753173717,-0.04015822708606717,-0.012083381414413452,-0.03852121531963351,-0.07037276029586798,-0.02669081091880804,-0.07691717147827143,-0.030806571245193426,0.07902614027261731,0.047536060214042664,-0.07902614027261731,-0.04753606021404272,0.05587130784988409,0.19917750358581543,0.07561613619327545,0.28989544510841364,0.048793524503707886,-0.2200597524642945,0.26417452096939087,0.032580554485321156,-0.08854053914546961,0.40364056825637806,-0.07000361382961273,0.5104013979434969,0.2776313871145249,-0.1725257635116576,0.22291433811187744,-0.10510981082916271,0.03175953030586248,0.017124652862548828,0.21760085225105275,-0.06862348318099976
1656268271.png,0.14643467217683787,-0.07846550643444056,-0.005716472864151001,-0.039794489741325434,-0.015015393495559637,-0.04137973487377172,-0.06999322772026056,-0.027817159891128568,-0.07244729995727545,-0.029505372047424344,0.07527745515108109,0.038438126444816645,-0.07527745515108109,-0.03843812644481659,0.05408352613449091,0.2085121572017669,0.0746540576219559,0.2848932147026062,0.051942676305770874,-0.21940371394157415,0.2682873606681824,0.03199714422225952,-0.058317124843597384,0.3964440524578094,-0.04206162691116333,0.4897872805595399,0.2645929157733917,-0.14853042364120483,0.24293603003025055,-0.11038565635681163,0.025105535984039307,0.0067903995513916016,0.1609325110912323,-0.04901576042175293
1656268272.png,0.14764895290136332,-0.054200068116188105,-0.004993468523025513,-0.03683489561080927,-0.009284645318984874,-0.03481173515319824,-0.06503909826278681,-0.028500840067863492,-0.06859573721885692,-0.029912739992141696,0.07100727409124374,0.047166898846626226,-0.07100727409124374,-0.04716689884662628,0.042018890380859375,0.20445734262466436,0.055368393659591675,0.2931995093822479,0.13357675075531,0.022757649421691895,0.2639121562242507,0.028790295124053955,-0.09304942190647125,0.3766604065895081,-0.0728328675031662,0.4736814796924591,0.2819426506757736,-0.15901470184326183,0.12135043740272525,-0.18839335441589355,0.02521270513534546,0.023528337478637806,0.2842749655246736,0.04338860511779774
1656268273.png,0.14802359044551855,-0.05525386333465576,-0.005547136068344227,-0.037874072790145874,-0.009876817464828547,-0.03538253903388977,-0.064825028181076,-0.028220564126968384,-0.06965544819831848,-0.03048028051853177,0.07089047133922577,0.04646027088165283,-0.07089047133922577,-0.04646027088165283,0.05261239409446716,0.19648617506027233,0.055576249957084656,0.29420381784439087,0.12188804149627691,0.03113061189651478,0.26337255537509924,0.027805089950561634,-0.08166506886482239,0.38020986318588246,-0.07345299422740936,0.477558135986328,0.2682964503765105,-0.1619119048118589,0.26045326888561243,-0.20517939329147328,0.026956021785736195,0.018478155136108287,0.14533713459968584,0.05628633499145508
1656268274.png,0.14971703290939328,-0.05792976915836329,-0.006398230791091919,-0.037643194198608454,-0.010504871606826838,-0.035089880228042714,-0.06546220183372492,-0.02655951678752899,-0.0716150403022765,-0.029343932867050143,0.07131093740463254,0.04688598215579992,-0.07131093740463254,-0.046885982155799866,0.054041922092437744,0.1969818770885467,0.05606427788734436,0.2929937243461609,0.12098047137260443,0.030514955520629883,0.2646310627460479,0.029398560523986816,-0.09278255701065055,0.38010075688362127,-0.07358171790838242,0.4761068820953368,0.28117698431015004,-0.16190004348754894,0.12482508271932599,-0.19405514001846302,0.027562618255615234,0.015995383262634166,0.28447967767715454,0.04731994867324829
1656268275.png,0.15059358626604086,-0.05616670846939087,-0.005634158849716242,-0.036662757396698,-0.012092322111129816,-0.0350044965744018,-0.06872171163558966,-0.02670988440513608,-0.07364863157272339,-0.028979882597923334,0.07239679247140884,0.04445534944534307,-0.07239679247140884,-0.04445534944534302,0.04518914222717285,0.20074024796485884,0.054043278098106384,0.2912064492702484,0.12849706411361694,0.031602859497070424,0.2672511041164399,0.02990490198135365,-0.08411465585231775,0.38547673821449263,-0.07381679117679596,0.47785815596580494,0.27325801551342005,-0.164897322654724,0.26307120919227606,-0.207552671432495,0.020491063594818115,0.018044114112854004,0.1446791291236877,0.056176960468292125
1656268276.png,0.15222891420125953,-0.04340307414531708,-0.0031081736087798517,-0.036346316337585505,-0.011399656534194835,-0.035796076059341375,-0.06692576408386225,-0.031049326062202398,-0.06852066516876226,-0.03352086246013647,0.06947311013936994,0.034429118037223816,-0.06947311013936994,-0.034429118037223816,0.05889573693275452,0.20244863629341125,0.0553410351276398,0.283210813999176,0.06214010715484619,-0.19400528073310858,0.2691871076822281,0.03101634979248047,-0.08069288730621332,0.39306530356407166,-0.07784932106733324,0.46606510877609264,0.2803274095058441,-0.1624806523323059,0.4091491177678107,-0.16120249032974254,-8.255243301402704e-05,0.019090235233306885,0.009949326515197865,0.015049397945404053
1656268277.png,0.15322932600975037,-0.04374231398105621,-0.003413587808609009,-0.036683082580566406,-0.011784404516220093,-0.03619834780693054,-0.06792601943016052,-0.029438823461532593,-0.06942453980445862,-0.03098058700561529,0.06972944736480713,0.03461290895938873,-0.06972944736480716,-0.03461290895938873,0.05897372961044306,0.20106369256973267,0.0562040060758591,0.28489384055137634,0.06053596735000616,-0.19412821531295787,0.26827003061771393,0.03131890296936046,-0.09140028059482572,0.38334274291992176,-0.07685282826423644,0.46931907534599304,0.2910261005163193,-0.15724968910217274,0.40600234270095836,-0.16364824771881092,-0.0012419819831849255,0.02442270517349243,0.008276522159576305,0.015907764434814342
1656268278.png,0.15233248472213745,-0.04177731275558472,-0.00335001945495611,-0.0367885828018189,-0.011589378118515015,-0.03605180978775019,-0.06762194633483876,-0.031225770711898748,-0.06942152976989746,-0.03325580060482028,0.06995123624801636,0.034433722496032715,-0.06995123624801636,-0.034433722496032715,0.057841151952743475,0.1996786892414092,0.055341914296150235,0.2836723029613495,0.05926218628883362,-0.18299433588981612,0.2698707729578018,0.03306514024734508,-0.07650589942932126,0.38408198952674855,-0.07492942363023758,0.47088906168937683,0.27393224835395813,-0.15097618103027333,0.40585754066705704,-0.16218394041061412,0.0025244951248168945,0.0197182297706604,0.011049449443817139,0.01411503553390514
1656268279.png,0.1535633653402329,-0.04380318522453308,-0.0038777589797974743,-0.03711959719657898,-0.011812537908554188,-0.03657650947570806,-0.06774139404296875,-0.030296847224235507,-0.06972157955169672,-0.031832590699195834,0.07020707428455353,0.034721314907073975,-0.07020707428455356,-0.034721314907073975,0.05778485536575323,0.20124036073684692,0.05656635761260986,0.28689104318618763,0.058681905269622636,-0.1844503283500672,0.2687029242515564,0.02976381778717052,-0.07720634341239926,0.3966950774192809,-0.07406502217054366,0.47190630435943615,0.27532336115837097,-0.16288274526596058,0.4054448828101158,-0.16160583496093772,0.0002682209014892578,0.018453776836395264,0.010153591632843018,0.012825965881347656
1656268280.png,0.15185550600290298,-0.04045224189758301,-0.002597600221633911,-0.036247432231903076,-0.011785477399825994,-0.03614991903305059,-0.06776162981987005,-0.03289429843425748,-0.07093125581741339,-0.03552111983299247,0.07134432345628738,0.035666584968566895,-0.07134432345628741,-0.035666584968566895,0.0569629967212677,0.20124658942222595,0.057133778929710416,0.2862241566181184,0.06103408336639404,-0.19482707977294916,0.26934173703193665,0.03112971782684315,-0.08029797673225403,0.38148054480552673,-0.07669506967067714,0.4693186581134796,0.27938613295555126,-0.1553473472595216,0.40936654806137085,-0.16231000423431396,-0.0007964968681336559,0.023964226245880238,0.010997176170349121,0.015539407730102539
1656268281.png,0.15663747489452354,-0.04080069065093994,-0.007262289524078314,-0.03936639428138733,-0.010714173316955566,-0.03773021697998047,-0.06557351350784302,-0.030874937772750827,-0.06950849294662476,-0.03084035217761999,0.0710006505250931,0.04185733199119568,-0.0710006505250931,-0.04185733199119568,0.052487134933471624,0.1978425681591034,0.05406606197357178,0.28762415051460255,0.1202053427696228,0.030613481998443492,0.26919057965278625,0.029911279678344727,-0.09569877386093148,0.381975620985031,-0.07792383432388307,0.4716323912143707,0.285700261592865,-0.16322195529937733,0.12288640439510344,-0.19253146648406982,0.004421651363372803,0.02015066146850586,0.29397158324718475,0.043705105781555176
1656268282.png,0.15342976152896887,-0.04312984645366669,-0.004776269197463989,-0.036907583475112915,-0.007857739925384466,-0.035453349351882935,-0.06457403302192688,-0.03230912983417508,-0.06917726993560797,-0.03299820423126221,0.07044799625873566,0.042714193463325445,-0.07044799625873563,-0.0427141934633255,0.05243510007858282,0.197146624326706,0.04857528209686285,0.28818029165267944,0.1189527809619903,0.03164750337600708,0.272759348154068,0.030696392059326172,-0.09706357121467588,0.3842990100383759,-0.07954025268554682,0.4738520383834839,0.2872171103954315,-0.16525769233703613,0.12281920015811917,-0.19431418180465687,-0.0008334517478943981,0.018267154693603516,0.2946084290742873,0.04436939954757679
1656268283.png,0.15427834540605534,-0.04305626451969147,-0.004745393991470281,-0.037187725305557306,-0.007927834987640159,-0.03545954823493963,-0.06521338224411005,-0.0320295244455337,-0.06964609026908886,-0.03254510462284088,0.06997296959161758,0.04199256002902979,-0.06997296959161758,-0.041992560029029846,0.05407077074050898,0.1960770189762116,0.051271334290504456,0.2867165207862854,0.11769708991050726,0.03303349018096913,0.26995411515235906,0.03252917528152455,-0.09337623417377472,0.3718122541904451,-0.08042085170745848,0.4710525870323181,0.28691579401493084,-0.15704166889190685,0.1246157735586166,-0.19310259819030762,-0.006508588790893666,0.022584915161132812,0.2941608130931854,0.04583406448364258
1656268284.png,0.15433060377836233,-0.04260396957397461,-0.005170285701751709,-0.03650444746017456,-0.011130422353744562,-0.03558290004730219,-0.06662791967391979,-0.03151531517505646,-0.0703376829624176,-0.03260673582553866,0.07149075716733932,0.04096090793609625,-0.07149075716733932,-0.04096090793609625,0.05090096592903132,0.1966311633586883,0.05420197546482086,0.2869716584682464,0.12195470929145813,0.03148460388183594,0.26936009526252747,0.029887914657592884,-0.09530496597290042,0.3718384206295014,-0.07920769602060321,0.4675333201885225,0.2777835428714752,-0.16387224197387706,0.126317523419857,-0.18959444761276256,0.0025346279144286554,0.027254939079284668,0.28769430518150335,0.04214638471603405
1656268285.png,0.15529881417751318,-0.04333303868770605,-0.00526306033134466,-0.0378351211547851,-0.008225172758102417,-0.036047995090484564,-0.06530839204788208,-0.0305795818567276,-0.07027536630630499,-0.030114248394966153,0.07036758959293365,0.04152245819568634,-0.07036758959293365,-0.04152245819568634,0.05075111985206604,0.19525542855262756,0.05327959358692172,0.2891618609428406,0.12603345513343817,0.03649049997329712,0.26890526711940754,0.02989661693572998,-0.09608906507492071,0.3721260130405425,-0.07880979031324387,0.4712122082710266,0.2850275337696076,-0.1514996290206907,0.124090887606144,-0.19054758548736572,-0.0003078579902650036,0.017816245555877575,0.28823317587375635,0.04343599081039429
1656268286.png,0.15555375814437866,-0.04275754094123835,-0.005171716213226263,-0.03681129217147833,-0.008924067020416315,-0.03585264086723333,-0.06556239724159246,-0.03254114091396329,-0.07197833061218262,-0.0339906960725784,0.0700768530368805,0.04263898730278015,-0.0700768530368805,-0.042638987302780096,0.05343672633171076,0.1964212954044342,0.052723273634910583,0.28868922591209406,0.1185609102249146,0.03263765573501598,0.2687011212110519,0.03077751398086548,-0.09413857758045197,0.37240704894065857,-0.07973051071166994,0.47449120879173273,0.2825684994459152,-0.15501928329467773,0.1250719279050827,-0.19617176055908203,-0.0027503371238708496,0.019166946411132812,0.2881828397512435,0.04576307535171509
1656268287.png,0.1496895551681518,-0.042894795536994934,-0.004705727100372259,-0.03650918602943426,-0.010106235742568914,-0.03558850288391119,-0.0672451257705689,-0.03380665183067322,-0.07155683636665344,-0.03517365455627436,0.07388964295387268,0.04465503990650177,-0.07388964295387265,-0.04465503990650177,0.04282751679420471,0.19777807593345642,0.05203740298748008,0.2907856106758119,0.12314736843109125,0.02898716926574718,0.26964215934276586,0.028478384017944225,-0.1016746312379837,0.38229617476463307,-0.07776873558759693,0.4731349945068357,0.2864248901605606,-0.1635001301765442,0.12371975928545,-0.19177246093749978,0.0057373046875,0.021910309791565052,0.28717248141765594,0.04325920343399048
1656268288.png,0.1526542380452156,-0.046598359942436274,-0.004609465599060059,-0.03583657741546625,-0.010291099548339788,-0.03522074222564692,-0.06821474432945246,-0.030821159482002286,-0.07374086976051336,-0.03194312751293185,0.07143981009721756,0.044414445757865906,-0.07143981009721753,-0.04441444575786596,0.0476662814617157,0.1960795819759369,0.05341966450214386,0.29025971889495844,0.1274001002311707,0.03380739688873291,0.2685862183570862,0.028619110584259144,-0.09799097478389743,0.38011035323142994,-0.07841095328330998,0.4695743918418886,0.2872080355882646,-0.16218620538711548,0.1262060850858689,-0.18860602378845237,0.003055453300475963,0.018447458744049072,0.2855229675769806,0.04313802719116222
1656268289.png,0.15434546023607254,-0.04511775076389318,-0.005456894636154119,-0.03777128458023066,-0.010328352451324352,-0.03654894232749928,-0.06764587759971619,-0.030413582921028137,-0.07521551847457897,-0.031511262059211814,0.07200173288583755,0.04334460198879242,-0.07200173288583758,-0.04334460198879242,0.04707294702529907,0.20016893744468678,0.05455428361892706,0.2924480438232422,0.1258272528648377,0.03323483467102062,0.26710735261440277,0.02808171510696411,-0.0977054089307785,0.38921090960502636,-0.08613779395818708,0.47681427001953136,0.2848154455423355,-0.1651878356933596,0.13286211341619492,-0.19548541307449352,-0.0038722753524780273,0.015264570713043213,0.2868050187826158,0.04595160484313965
1656268290.png,0.15660294890403742,-0.048148840665817205,-0.006180465221404974,-0.03658264875411993,-0.010967075824737438,-0.03558689355850231,-0.06830728054046625,-0.029968947172164917,-0.0762488842010498,-0.031009122729301453,0.07148700952529907,0.041404932737350464,-0.07148700952529904,-0.041404932737350464,0.049977213144302424,0.19933953881263733,0.05239991843700406,0.2869986593723297,0.12416431307792658,0.03480839729309071,0.26920802891254414,0.030791282653808705,-0.0854267627000809,0.38898393511772156,-0.07791282236576084,0.47520163655281056,0.2735357731580734,-0.16717439889907837,0.2674663811922073,-0.20642918348312367,0.00219208002090443,0.019231081008911133,0.14406362175941473,0.05485635995864868
1656268291.png,0.15465320646762853,-0.050119563937187195,-0.005493313074111994,-0.03670203685760498,-0.012309610843658447,-0.035731881856918335,-0.06868267059326172,-0.02823159098625186,-0.07668235898017894,-0.030139327049255343,0.07152311503887177,0.04310204088687891,-0.07152311503887177,-0.04310204088687897,0.04803866147994995,0.19862297177314753,0.052884429693222074,0.2885732054710388,0.12093275785446167,0.03099989891052246,0.26809680461883545,0.030735433101654053,-0.09722068905830386,0.3864274919033052,-0.08627098798751832,0.4611133337020874,0.2841492593288423,-0.1659952998161317,0.13245725631713873,-0.18259501457214355,-0.0062929391860964135,0.017040014266967662,0.28758445382118225,0.04687422513961792
1656268292.png,0.1556905284523964,-0.05003450810909271,-0.00533682107925415,-0.03743183612823492,-0.011136949062347412,-0.035797834396362305,-0.06791734695434565,-0.027807667851447976,-0.0741070806980133,-0.028516560792922946,0.07149393111467361,0.0434487909078598,-0.07149393111467364,-0.04344879090785975,0.05046895146369934,0.19744223356246948,0.056046679615974454,0.29055443406105036,0.12170195579528803,0.03158360719680786,0.26769235730171204,0.02871835231781006,-0.09616333246231079,0.38585883378982555,-0.08576172590255733,0.47366645932197543,0.2870033085346222,-0.1643260717391969,0.13471174240112305,-0.19491416215896595,-0.002911806106567383,0.01626288890838623,0.2903234809637071,0.046845197677612416
1656268293.png,0.15510711073875422,-0.04941582679748535,-0.005528122186660822,-0.03682181239128113,-0.011631488800048773,-0.03602564334869385,-0.06715080142021168,-0.028904393315315302,-0.0744524896144867,-0.02989043295383459,0.07199367880821228,0.043919980525970403,-0.07199367880821225,-0.04391998052597046,0.048148781061172485,0.19793191552162176,0.05082483589649198,0.28465834259986866,0.1255162358283997,0.032126665115356445,0.27109329402446736,0.03367114067077659,-0.09602710604667664,0.3836335241794587,-0.08461363613605502,0.4747075140476227,0.2820197641849518,-0.16438651084899902,0.1308153122663498,-0.19547367095947266,-0.0019982457160949707,0.016556918621063232,0.28785261511802684,0.045567870140075684
1656268294.png,0.1581645160913467,-0.05505128204822546,-0.007194638252258356,-0.03575739264488215,-0.012904703617096003,-0.03500476479530329,-0.06688898801803589,-0.02703852951526639,-0.07602086663246155,-0.02816800773143774,0.07157091796398166,0.043240830302238464,-0.07157091796398166,-0.043240830302238464,0.048846751451492254,0.19685953855514537,0.05248203873634333,0.28813162446022034,0.12450113892555242,0.0345172882080077,0.26861256361007696,0.029940366744995117,-0.09562325477600106,0.3847651481628418,-0.0852750837802887,0.4617876112461089,0.28230762481689453,-0.16454392671585083,0.13287569582462308,-0.18303453922271729,-0.0032732486724854626,0.01705390214920044,0.28585509955883026,0.0462632179260255
1656268295.png,0.15550334751605976,-0.050587385892867986,-0.0054170191287993275,-0.03627690672874451,-0.012112587690353283,-0.0355566143989563,-0.0679745078086853,-0.02835376560688016,-0.07577660679817205,-0.02967067062854767,0.07232658565044398,0.04356315732002258,-0.072326585650444,-0.04356315732002258,0.04837879538536077,0.19811800122261053,0.053356751799583435,0.2844392359256745,0.12561824917793285,0.0321248173713683,0.269490286707878,0.033589959144592174,-0.098455399274826,0.3836087882518769,-0.08536887913942341,0.47156080603599554,0.28439062833786,-0.16399472951889027,0.13367394357919693,-0.1933630108833313,-0.0016580820083617054,0.016234874725341575,0.2866493761539459,0.0462474822998048
1656268296.png,0.1553269550204277,-0.0499415397644043,-0.005449891090393066,-0.03659653663635254,-0.011351555585861206,-0.035461544990539606,-0.06811019778251648,-0.027291253209114102,-0.07488751411437994,-0.028353884816169683,0.07143669575452805,0.04205727577209473,-0.07143669575452805,-0.04205727577209473,0.050181120634078924,0.1976723074913025,0.05448625981807706,0.28888291120529175,0.12106433510780346,0.03172945976257324,0.2677617073059082,0.02873516082763672,-0.09663200378417969,0.37217622995376587,-0.07895474135875702,0.45930391550064076,0.28318989276885975,-0.15210890769958496,0.12795157730579373,-0.18051850795745839,-0.0012580156326292835,0.017419636249542236,0.28585435450077057,0.0447961688041687
1656268297.png,0.15771476924419398,-0.05370166897773748,-0.007491528987884466,-0.035770356655120794,-0.012816935777664129,-0.03454327583312983,-0.06721189618110657,-0.024795100092887934,-0.07542949914932257,-0.025764659047126798,0.07109381258487701,0.04196974635124212,-0.07109381258487704,-0.04196974635124212,0.05004784464836115,0.1985961496829986,0.05208636820316312,0.2878442704677581,0.12084215879440319,0.0320701003074646,0.26950632035732264,0.030299663543701394,-0.09522277116775513,0.38674929738044733,-0.0842921659350395,0.4617763459682464,0.2819273769855499,-0.1641291379928589,0.13118108361959457,-0.182007074356079,-0.004396617412567194,0.016816377639770508,0.2871943414211273,0.045353591442108154
1656268298.png,0.15929952263832087,-0.056366607546806335,-0.007933735847473034,-0.03505167365074163,-0.012745410203933716,-0.03366860747337341,-0.06779566407203674,-0.02400450408458704,-0.07531154155731196,-0.024736404418945368,0.07129061222076416,0.043059721589088495,-0.07129061222076416,-0.04305972158908844,0.050711721181869396,0.19676157832145674,0.05246821045875549,0.28613799810409546,0.12112340331077581,0.03224283456802379,0.27091071009635936,0.03171241283416737,-0.09848557412624359,0.3855082690715789,-0.07940404862165448,0.47404789924621593,0.286721333861351,-0.16551238298416138,0.1272565200924873,-0.19483810663223267,-0.001872420310974121,0.016861557960510365,0.28705333173274994,0.04519510269165028
1656268299.png,0.15676651149988177,-0.0511004775762558,-0.006297111511230413,-0.0366615355014801,-0.011041104793548528,-0.03532326221466059,-0.06872761249542242,-0.02647094428539265,-0.07621255517005926,-0.026663228869438144,0.07141692191362378,0.04318736493587494,-0.07141692191362378,-0.04318736493587494,0.048587113618850764,0.19761738181114202,0.05464582145214081,0.289863407611847,0.12192419171333313,0.032430529594421276,0.2678750455379488,0.030843794345855713,-0.09620985388755796,0.389395385980606,-0.08659522980451584,0.47609549760818476,0.2845122218132019,-0.16582769155502308,0.13491762429475782,-0.19381046295166005,-0.0033217668533325195,0.01605820655822754,0.2864548861980438,0.0455648899078368
1656268300.png,0.15129100531339643,-0.051859691739082336,-0.004577964544296265,-0.03832745552062988,-0.011812478303909302,-0.036109477281570435,-0.06695690751075745,-0.028268173336982783,-0.07376566529273987,-0.03139817714691162,0.07504021376371386,0.043934926390647944,-0.07504021376371386,-0.043934926390647944,0.05387175083160395,0.19524875283241255,0.06012322008609769,0.29076927900314326,0.05049079656600952,-0.19741714000701888,0.26579773426055897,0.030899643898010365,-0.08134602010250103,0.3865734636783598,-0.07703141868114473,0.48090177774429316,0.2415734976530075,-0.16741997003555287,0.24061924219131464,-0.20667380094528187,0.02344572544097906,0.01975119113922108,0.1816175282001496,0.05615884065628052
1656268301.png,0.1040744930505752,-0.10271662473678589,0.018519371747970692,-0.025939226150512695,-0.022472873330116244,-0.05400688946247101,-0.01228204369544994,0.0030603408813476285,-0.07763242721557614,-0.029912754893302917,0.11277489364147186,0.04335853457450867,-0.11277489364147186,-0.04335853457450867,0.09394660592079157,0.26112261414527904,-0.040354534052312374,0.2897929847240449,-0.01816579699516291,-0.23726782202720653,0.19578255619853732,-0.13054350018501287,-0.017599940299987793,0.4281492531299591,0.023751065135002136,0.5130827128887177,0.2207469642162322,-0.008834123611450306,0.12391357123851776,0.17753714323043812,0.070122629404068,0.08769440650939953,0.03387732803821561,0.022036552429198997
1656268302.png,0.09696476161479946,-0.13279479742050176,0.024038091301918085,-0.028753757476806557,-0.02208119630813596,-0.060808181762695285,-0.009999275207519615,-0.0008123666048049927,-0.07610923796892166,-0.03491266816854473,0.11322234570980073,0.03761163353919983,-0.11322234570980073,-0.037611633539199774,0.10684576630592343,0.2124910056591034,0.012621160596609116,0.29206576943397516,-0.025067925453186035,-0.06434231996536266,0.06719968095421791,-0.021562933921813965,-0.014503896236419733,0.4411837160587311,0.03567059338092804,0.5091400444507597,0.23893427848815926,-0.04632347822189331,0.15089468657970426,-0.04122436046600342,-0.022571623325347956,0.10213172435760498,0.09034374356269839,0.07268047332763672
1656268303.png,0.10055445739999415,-0.13107542693614954,0.019430205225944575,-0.028163433074951255,-0.02073481678962702,-0.055523633956909235,-0.014282494783401573,-0.009943008422851562,-0.0774666294455529,-0.043005302548408494,0.1147810281254351,0.027452737092971802,-0.1147810281254351,-0.027452737092971802,0.11952698230743411,0.1952081024646759,0.013939832337200642,0.2532520592212677,-0.06537649035453802,0.00899428129196167,0.06104610115289688,-0.026103973388671875,0.015240982174873408,0.42282620072364807,0.07433151919394732,0.48607906699180603,0.2019909173250198,-0.00965869426727295,0.12125240266323092,0.07040703296661366,-0.045105367898940985,0.1381205320358273,0.07104793190956113,0.0360875129699707
1656268304.png,0.10083951056003568,-0.1037825345993042,0.016644313931465177,-0.03143632411956784,-0.01975558698177335,-0.055065348744392395,-0.021664544939994784,-0.017315194010734558,-0.07680945098400117,-0.059377074241638184,0.0891420990228653,0.00203672051429743,-0.0891420990228653,-0.0020367205142974854,0.08987803757190699,0.21636816859245317,0.031377099454402924,0.2509910762310028,0.12165498733520502,-0.01369696855545055,0.09644482284784317,-0.04837316274642944,-0.016366183757781955,0.4302872717380524,0.029654590412974354,0.45129093527793884,0.24164234101772306,-0.006734311580657959,0.20524345524609083,0.019062519073486217,0.10309883952140808,-0.17003649473190308,0.0728386938571931,0.09582746028900135
1656268305.png,0.0935510559938848,-0.11514157056808472,0.02037230134010312,-0.027349039912223788,-0.017554730176925687,-0.055148005485534696,-0.023061662912368747,-0.0065296888351440985,-0.09029277786612507,-0.056435033679008484,0.06205833842977882,-0.0028202831745147705,-0.06205833842977882,0.002820283174514715,0.07937272638082497,0.19999465346336354,0.03300811257213354,0.2639131844043732,0.06267797946929937,0.00990581512451183,0.088208120316267,-0.03018665313720703,0.03668611496686931,0.4152606427669525,0.03157075401395559,0.43335130810737627,0.1957494914531708,0.02017998695373524,0.12517960742115977,0.06681925058364846,0.16224288940429676,0.08690446615219138,0.1416022181510925,0.046100616455078125
1656268306.png,0.12787976302206516,-0.08447699248790741,0.018373608589172363,-0.027986496686935453,-0.014362484216690063,-0.05368189513683319,-0.025201827287673922,-0.021701097488403293,-0.07587891817092896,-0.06279425323009488,0.09944831766188146,0.03510342538356781,-0.09944831766188146,-0.03510342538356781,0.04710739850997922,0.18567889928817738,0.007075492292642593,0.29044899344444275,0.06443828344345093,0.03545367717742931,0.09714367985725403,0.017625749111175648,0.004227787256240734,0.3938802480697633,0.04521363601088524,0.4838186204433442,0.24059149622917184,-0.043662965297699086,0.15752854198217392,0.03682821989059437,0.09126076102256764,0.1053251624107363,0.10618600249290466,0.037464678287506215
1656268307.png,0.16485802456736567,-0.10957360267639155,0.00297391414642334,-0.03434684872627258,-0.022840887308120728,-0.05125117301940921,-0.04810529947280884,-0.009042590856552152,-0.09688559174537661,-0.02976500988006589,0.10869849845767018,0.04011054337024689,-0.10869849845767018,-0.04011054337024689,0.05024558305740362,0.23372903466224665,-0.027208728715777394,0.30188745260238664,0.06946349143981939,0.006327271461486927,0.1081267949193716,0.011079251766204723,0.002760797739028986,0.45723810791969305,0.056357190012931796,0.5531149506568909,0.25371673703193665,-0.03434675931930531,0.17496610432863238,-0.004226863384246715,0.09769177436828613,-0.121085584163666,0.3335362374782562,-0.17086195945739735
1656268308.png,0.16098798811435702,-0.014431446790695246,0.018195718526840154,-0.036094069480895996,-0.014842808246612549,-0.056277826428413336,-0.03286886215209961,-0.03761604428291318,-0.07180622220039365,-0.07462866604328156,0.11167432367801663,0.04255071282386774,-0.11167432367801663,-0.0425507128238678,0.04291993379592901,0.21578028798103338,-0.02755188010632991,0.30258145928382874,0.03783723711967474,0.019913315773010254,0.15803368948400018,0.03533935546875011,0.023577451705932673,0.42520698904991155,0.07240428030490875,0.5318339765071869,0.20690304040908808,0.012153446674346813,0.13481493294239047,0.08468061685562123,-0.15977862477302546,0.20081448554992676,0.10528594255447385,0.05341124534606945
1656268309.png,0.16319224238395683,-0.02101263403892517,0.017376184463500977,-0.035165220499038696,-0.014982759952545166,-0.05401928722858429,-0.03607809543609619,-0.035013630986213684,-0.07444632053375241,-0.06914496421813965,0.11272919178009036,0.04051569104194641,-0.11272919178009036,-0.04051569104194641,0.03883907198905934,0.22462347149848938,-0.024100184440612793,0.3015877306461334,0.06821811199188232,0.030898571014404297,0.1523580253124237,0.03465747833251953,-0.003974646329879816,0.43092885613441456,0.05632432550191879,0.5312789380550386,0.22976207733154302,0.05458068847656261,0.15107978135347364,0.10583615303039529,0.1326527297496795,-0.1747267246246338,0.04639664292335513,0.08916646242141724
1656268310.png,0.1603510715067387,-0.011246159672737177,0.019840270280838013,-0.03735923767089838,-0.017645597457885742,-0.055156692862510626,-0.029540538787841797,-0.02886644005775449,-0.07119958102703092,-0.07736319303512576,0.11247280612587926,0.04336847364902496,-0.11247280612587926,-0.04336847364902496,0.03306508064270025,0.21143591403961182,-0.026967460289597504,0.29930660128593456,0.06292378902435303,0.03374153375625599,0.1616463083773851,0.04034936428070046,0.01768440008163452,0.4028804898262024,0.06034175306558611,0.5208055078983307,0.19754403829574596,-0.004005432128906361,0.15790069103240967,0.028220713138580433,0.1363511681556701,-0.09562081098556507,0.05066680908203125,0.17605966329574574
1656268311.png,0.16351719200611115,-0.015947625041007885,0.019655913114547674,-0.03699317574501043,-0.01630848646163935,-0.05705292522907268,-0.027923464775085394,-0.03212632238864899,-0.07428327202796942,-0.07583402097225184,0.1124894767999649,0.043790146708488464,-0.1124894767999649,-0.043790146708488464,0.037516683340072576,0.21175757050514227,-0.026698144152760516,0.3003824353218078,0.05120819807052618,0.026689767837524414,0.1629524398595095,0.04196715354919445,0.008313655853271484,0.4194654524326325,0.04579259455204008,0.5234203338623047,0.20623457431793218,-0.009220421314239613,0.1722858995199204,0.023633480072021484,0.13777369260787958,-0.10822212696075428,0.0514850914478302,0.1784222126007079
1656268312.png,0.16318682953715316,-0.012252643704414423,0.018971741199493464,-0.03751075267791748,-0.016021221876144354,-0.055221885442733765,-0.028086066246032715,-0.0283135324716568,-0.07290628552436834,-0.0765415877103805,0.11103959009051326,0.04299108684062958,-0.11103959009051326,-0.04299108684062958,0.03921353816986084,0.2123766243457793,-0.02955787815153598,0.29991549253463734,0.052612572908401434,0.02840512990951538,0.16243116743862626,0.04345357418060314,0.017880082130432018,0.4059884250164031,0.05642502754926681,0.522535264492035,0.20094299316406256,-0.006951987743377797,0.1628980040550232,0.023782968521118164,0.1323157250881195,-0.09211117029190041,0.0485914945602417,0.1798694133758546
1656268313.png,0.15847213938832283,-0.010031700134277288,0.020964324474334717,-0.036373406648635975,-0.017592996358871404,-0.056630045175552424,-0.026052772998809814,-0.028182625770568792,-0.06903181970119482,-0.0778077244758606,0.11213155463337898,0.042746901512145996,-0.11213155463337898,-0.042746901512145996,0.03148347139358526,0.21301773190498352,-0.029863610863685608,0.2997867166996002,0.06813776493072499,0.035567402839660645,0.162274070084095,0.039845824241638184,0.018251627683639526,0.4020080268383025,0.060719579458236694,0.5213772356510161,0.19995695352554332,0.008959352970123402,0.15989545732736582,0.0254666805267334,0.13560429215431202,-0.10625863075256348,0.103901207447052,0.07713961601257335
1656268314.png,0.1603149957954884,-0.01409859955310827,0.020229160785674938,-0.03666308522224421,-0.016143023967742975,-0.056825160980224526,-0.02697467803955067,-0.02774693071842191,-0.07400310039520264,-0.07573948800563815,0.11254857853055,0.04487331211566925,-0.11254857853055,-0.04487331211566925,0.034634590148925726,0.21520426869392384,-0.028922502882778638,0.30082613229751587,0.0625767707824707,0.028868556022644154,0.16548822540789843,0.04068887233734131,0.0061934590339660645,0.41435900330543507,0.0455445647239685,0.5203868746757507,0.20525714755058277,-0.007287144660949485,0.15603596717119217,0.026195526123046875,0.137333244085312,-0.10778260231018078,0.0518895089626312,0.18273508548736572
1656268315.png,0.1591033674776555,-0.013138890266418457,0.020179122686386053,-0.037796586751937866,-0.018431186676025446,-0.057211086153984125,-0.026272326707839966,-0.027759179472923307,-0.07280389964580541,-0.07675708830356595,0.11242270842194554,0.04400727152824402,-0.11242270842194554,-0.044007271528244074,0.0367752611637116,0.20964470505714417,-0.028769264928996556,0.3016709387302399,0.05289241671562195,0.02704375982284546,0.16256200056523082,0.03746223449707031,0.01616832613945013,0.41978797316551186,0.060121424496173866,0.5337763130664825,0.19910642504692078,-0.007967829704284335,0.14124915003776556,0.036631345748901256,0.1361432373523711,-0.10937500000000011,0.053193241357803234,0.15938526391983032
1656268316.png,0.13434358127415183,-0.04120257496833801,0.023702085018157903,-0.03282789885997775,-0.014340907335281483,-0.05385693907737732,-0.022835701704025324,-0.02959439158439639,-0.06888391077518455,-0.07371497154235843,0.11483861692249778,0.04436528682708735,-0.11483861692249778,-0.0443652868270874,0.04363912343978876,0.2547647953033448,-0.018612051382660866,0.29056406021118164,-0.009077072143554688,-0.06117457151412964,0.11628188006579876,0.02484351396560669,3.2782554625909732e-06,0.4601576924324036,0.05552978441119194,0.5448252558708191,0.19841104745864863,-0.006912231445312278,0.14863411337137225,0.012457191944122203,-0.16508924961090082,0.18000978231430032,0.025034084916114724,0.17402565479278576
1656268317.png,0.1480164937674999,-0.029690265655517523,0.020198792219161987,-0.033615231513977106,-0.014663070440292358,-0.055621817708015525,-0.02351391315460205,-0.03164772689342504,-0.0685046166181564,-0.06739787757396698,0.10987855121493337,0.039131045341491644,-0.10987855121493337,-0.0391310453414917,0.04997390508651739,0.22531998157501226,-0.02302975207567215,0.29097670316696167,0.06439110636711126,0.014762401580810436,0.13763193786144254,0.02347850799560547,0.01532047986984253,0.43792051076889044,0.0694362223148346,0.537455379962921,0.21745961904525762,-0.049659788608550914,0.1542896255850792,0.06794536113739014,0.12581253051757812,-0.08811974525451682,0.11918044090270996,-0.0011230111122130237
1656268318.png,0.15720859728753564,-0.020780399441719,0.018268287181854304,-0.036999404430389404,-0.017758160829544067,-0.053623348474502563,-0.03388729691505438,-0.03592810034751892,-0.0723640024662017,-0.07553549110889435,0.11163390241563317,0.03983055055141449,-0.11163390241563317,-0.03983055055141449,0.03619995713233953,0.21676483750343328,-0.028743905946612358,0.2965530157089234,0.06561622023582464,0.02607107162475586,0.1579818967729807,0.0311087965965271,0.020710051059722956,0.4175550043582918,0.07021432742476462,0.5234668850898745,0.2087512612342834,-0.021920621395111195,0.1518903225660324,0.03747475147247292,0.1248579621315003,-0.08866530656814575,0.11959686875343328,0.05696904659271251
1656268319.png,0.15228863433003428,-0.022293865680694636,0.017938345670700073,-0.034290969371795654,-0.014180570840835571,-0.05200712382793424,-0.029132544994354248,-0.03801520168781275,-0.06855548918247228,-0.07263176143169403,0.11083843186497686,0.03870189189910883,-0.11083843186497686,-0.03870189189910889,0.03733587265014654,0.2155767977237702,-0.029777511954307556,0.2950538694858552,0.055177241563797,0.019587814807891846,0.1588081493973732,0.03239208459854115,0.03316327929496771,0.4043994247913362,0.07126015424728394,0.523675113916397,0.1965945065021515,0.006350696086883323,0.1530629768967629,0.0588076114654541,0.12081578373908985,-0.10281401872634877,0.11610803008079523,0.05727219581604004
1656268320.png,0.15113734453916552,-0.023808777332305908,0.01923209428787226,-0.03382018208503729,-0.014200478792190607,-0.053400978446006775,-0.0278975367546081,-0.036225602030754006,-0.06921060383319846,-0.07158720493316653,0.11082737892866132,0.03827780485153198,-0.11082737892866132,-0.03827780485153198,0.035715013742446955,0.21529796719551075,-0.028889792039990425,0.29496636986732483,0.06532657146453857,0.0269034504890443,0.15750771947205064,0.03198361396789551,0.02314081788063055,0.41948822140693653,0.07118806988000871,0.5240713655948639,0.2209378182888031,0.011853039264679177,0.1525304988026619,0.08059346675872792,0.11227864027023315,-0.11912924051284801,0.10076123476028442,0.032566070556640514
1656268321.png,0.15115166828036308,-0.023436427116394043,0.01876908540725708,-0.03330764174461359,-0.014019548892974854,-0.05298328399658206,-0.02822139859199524,-0.03593225777149206,-0.06866556406021118,-0.07035124301910398,0.11133728548884392,0.038295477628707886,-0.11133728548884392,-0.038295477628707886,0.03536584973335266,0.2162051498889923,-0.02823028527200222,0.29585739970207214,0.06245937943458557,0.02724456787109375,0.15989029221236706,0.02981680631637562,0.02378791570663452,0.4062752425670624,0.07150304317474364,0.5238354504108429,0.20652329921722407,0.006345272064209095,0.15438755601644516,0.05729949474334728,0.12132036685943609,-0.1027052402496339,0.11506059765815735,0.05719435214996327
1656268322.png,0.15021701343357557,-0.024525731801986694,0.019540250301361084,-0.03397476673126221,-0.014699727296829168,-0.05423049628734586,-0.02613422274589533,-0.034868910908699036,-0.06913112103939059,-0.07060623168945315,0.11008067615330219,0.03939712047576899,-0.11008067615330219,-0.03939712047576904,0.03807011246681208,0.21436104178428667,-0.02860859408974647,0.29512718319892883,0.06273442506790167,0.02754366397857655,0.1614018008112907,0.03306823968887329,0.023933053016662653,0.4183476269245146,0.07038677111268041,0.5239253342151642,0.19400691986083968,-0.009682238101959006,0.15373700857162478,0.06001049280166626,0.13450580835342407,-0.10075485706329357,0.10140788555145258,0.05410599708557118
1656268323.png,0.15027120895683768,-0.02419942617416382,0.01882237195968628,-0.03387126326560974,-0.014841914176940918,-0.054184600710868835,-0.02766895294189453,-0.035146310925483704,-0.06921018660068512,-0.06957587599754336,0.11053964681923387,0.03804442286491394,-0.11053964681923387,-0.038044422864913885,0.036513656377792414,0.21585813164710999,-0.028669243678450584,0.2955262362957,0.05596190690994263,0.022098779678344727,0.1588596496731043,0.031983792781829834,0.023383826017379872,0.4060864746570586,0.0707017444074154,0.5220538675785062,0.20840170979499822,-0.010263323783874512,0.16654754430055624,0.03869837522506725,0.12557724118232716,-0.08380436897277821,0.12009379267692555,0.056327879428863525
1656268324.png,0.15053581818938255,-0.025778040289878845,0.019386738538742065,-0.033790409564971924,-0.014253854751586859,-0.054036661982536316,-0.026937276124954224,-0.03451898694038391,-0.06929768621921548,-0.06924287974834442,0.11059930548071861,0.03947444260120392,-0.11059930548071861,-0.03947444260120392,0.0363975465297699,0.2140093743801117,-0.029466634616255753,0.29617732763290394,0.061649709939956665,0.02815699577331543,0.15986493043601513,0.03276300430297863,0.024916648864746094,0.4174273908138276,0.07041490823030472,0.5242149233818053,0.2061403989791869,-0.007952630519867054,0.15415064990520477,0.036212027072906605,0.11156442761421215,0.10398882627487172,0.11762845516204828,0.07828211784362782
1656268325.png,0.15088319964706898,-0.028550520539283808,0.019427210092544556,-0.0333548486232757,-0.014583319425582886,-0.054027646780013955,-0.02719578146934515,-0.033432409167289706,-0.0699243098497391,-0.06819726526737216,0.11033776588737965,0.039363279938697815,-0.11033776588737965,-0.03936327993869787,0.036653786897659246,0.21497726440429688,-0.02797476015985012,0.29608324170112615,0.06628030538558966,0.02822476625442505,0.1605349574238062,0.02912062406539928,0.02282503247261053,0.4168704152107239,0.06967845186591147,0.5242376029491425,0.20788362622261036,-0.007435619831085205,0.156086303293705,0.05656057596206665,0.12030088901519792,-0.10038727521896362,0.1156633198261261,0.056249558925628995
1656268326.png,0.15238164737820625,-0.025521427392959595,0.01917320489883423,-0.03421589732170105,-0.014380812644958496,-0.053886383771896335,-0.02784132957458496,-0.03409986197948453,-0.07074227929115295,-0.06963700056076053,0.11055232957005501,0.039657145738601685,-0.11055232957005501,-0.039657145738601685,0.03747323155403137,0.21498766541481007,-0.027254138141870506,0.29695650935173024,0.06522101163864125,0.028092265129089466,0.16001665219664576,0.031063318252563588,0.022503018379211426,0.40517517924308777,0.07094500958919522,0.524535983800888,0.20868468284606928,0.002934873104095459,0.1534939631819725,0.03908264636993419,0.12638399004936224,-0.09882223606109619,0.11819344758987421,0.05572247505187988
1656268327.png,0.1508036144077778,-0.024812921881675665,0.019340932369232178,-0.03396746516227728,-0.014372259378433172,-0.05370299518108376,-0.027463495731353704,-0.034473568201065063,-0.0711216032505036,-0.07030203938484189,0.1106533594429493,0.03873910009860998,-0.1106533594429493,-0.038739100098609924,0.035572588443756104,0.2148794531822203,-0.028126915916800506,0.2970799505710602,0.05704221129417414,0.022829771041870117,0.1594786178320646,0.03101038932800282,0.024819493293762263,0.41989600658416754,0.07164767384529114,0.5241703689098356,0.20558163523674,-0.00867205858230613,0.15391255170106882,0.06005859375,0.1251881122589113,0.10584217309951793,0.11555686593055725,0.05572384595871005
1656268328.png,0.15084084682166576,-0.027874082326889038,0.019717842340469416,-0.03400124609470359,-0.014721542596817017,-0.0541822612285614,-0.027539968490600697,-0.03372636437416085,-0.07057809829711914,-0.06818039715290067,0.11101767234504223,0.04056292772293091,-0.11101767234504223,-0.04056292772293091,0.036815375089645386,0.21488547325134277,-0.02709358744323253,0.2973189949989319,0.06489723920822149,0.027510106563568115,0.15813958086073399,0.032730817794799916,0.022965908050537054,0.4194175601005554,0.07089857384562492,0.5256356000900269,0.20908033847808838,-0.008403420448303112,0.15113483369350433,0.03633815050125122,0.11976486444473272,-0.1044210195541384,0.11999630928039551,0.07687067985534657
1656268329.png,0.15228418074548242,-0.027562886476516724,0.01956087350845348,-0.034209042787551935,-0.014372587203979437,-0.05426590144634244,-0.02760806679725658,-0.03410948812961573,-0.07090032100677493,-0.0690604448318482,0.11020738445222375,0.039255797863006536,-0.11020738445222375,-0.03925579786300659,0.03731286525726324,0.21479550004005438,-0.025192162021994584,0.314732402563095,0.0626039206981659,0.0279349684715271,0.15529079921543598,0.01249682903289806,0.02489063143730169,0.41792735457420355,0.0698433630168438,0.5253097712993622,0.22135576605796814,0.014142990112304576,0.1567012071609497,0.056881308555602916,0.08343327045440674,0.08433228731155407,0.1138238906860351,0.05674779415130626
1656268330.png,0.1544327288866043,-0.03367678821086889,0.020449668169021606,-0.036028057336807195,-0.018670201301574763,-0.0559912770986557,-0.030165314674377497,-0.029414936900138883,-0.07159142196178436,-0.06863918900489804,0.11300046741962433,0.046027943491935785,-0.11300046741962433,-0.046027943491935785,0.05103746056556702,0.23083931207656855,-0.02302176505327224,0.31896319985389715,0.08820113539695745,0.01110076904296875,0.14962611347436905,0.007468223571777344,0.002497166395187378,0.43320506811141973,0.06874635070562363,0.5479117929935458,0.25748351216316223,0.010139763355254905,0.16660699993371958,0.033120036125182994,0.09280931949615479,-0.15236634016036976,0.019632279872894287,0.13998484611511242
1656268331.png,0.1598596666008234,-0.021252140402793884,0.016352564096450806,-0.037650734186172485,-0.015466362237930298,-0.05431659519672394,-0.03444713354110718,-0.03921605646610263,-0.07258251309394834,-0.0794549286365509,0.11251224018633366,0.050939545035362244,-0.11251224018633366,-0.050939545035362244,0.06606408953666687,0.24905988574028015,-0.030337916687130935,0.3222675919532776,0.0733062326908111,-0.006108283996582142,0.17233905754983422,0.02118629217147816,0.017189085483551025,0.4500701129436492,0.05400333926081657,0.5678854584693908,0.21950972080230713,0.009397149085998535,0.18605760484933853,0.05052483081817638,0.09525030851364136,0.05978941917419456,0.09391486644744867,0.07028299570083629
1656268332.png,0.16222956590354443,-0.024246454238891657,0.017532467842102106,-0.0366064310073852,-0.01491606235504156,-0.0549305975437164,-0.03434079885482799,-0.03659918904304507,-0.07361553609371183,-0.0735744088888168,0.11139029078185558,0.04924958944320673,-0.11139029078185558,-0.04924958944320679,0.05576285719871521,0.23832532763481135,-0.028648633509874337,0.3228285014629364,0.07678556442260737,0.004521369934082142,0.16787900030612946,0.019292771816253662,0.023005694150924627,0.45311614871025113,0.057374019175767905,0.5680293142795563,0.21593666076660162,-0.0243804454803469,0.17082256823778152,0.02600473165512085,0.10357558727264404,-0.13285225629806519,0.13426277041435242,0.034891366958618164
1656268333.png,0.16371901333332062,-0.026439741253852844,0.018068224191665594,-0.03646786510944369,-0.014982044696807806,-0.05312247574329379,-0.037461221218109075,-0.0335650444030762,-0.07640764117240911,-0.07052585482597348,0.11186851561069489,0.04722402989864355,-0.11186851561069489,-0.047224029898643494,0.05132514238357544,0.22622832655906672,-0.02824419178068637,0.30131334066391,0.06341207027435303,0.012799203395843395,0.16573586501181126,0.043897390365600475,0.03796917200088501,0.433960646390915,0.07040908187627792,0.5533245205879209,0.2188584804534911,-0.0017520785331726074,0.19138754159212112,0.04095578193664584,0.09907507896423362,0.07287305593490578,0.11559009552001953,0.03131359815597512
1656268334.png,0.1639921404421329,-0.02680125832557667,0.01791507005691534,-0.03417751193046584,-0.01509642601013178,-0.053466722369194114,-0.033638119697570856,-0.031040474772453308,-0.07611523568630221,-0.06875240802764895,0.10917771235108376,0.04078173637390137,-0.10917771235108376,-0.04078173637390142,0.035758316516876165,0.22250157594680797,-0.029015479609370228,0.3014220595359804,0.04663586616516119,0.014333784580230602,0.14897564612329003,0.03280681371688832,0.03791457414627075,0.42337244749069214,0.06990634649991989,0.5331243872642517,0.22367936372756958,-0.02618008852005005,0.1677640825510025,0.035223186016082764,0.11123454570770275,0.09191608428955078,0.1320271492004395,0.04799056053161621
1656268335.png,0.16698555275797844,-0.02781280875205988,0.016967356204986572,-0.03521366417407998,-0.015282660722732488,-0.052222654223442105,-0.036049991846084595,-0.03403513133525843,-0.07657045125961306,-0.0693980008363724,0.10915983840823174,0.03970146179199219,-0.10915983840823174,-0.03970146179199219,0.038224607706069946,0.2198295295238495,-0.030163137242197997,0.3009948432445526,0.041339337825775146,0.017282605171203613,0.15552510879933834,0.03404819965362549,0.034866988658904974,0.42810794711112976,0.06571895629167557,0.5487981140613557,0.21163442730903642,-0.008980393409729004,0.1726064831018448,0.03752559423446644,0.1127648353576659,0.07367914915084828,0.11495798826217651,0.033288776874542125
1656268336.png,0.16308251023292542,-0.025828391313552856,0.018323510885238592,-0.03485755622386935,-0.014372318983078003,-0.05353109538555145,-0.033932834863662664,-0.03389561176300049,-0.07623755931854245,-0.06960694491863251,0.10910618305206299,0.04061663150787348,-0.10910618305206299,-0.040616631507873535,0.03896194696426386,0.21788007020950323,-0.03064455557614565,0.300717294216156,0.04110604524612438,0.017685651779174805,0.15204644668847325,0.03451395034790028,0.02362269163131714,0.4250547885894777,0.06573058664798737,0.5315235257148742,0.2092698216438294,-0.008870840072631947,0.15612237155437475,0.0313107967376709,0.1112679243087768,0.07711297273635864,0.04458856582641596,0.1606867313385012
1656268337.png,0.16510105505585665,-0.025779813528060913,0.017426639795303345,-0.035616263747215215,-0.014466643333435003,-0.05263414978981018,-0.035853087902069036,-0.035165429115295466,-0.07734808325767517,-0.06984643638134005,0.10831857100129128,0.039615362882614136,-0.10831857100129128,-0.039615362882614136,0.03850352764129633,0.21968278288841236,-0.03167729545384645,0.30005720257759083,0.04733771085739136,0.023095250129699818,0.15319160837680101,0.03828883171081554,0.024021565914154053,0.42795875668525685,0.0629630759358406,0.5445882976055144,0.2098688781261444,-0.013555347919464111,0.15766891837120062,0.019122362136841042,0.12484842538833618,0.07960110902786255,0.11681917309761047,0.05995577573776234
1656268338.png,0.16709073819220066,-0.030653342604637146,0.016503006219863836,-0.03478480875492096,-0.01597362756729126,-0.05178663134574882,-0.03645443916320801,-0.034503415226936285,-0.07703270018100736,-0.07071495056152347,0.10986744798719883,0.043378546833992004,-0.10986744798719884,-0.043378546833992004,0.04049211740493769,0.23144915699958796,-0.028407407924532876,0.30087524652481085,0.0393479466438294,-0.001609206199645885,0.15308705158531663,0.03299534320831299,0.020705640316009577,0.44604352116584794,0.05122681334614755,0.5527133345603943,0.22158092260360712,-0.05531066656112671,0.19667661190032953,-0.015980720520019642,0.13047409057617176,0.06813907623291016,0.01976588368415838,0.1904621124267577
1656268339.png,0.15371423214673996,-0.02659580111503601,0.022217214107513483,-0.03608641028404233,-0.014904975891113281,-0.05467940866947171,-0.03590390086174017,-0.031843498349189786,-0.07772655785083768,-0.07206846773624426,0.10889788717031479,0.05083569884300232,-0.10889788717031479,-0.05083569884300232,0.06798818707466125,0.23430243134498596,-0.04083794727921485,0.3211691677570343,0.07448759675025934,-0.010604619979858398,0.18642180040478706,0.012224137783050537,0.0021037757396698553,0.4343682825565338,0.04808979481458663,0.5556497871875762,0.23639348149299616,0.04791843891143799,0.1776278242468834,0.08949899673461936,0.11444652080535878,0.04250985383987427,0.1283392608165741,-0.008919954299926869
1656268340.png,0.15675340779125688,-0.023999169468879644,0.01795938611030584,-0.03558418154716492,-0.014545738697051946,-0.055554956197738675,-0.03297269344329834,-0.033144041895866366,-0.07647302746772769,-0.0724835246801376,0.10984386689960954,0.05035419762134552,-0.10984386689960954,-0.05035419762134552,0.06873849034309393,0.23403310775756841,-0.037844499573111534,0.31702217459678644,0.05727455019950872,-0.004926860332489014,0.18631252087652686,0.017665743827819935,0.01637786626815796,0.4321129918098449,0.05113366618752481,0.5548031032085419,0.23641729354858404,0.022749781608581654,0.1929432451725006,0.0399720072746278,0.0837659239768982,0.07124221324920643,0.06923776865005493,0.12524646520614624
1656268341.png,0.1564367674291134,-0.029525026679039,0.017403483390808105,-0.03684636950492862,-0.015778690576553345,-0.053879231214523315,-0.03349292278289795,-0.03066313266754142,-0.07799622416496274,-0.07107937335968018,0.11042093858122826,0.05076582729816431,-0.11042093858122826,-0.05076582729816437,0.06766805052757258,0.23345920443534868,-0.03766658063977957,0.3188999891281127,0.0772023499011994,-0.008082628250122181,0.18606124725192782,0.01910787820816051,0.016936510801315308,0.43142363429069513,0.06464009732007979,0.5566114187240601,0.23785510659217846,0.02292078733444214,0.2078503668308258,0.06894278526306141,0.12744945287704457,0.04813551902771007,0.05307897925376892,0.09104520082473744
1656268342.png,0.15089084580540651,-0.04560805857181549,0.021234393119812067,-0.030075743794441223,-0.01479649543762207,-0.05634830892086029,-0.021779239177703913,-0.017417699098587064,-0.07394817471504211,-0.061513707041740445,0.11090554669499397,0.04440228641033178,-0.11090554669499397,-0.044402286410331726,0.03702971339225769,0.2249909341335296,-0.021958906203508374,0.3037474751472473,0.04499724507331848,0.002726912498474121,0.1420534513890743,0.030806779861450195,0.00968796014785761,0.43725588917732233,0.04786556214094161,0.5331807732582092,0.20999163389205944,-0.02059692144393921,0.16928197443485254,0.012126505374908558,-0.12998715043067938,0.2167634367942809,0.11804693937301647,0.10485410690307617
1656268343.png,0.14070392958819866,-0.09124007821083066,0.019523888826370295,-0.02404364943504339,-0.015921980142593384,-0.05476805567741397,-0.01876521110534668,-0.01003110408782959,-0.07648596167564392,-0.04915338754653931,0.11971626989543438,0.0609231442213059,-0.11971626989543438,-0.06092314422130585,0.07745420932769775,0.21413272619247442,-0.0009376145899295772,0.3441062867641449,0.006412684917449951,-0.24690595269203192,0.14577805995941162,-0.01080995798110962,-0.0035155415534973145,0.44292646646499617,0.08280390128493309,0.5721333920955657,0.23838084936141968,0.026793003082275613,0.15216398239135742,0.029627621173858865,0.08577030897140503,0.04794073104858376,0.04283520579338074,0.008255422115325817
1656268344.png,0.12476952187716953,-0.06797945499420166,0.023374050855636652,-0.02374997735023504,-0.0165052711963653,-0.057298526167869596,-0.010614842176437378,-0.012034177780151312,-0.07301685214042666,-0.059507966041564914,0.11569385044276717,0.053244769573211725,-0.11569385044276717,-0.05324476957321167,0.10572782158851612,0.19787433743476862,-0.012012304738163952,0.30633965134620655,-0.0008577108383178711,-0.004140913486480713,0.14714601449668407,0.004657447338104359,-0.005124866962432861,0.392051488161087,0.06345422193408012,0.525216668844223,0.20266485214233382,-0.034541308879852406,0.1327427625656128,-0.0562596321105957,-0.136910319328308,0.25574767589569125,0.03511510789394379,0.07418018579483021
1656268345.png,0.12769937701523304,-0.023008197546005194,0.022458642721176147,-0.03734210133552557,-0.019618004560470637,-0.05770392715930944,-0.013079345226287897,-0.03146676719188693,-0.07418338954448694,-0.08141501247882843,0.11937335319817066,0.04389038681983948,-0.11937335319817066,-0.04389038681983948,0.10230338573455816,0.23258718848228455,-0.02595854550600052,0.31150659918785095,-0.09027409553527832,-0.08414840698242188,0.1572846882045269,0.012277603149414062,0.008869141340255737,0.429952412843704,0.07440026476979256,0.5353447496891021,0.22523948550224304,0.0629943609237672,0.09238144755363459,0.07032084465026867,-0.0737758576869964,0.08759921789169334,0.08256514370441437,0.01884359121322632
1656268346.png,0.12781764566898346,-0.02797661721706396,0.022771894931793157,-0.03615185618400574,-0.019106328487396185,-0.05880500376224512,-0.012789338827133123,-0.02774031460285184,-0.07422302663326269,-0.07911047339439392,0.11943484842777252,0.043552204966545105,-0.11943484842777252,-0.04355220496654516,0.10097095370292658,0.23015612363815308,-0.024024504236876958,0.3238573372364045,-0.09523588418960571,-0.08552795648574829,0.14915469568222758,-0.0009115338325500488,0.006822764873504639,0.4310723543167114,0.07195593416690826,0.5363688170909882,0.22849524021148682,0.06517481803894054,0.09396566450595854,0.07413679361343384,-0.17663922905921942,0.12066012620925914,0.08248722553253177,0.01401972770690929
1656268347.png,0.12896661087870584,-0.030709221959114075,0.021406769752502552,-0.03480398654937744,-0.018922507762908825,-0.057830050587654114,-0.014696061611175593,-0.026292875409126282,-0.0747926086187363,-0.07721495628356931,0.11905987188220027,0.04448430240154261,-0.11905987188220027,-0.04448430240154261,0.10121834278106684,0.22855782508850114,-0.02383873052895069,0.31154307723045355,-0.09654480218887329,-0.0787070393562318,0.14832470752298832,0.015526115894317516,-0.0010129511356354315,0.4299111962318421,0.07242856919765474,0.5342582166194916,0.21924886107444763,0.0680951476097107,0.0950258299708366,0.074962317943573,-0.07473564147949219,0.0634823441505431,0.06647174060344693,0.0003275871276855469
1656268348.png,0.13045389764010906,-0.031117886304855402,0.020896285772323664,-0.034022897481918224,-0.017370492219924927,-0.056429758667945806,-0.016503274440765492,-0.026674076914787348,-0.074967160820961,-0.07834930717945099,0.11948422901332378,0.045246660709381104,-0.11948422901332378,-0.04524666070938116,0.09917834401130671,0.22900813817977894,-0.02518801111727953,0.31167000532150274,-0.09761911630630488,-0.07987517118453968,0.14774251822382212,0.018348097801208496,-0.005678445100784302,0.4307745099067687,0.0699929930269718,0.5365707278251648,0.22294160723686218,0.06555962562561046,0.07884494215250017,0.04793494939804066,-0.10433629155158997,0.06459629535675049,0.08192996680736542,0.024362802505493386
1656268349.png,0.13282897323369983,-0.03226099908351898,0.023827999830245916,-0.03415253758430481,-0.01699048280715948,-0.05758245289325714,-0.019167304039001354,-0.028650477528572138,-0.0714349597692489,-0.07433059811592105,0.11817761510610578,0.046852096915245056,-0.11817761510610578,-0.046852096915245056,0.10213750600814825,0.2255192995071411,-0.025720288045704365,0.3240889608860016,-0.09304982423782349,-0.08247327804565419,0.15157238114625218,-0.0016932487487792969,0.009061187505722101,0.43547332286834717,0.07223991304636002,0.5364556610584259,0.2236594557762146,0.02747720479965221,0.10675819963216782,0.0519561767578125,-0.173691987991333,0.1497439146041869,0.06543485820293427,0.022621631622314342
1656268350.png,0.13366321474313736,-0.03311961889266962,0.023184627294540405,-0.03233584761619568,-0.01654037833213806,-0.05572839081287387,-0.021888762712478582,-0.030165106058120755,-0.07169099152088165,-0.07568512856960294,0.11919821053743362,0.046222954988479614,-0.11919821053743362,-0.046222954988479614,0.09898695349693298,0.2270017564296723,-0.025382578372955322,0.3104538023471833,-0.09530135989189148,-0.08198517560958873,0.14639437198638913,0.01454263925552357,0.0022901892662048895,0.4405455291271208,0.07123798877000809,0.5384104549884796,0.23318025469779963,0.05352866649627708,0.1062540933489799,0.07392883300781261,-0.22626039385795588,0.12641549110412587,0.06555764377117163,-0.0010133981704714135
1656268351.png,0.12788864597678187,-0.03821924328804016,0.02404162287712097,-0.0336941331624985,-0.017538398504257202,-0.055881962180137634,-0.017726778984069824,-0.024574488401412964,-0.07652972638607025,-0.07564085721969604,0.11598759517073629,0.04867854714393621,-0.11598759517073629,-0.04867854714393616,0.10148483514785767,0.22234544157981867,-0.03252314403653144,0.30811378359794617,-0.09319505095481867,-0.08516210317611694,0.15834471210837361,0.011226415634155162,0.008922219276428278,0.43315878510475164,0.06905844807624817,0.5364657938480377,0.2207982838153839,0.028088331222533958,0.10147260874509809,0.0316448211669923,-0.15570566058158875,0.15164619684219371,0.059017330408096286,0.04502397775650013
1656268352.png,0.1309689655900003,-0.036141544580459595,0.02324092388153065,-0.03167589008808139,-0.016821056604385487,-0.0558577626943588,-0.01824724674224859,-0.02843037247657773,-0.07154074311256414,-0.07516418397426608,0.11667693406343457,0.04753622412681574,-0.11667693406343457,-0.047536224126815796,0.10114899277687073,0.22852948307991022,-0.02985890489071607,0.31260719895362843,-0.0925908088684082,-0.08328139781951893,0.15429401677101848,0.013186216354370228,-0.001087874174117931,0.4401207268238066,0.07021419703960419,0.5404459536075591,0.2345824539661407,0.026436030864715687,0.10204188525676731,0.05271607637405418,-0.17477297782897955,0.15304285287857067,0.05545903742313382,0.021078765392303356
1656268353.png,0.1323661543428898,-0.03489750623703003,0.022422045469284002,-0.031335353851318304,-0.016089528799057062,-0.0540744811296463,-0.02065813541412348,-0.03076298534870156,-0.07075908780097956,-0.07621431350708008,0.11529082432389257,0.04471227526664734,-0.11529082432389257,-0.044712275266647394,0.10098916292190557,0.23090246319770813,-0.031973562203347676,0.3117778599262238,-0.0958979725837707,-0.08470267057418823,0.1543278386816382,0.009842455387115367,-9.77516174315296e-05,0.4307521879673005,0.0681149959564209,0.5371870696544647,0.21336796879768377,0.06881850957870461,0.10436325520277023,0.052540361881256104,-0.13769793510437017,0.12170714139938354,0.05485333502292633,0.023331165313720814
1656268354.png,0.12936562672257426,-0.03320580720901484,0.020738154649734553,-0.032443881034851074,-0.016649693250656183,-0.05536316335201269,-0.015838593244552723,-0.027423173189163264,-0.06966926157474515,-0.0760105699300766,0.11473757401108739,0.044749677181243896,-0.11473757401108739,-0.044749677181243896,0.10274341702461248,0.2311207354068756,-0.033080711029469974,0.3109652101993561,-0.09687316417694086,-0.08666282892227173,0.15451448317617178,0.01005101203918457,0.008871555328369196,0.4397333562374115,0.06649713218212125,0.5366708338260652,0.20678123831748968,0.05765563249588013,0.10338547080755238,0.17751789093017545,-0.13851341605186468,0.12099575996398926,0.07212561368942258,-0.08285659551620472
1656268355.png,0.13134733960032463,-0.035278633236885126,0.02264735102653498,-0.030954748392105047,-0.01642322540283203,-0.054289609193801824,-0.02145650982856745,-0.028954192996025085,-0.06942473351955414,-0.07325501739978793,0.11499602720141411,0.04529275000095362,-0.11499602720141411,-0.04529275000095362,0.10228952765464777,0.23014271259307867,-0.032746026292443275,0.3099875152111052,-0.09456455707550049,-0.08533114194869995,0.15330714173614982,0.012051045894622803,0.0005321502685546875,0.43901932239532476,0.06776113063097,0.5368297994136808,0.2337462306022644,0.05722832679748524,0.10242225229740143,0.051108241081237904,-0.15756288170814514,0.12287992238998424,0.05682891607284546,0.024863898754119762
1656268356.png,0.1302846521139145,-0.03618921339511871,0.02340167760848999,-0.03092573583126068,-0.01693978905677801,-0.055086761713027954,-0.019936025142669678,-0.028750866651535034,-0.07162928581237793,-0.07425951957702634,0.1152537614107132,0.0463773757219314,-0.1152537614107132,-0.04637737572193146,0.10359564423561096,0.22979056835174566,-0.03189571760594844,0.31185516715049744,-0.09058874845504761,-0.0832640528678894,0.15559915266931057,0.01635444164276134,0.00043711066246032715,0.43774563074111933,0.06732860952615735,0.5374233424663544,0.2132076621055603,0.05835521221160889,0.10522774606943133,0.055136799812316784,-0.13959464430809015,0.12064325809478771,0.05576480925083155,0.03962230682373069
1656268357.png,0.13204422406852245,-0.03559193015098561,0.022378891706466675,-0.031601563096046476,-0.016916960477828924,-0.05423571169376379,-0.021852165460586492,-0.03013677895069128,-0.07139600813388827,-0.07406353950500488,0.11479914002120495,0.04567393660545349,-0.11479914002120495,-0.04567393660545349,0.10264426469802862,0.22854658961296087,-0.03282102663069963,0.3116938769817352,-0.08876872062683111,-0.0802907943725586,0.1569295460358262,0.014556169509887806,-0.0007772147655487616,0.44045779109001154,0.06723484769463539,0.5389244258403778,0.23350283503532404,0.051314890384674294,0.10477638989686962,0.05179631710052479,-0.15695390105247486,0.1276395320892333,0.06696929037570959,0.023780107498169056
1656268358.png,0.1293804608285427,-0.03947070240974432,0.023811101913452204,-0.03115954995155329,-0.01736626029014582,-0.05589468777179715,-0.01704761385917669,-0.026096627116203336,-0.07229526340961462,-0.07424868643283844,0.11491316184401512,0.04664680361747742,-0.11491316184401512,-0.04664680361747742,0.1021675169467926,0.22693869471549988,-0.032691840082407,0.3115645945072174,-0.09994429349899292,-0.08374649286270142,0.15104376897215843,0.009151458740234375,-0.0006366372108459473,0.4373006522655485,0.06677792966365814,0.5361909568309785,0.2352338433265686,0.05686587095260631,0.10357087105512622,0.05340468883514393,-0.1579209566116333,0.12161499261856057,0.06983132660388944,0.02512580156326283
1656268359.png,0.12980856560170648,-0.0385318249464035,0.023531943559646606,-0.03197208046913147,-0.01729241013526922,-0.05563731491565707,-0.017441779375076294,-0.02534818649291995,-0.0740597248077392,-0.07447353005409241,0.11436759494245055,0.04638262093067175,-0.11436759494245057,-0.04638262093067175,0.10277393460273732,0.22543433308601374,-0.03316974453628062,0.309590756893158,-0.09578469395637507,-0.07976770401000965,0.15364975668489933,0.012127041816711315,0.0019823312759398304,0.43705913424491877,0.05724049732089043,0.5378397107124329,0.22994005680084234,0.002462923526763916,0.1119033247232437,0.03144460916519176,-0.2169902622699738,0.1843092441558839,0.06929714977741244,0.044692933559417614
1656268360.png,0.13521672226488593,-0.036329686641693115,0.02059561014175415,-0.033360630273819,-0.018905997276306208,-0.056803300976753235,-0.02045720815658575,-0.028050541877746582,-0.07127919793128965,-0.0739152580499649,0.11409882642328736,0.046205222606658936,-0.11409882642328735,-0.04620522260665899,0.10272514820098883,0.22611847519874562,-0.03255610540509225,0.3099186718463898,-0.09995704889297491,-0.08149850368499756,0.15157220512628555,0.009741067886352539,0.0035831034183502752,0.43705520033836365,0.0684467814862728,0.5467402637004852,0.23251736164093006,0.03303211927413929,0.1159697100520134,0.04596066474914551,-0.1603567600250243,0.10973507165908802,0.05613940954208374,0.020339488983154408
1656268361.png,0.13627032935619357,-0.03429183363914484,0.01971396803855896,-0.034987047314643915,-0.018041521310806274,-0.056049779057502774,-0.02309662103652954,-0.03119428455829626,-0.07098089158535006,-0.07343639433383947,0.11655677855014798,0.04679366946220398,-0.11655677855014798,-0.04679366946220398,0.09904313087463379,0.22535696625709545,-0.029981584288179867,0.31015923619270336,-0.09125706553459162,-0.07777905464172374,0.15379333589226005,0.020482122898101696,-0.006529569625854437,0.43775787949562084,0.06547591090202332,0.5356882512569426,0.22001606225967396,0.030651986598968506,0.08902542293071744,0.0326058864593507,-0.14022010564804066,0.1493023633956908,0.07053278386592873,0.04562455415725697
1656268362.png,0.13509440049529076,-0.03465765714645386,0.019623100757598932,-0.03434976935386658,-0.017975211143493597,-0.05556139349937436,-0.02264484763145458,-0.029796719551086454,-0.07094764709472665,-0.07172030210494998,0.11579760536551476,0.046988487243652344,-0.11579760536551476,-0.04698848724365229,0.09979331493377691,0.2275177538394928,-0.03319445531815291,0.31195524334907526,-0.0879968404769898,-0.08114027976989757,0.15582890342921019,0.01578468084335327,0.011407345533370972,0.4213640391826631,0.08073276281356812,0.5373497307300568,0.2186589241027832,0.04399317502975464,0.13394110649824142,0.07848215103149392,-0.1581545472145081,0.14739352464675892,0.025434195995330755,-0.0017643570899961158
1656268363.png,0.13758379220962524,-0.03633540868759161,0.019293725490570013,-0.0343320816755294,-0.017402201890945435,-0.055485650897026007,-0.024204224348068182,-0.030466169118881226,-0.07226915657520297,-0.07252690196037295,0.11456742882728577,0.04514461755752558,-0.11456742882728577,-0.045144617557525635,0.10187843441963196,0.22783753275871282,-0.03167364466935397,0.3099047839641571,-0.09695222973823547,-0.080413818359375,0.147099350579083,0.011085152626037487,0.0025847256183623712,0.43521067500114435,0.06780582666397092,0.5318559110164642,0.23321843147277838,0.058093905448913685,0.12974722683429718,0.07718670368194569,-0.17580825090408325,0.12127041816711437,0.041895702481269836,0.020042657852172963
1656268364.png,0.13783301785588262,-0.03573484718799591,0.019311785697937067,-0.03446213901042944,-0.018060564994811956,-0.05576030910015109,-0.023643493652343806,-0.02990798652172086,-0.0720383673906326,-0.07195791602134702,0.11526437476277349,0.046588018536567743,-0.11526437476277349,-0.046588018536567743,0.1014069020748139,0.2261798977851867,-0.03044303972274065,0.3106007277965546,-0.09886550903320312,-0.08269882202148438,0.14948049653321505,0.010652661323547252,-0.000659406185150091,0.43977743387222296,0.06666009873151779,0.5481285750865936,0.2531736195087433,0.05130821466445912,0.1196490824222565,0.06485772132873524,-0.2099800705909729,0.12884062528610218,0.05425284802913663,0.002497255802154541
1656268365.png,0.1339585743844509,-0.038112372159957886,0.022181689739227295,-0.032357856631278964,-0.017084956169128473,-0.05367554724216461,-0.02138739824295044,-0.028390973806381226,-0.07299521565437311,-0.07328927516937256,0.11581343039870262,0.046343982219696045,-0.11581343039870262,-0.04634398221969599,0.09989249706268316,0.22477346658706676,-0.030264809727668755,0.31102347373962397,-0.09050565958023077,-0.07426470518112205,0.15147169679403305,0.01802968978881836,-0.004927188158035278,0.4390817880630493,0.066734679043293,0.5373161435127258,0.21751746535301214,0.027522265911102406,0.105219304561615,0.053121984004974254,-0.14000523090362554,0.10968047380447377,0.05362789332866669,0.022006332874297874
1656268366.png,0.1395746134221554,-0.03775738179683691,0.019881695508956854,-0.034602954983711215,-0.017992168664932306,-0.05520887672901151,-0.02354678511619568,-0.0284365713596344,-0.07380339503288266,-0.07324685156345367,0.11452954635024068,0.046175375580787714,-0.11452954635024068,-0.04617537558078766,0.10317802429199224,0.22435882687568648,-0.029924225993454456,0.30932730436325073,-0.09680619835853582,-0.07760822772979725,0.15345311630517244,0.009976387023925892,-0.0035587549209594727,0.4339045584201811,0.05437745898962021,0.5452396273612976,0.21800300478935247,0.008628368377685658,0.11413016915321347,0.027627885341644287,-0.19840520620346064,0.1755932569503782,0.07309874892234805,0.02531820535659801
1656268367.png,0.13075124099850657,-0.03861674666404735,0.022435069084167425,-0.03432425856590263,-0.01867371797561651,-0.05607785284519187,-0.014785617589950562,-0.02172429859638217,-0.07299220561981198,-0.0721273124217987,0.11468230560421946,0.04950827360153198,-0.11468230560421946,-0.04950827360153198,0.10429540276527399,0.22025752067565912,-0.037423152476549155,0.31283837556838984,-0.09109127521514887,-0.06292468309402466,0.17387637123465535,0.01172029972076416,-0.004850000143051203,0.43714857101440413,0.05199002474546433,0.5362487435340879,0.22118121385574346,-0.031680107116699,0.15196155011653895,0.023588001728057972,-0.1921251118183136,0.21707957983016946,0.013855427503585815,0.1781153678894043
1656268368.png,0.13270611315965652,-0.03620454668998724,0.022491037845611572,-0.035079702734947205,-0.01957845687866211,-0.05755439400672907,-0.015056550502777155,-0.022529244422912514,-0.06906832754611972,-0.07267755270004275,0.11450652033090591,0.04935872554779053,-0.11450652033090591,-0.04935872554779047,0.10121017694473261,0.21602970361709584,-0.03482363186776638,0.31395703554153437,-0.06142809987068171,-0.029289722442626842,0.17518981359899047,0.01406550407409679,-0.005926907062530518,0.43599677085876465,0.051039524376392365,0.5368606448173521,0.21630075573921193,-0.04875850677490223,0.15386105328798294,0.019851088523864857,-0.16731712222099293,0.23035484552383412,0.031733959913253784,0.18002933263778687
1656268369.png,0.1313386745750904,-0.03526698052883148,0.021995604038238525,-0.034289762377738925,-0.019276827573776245,-0.056974291801452664,-0.015808224678039606,-0.02399685978889468,-0.0682942271232605,-0.07313400506973264,0.11476098373532295,0.049910202622413635,-0.11476098373532297,-0.049910202622413635,0.10324239730834961,0.2195402979850769,-0.03613124322146176,0.3150060474872589,-0.07546055316925054,-0.045560479164123646,0.17825441341847184,0.008453428745269775,-0.005719959735870361,0.43800359964370705,0.051463931798934964,0.5376725494861603,0.21846157312393188,-0.03198099136352506,0.15098843723535532,0.020722627639770508,-0.18603980541229248,0.21767246723175027,0.018052577972412137,0.17998564243316628
1656268370.png,0.13183157891035086,-0.0357242226600647,0.02155193686485285,-0.034500688314437894,-0.01877588033676153,-0.05538360774517059,-0.01694935560226446,-0.024037405848503085,-0.07415418326854709,-0.07233551144599915,0.11396300047636032,0.04797542095184332,-0.11396300047636032,-0.04797542095184326,0.10156083106994623,0.21846070885658259,-0.03724831901490688,0.3121502101421356,-0.06669199466705317,-0.033442676067352406,0.16593212448060513,0.008811891078948864,0.007359325885772705,0.4404060542583464,0.0636267140507698,0.5364761650562285,0.2216235101222992,-0.04739290475845326,0.15778595954179764,0.02444779872894287,-0.20178639888763428,0.22772538661956787,0.046043843030929565,0.039604008197784424
1656268371.png,0.13267487287521357,-0.036871075630188044,0.021733403205871582,-0.034234687685966436,-0.018355548381805364,-0.05655284225940699,-0.016102373600006048,-0.02449858188629153,-0.07373245060443878,-0.07352715730667114,0.11426657438278198,0.04640007019042963,-0.11426657438278198,-0.04640007019042969,0.10041356086730957,0.2207003831863404,-0.03843670804053544,0.2908235788345336,-0.08526307344436646,-0.062393009662628174,0.1652466030791402,0.03165608644485485,0.007464975118637085,0.4371084570884704,0.06246604025363923,0.532234489917755,0.23301854729652394,0.0025038719177246094,0.15082259476184845,0.04344952106475841,-0.18468815088272084,0.17871630191802979,0.039602905511856024,0.06584590673446655
1656268372.png,0.13300782069563866,-0.03736802935600286,0.0216405987739563,-0.03464974462985987,-0.018567442893981934,-0.05660018324851987,-0.015400230884552002,-0.024550795555114774,-0.07487556338310239,-0.07351626455783844,0.11442634090781212,0.04606896638870239,-0.11442634090781212,-0.04606896638870239,0.10041865706443792,0.21930402517318726,-0.037685832008719444,0.288666307926178,-0.08029446005821239,-0.05838322639465332,0.16485895030200481,0.03359973430633556,0.008926749229431097,0.43632715940475464,0.07260071486234664,0.5432167053222656,0.2141537070274354,0.029249131679535023,0.1434488594532013,0.05294913053512573,-0.15062361955642706,0.15158265829086282,0.03978604078292847,0.04326295852661155
1656268373.png,0.13357381336390964,-0.03525602817535406,0.021000027656555176,-0.03501665592193609,-0.017844140529632513,-0.05593197047710424,-0.01769694685935974,-0.02526287734508506,-0.07608729600906369,-0.0741997361183166,0.11526082269847396,0.046115547418594416,-0.11526082269847396,-0.046115547418594416,0.09954339265823353,0.22091636061668396,-0.03799823578447104,0.2912832200527191,-0.08336886763572687,-0.06066846847534191,0.16273203771561384,0.03231942653656017,0.009580940008163397,0.43481597304344155,0.07586454972624779,0.5420397222042084,0.23160138726234436,0.030563294887542836,0.15027973055839539,0.056141257286071666,-0.18497061729431152,0.15177035331726085,0.03976455330848694,0.025447726249694824
1656268374.png,0.13227876462042332,-0.03551514446735382,0.021972358226776123,-0.03488458693027502,-0.018294423818588257,-0.05660344660282138,-0.015828430652618464,-0.024289280176162664,-0.07461249828338623,-0.0739784836769104,0.11470272578299046,0.045908764004707336,-0.11470272578299046,-0.045908764004707336,0.10010793805122375,0.2216484546661377,-0.03872211836278438,0.28984472155570984,-0.07925254106521606,-0.05875796079635631,0.15934876538813114,0.034580349922180176,0.00833135843276972,0.4352736473083496,0.07627366855740547,0.5318308770656585,0.2184759676456452,0.031430065631866455,0.13393053412437445,0.06446528434753429,-0.18494150042533875,0.15756458044052124,0.041468709707260076,0.047656357288360485
1656268375.png,0.1330818943679333,-0.03878104686737066,0.022805988788604736,-0.03479905426502225,-0.017054378986358643,-0.05630660057067871,-0.013592749834060613,-0.024995207786560086,-0.07510906457901001,-0.0718770772218704,0.11388049647212026,0.04632630944252014,-0.11388049647212026,-0.04632630944252014,0.09677019715309149,0.21550717949867249,-0.03965016920119525,0.26827272772789,-0.005826860666275024,-0.008704721927642822,0.16502263117581606,0.0396883487701416,0.009524136781692505,0.44037047028541565,0.04886303097009658,0.5342406332492827,0.18861532211303716,-0.03788745403289795,0.16724194586277003,0.0002003312110901989,-0.11355665326118475,0.21682846546173085,0.03774252533912675,0.08922594785690308
1656268376.png,0.1388845685869456,-0.03841800987720495,0.023198604583740123,-0.033865794539451544,-0.015218257904052845,-0.05223678052425379,-0.023535788059234564,-0.025340646505355835,-0.07448738813400269,-0.07008759677410126,0.11305522359907627,0.047967091202735956,-0.11305522359907627,-0.047967091202735956,0.09844213724136353,0.22110605239868159,-0.043877418152987964,0.2881558239459992,-0.09402924776077265,-0.07134276628494263,0.16180865373462439,0.03635889291763306,-0.00929972529411316,0.43292456865310663,0.04698232933878898,0.5332597196102142,0.23100361227989197,-0.02593386173248302,0.12101694196462631,0.016986548900604248,-0.2128399014472961,0.21444112062454246,0.04541601240634918,0.18326032161712646
1656268377.png,0.135237855836749,-0.03457336127758015,0.021689325571060236,-0.033615663647651756,-0.016926735639572144,-0.05531118810176855,-0.017636597156524658,-0.026442170143127414,-0.07327221333980552,-0.06981632113456729,0.11318872682750228,0.04659123718738556,-0.11318872682750228,-0.04659123718738556,0.10065075755119324,0.2213514149188996,-0.04216098226606846,0.28924876451492315,-0.09515330195426952,-0.06666135787963878,0.16084704361855984,0.03711068630218495,-0.005721867084503285,0.42474392056465154,0.04945560172200203,0.5353392958641052,0.22828528285026561,-0.013289332389831765,0.13607417792081833,0.017808854579925537,-0.21152079105377197,0.21325457096099865,0.04858125746250147,0.04636269807815563
1656268378.png,0.13466911576688287,-0.0360152423381806,0.02177441120147705,-0.032874554395675604,-0.017261713743209783,-0.055532544851303045,-0.01799190044403076,-0.02661938965320587,-0.07291100919246682,-0.07062275707721713,0.11262147687375548,0.04723182320594793,-0.11262147687375548,-0.04723182320594793,0.09945112466812128,0.22220638394355768,-0.0438909507356584,0.28922191262245184,-0.09428286552429199,-0.06922078132629395,0.16194995632395148,0.03669184446334828,-0.008810430765151978,0.43211194872856135,0.0462094135582447,0.5330581963062286,0.2140231728553771,-0.026527583599090576,0.1235263720154763,0.014753639698028675,-0.18136993050575256,0.21234029531478893,0.04864473640918726,0.05108976364135742
1656268379.png,0.1350249405950308,-0.036683231592178345,0.021277695894241277,-0.03389875590801236,-0.01744002103805542,-0.056309431791305514,-0.016405373811721746,-0.023218154907226562,-0.07354642450809482,-0.06944696605205536,0.11342487297952172,0.04619255661964411,-0.11342487297952172,-0.046192556619644165,0.09871637821197515,0.2251156866550445,-0.04070751462131739,0.2895294725894928,-0.09087318181991577,-0.0787084102630613,0.15827354509383437,0.0433562397956847,0.004547476768493708,0.4362452328205109,0.07017341628670691,0.5469017922878265,0.22392776608467102,0.030903637409210094,0.12246439605951313,0.028263330459594727,-0.18689945340156555,0.1483137607574464,0.056167632341384915,0.04377162456512451
1656268380.png,0.13502571918070322,-0.033747702836990356,0.020916134119033702,-0.03364972770214081,-0.017597407102584894,-0.054932370781898554,-0.01890632510185236,-0.02540747821331024,-0.07421499490737918,-0.07205821573734278,0.1131261084228754,0.04514524340629572,-0.1131261084228754,-0.045145243406295776,0.09914743900299078,0.22668442130088812,-0.04142374359071255,0.2893112599849701,-0.08991220593452459,-0.07700181007385254,0.15765359438955784,0.04186725616455078,0.008160114288330078,0.43683734536170965,0.07143358513712883,0.5354588329792023,0.22159141302108754,0.030454695224762074,0.13617012649774551,0.04157334566116333,-0.20225220918655384,0.13637036085128773,0.04118421673774719,0.040852367877960316
1656268381.png,0.13463525287806988,-0.03311255574226385,0.020553201436996515,-0.03405301272869107,-0.01717400550842285,-0.05471815168857569,-0.01817756891250616,-0.025911688804626465,-0.07317510247230527,-0.0718255341053009,0.11318681947886944,0.04345253109931946,-0.11318681947886944,-0.0434525310993194,0.10152328014373785,0.22603753209114064,-0.04097783565521241,0.289409726858139,-0.09338009357452398,-0.07456064224243164,0.15797568485140803,0.04088628292083729,0.011281460523605347,0.4246465265750885,0.07434862479567528,0.532496243715286,0.21872183680534363,0.04580003023147583,0.13328766822814941,0.06282430887222312,-0.17268225550651545,0.14596557617187478,0.0549477338790893,0.02093994617462147
1656268382.png,0.13471197523176667,-0.033941194415092524,0.020629018545150757,-0.03391695022583008,-0.017833799123764038,-0.054712936282157815,-0.01814547181129461,-0.025506094098091125,-0.07420313358306882,-0.07203927636146548,0.11330139078199866,0.0440248697996139,-0.11330139078199866,-0.04402486979961395,0.09977725148200978,0.22745338082313543,-0.04054797440767288,0.28995800018310547,-0.09153220057487482,-0.07812720537185669,0.15758947655558586,0.039706647396087646,0.01156401634216303,0.4269250333309174,0.0738377459347248,0.5347378849983214,0.21767991781234752,0.042907774448394664,0.1345229148864746,0.060297906398773304,-0.16983190178871166,0.14803189039230324,0.05523344874382019,0.02158147096633911
1656268383.png,0.13494152203202248,-0.034969657659530695,0.020833224058151245,-0.03421236574649805,-0.017937839031219482,-0.05499677360057825,-0.017325222492218018,-0.024538546800613403,-0.07460729777812958,-0.07151643931865692,0.11364606395363808,0.04475146532058716,-0.11364606395363808,-0.04475146532058716,0.09865981340408331,0.2263824939727782,-0.040564349852502346,0.28924912214279186,-0.08983367681503307,-0.07651478052139271,0.1591484686359763,0.041484832763671764,0.0075418949127197266,0.4388687014579773,0.07212432473897934,0.5459083318710327,0.22040101885795593,0.028100311756133922,0.1381013542413711,0.048562586307525635,-0.20216384530067444,0.13921362161636364,0.0522770881652832,0.023886680603027344
1656268384.png,0.1337564289569855,-0.031010329723358154,0.020398765802383423,-0.0334191620349884,-0.017685323953628596,-0.05554321408271792,-0.01766845583915716,-0.026502802968025208,-0.07410621643066403,-0.07386501133441922,0.11337608098983762,0.04419624805450445,-0.11337608098983762,-0.04419624805450445,0.09981736540794384,0.22818520665168746,-0.04134837351739407,0.28986737132072454,-0.09475851058959966,-0.08008772134780873,0.15874973498284814,0.03826743364334095,0.009867161512374933,0.4380648434162138,0.07392043620347974,0.5466175377368927,0.22069430351257324,0.03278118371963512,0.13693680614233017,0.05034309625625599,-0.20376396179199224,0.11164659261703502,0.05038908123970032,0.021614551544189453
1656268385.png,0.13479113020002842,-0.033206790685653687,0.020353704690933228,-0.033378034830093384,-0.017927438020706177,-0.05497451126575473,-0.018096089363098145,-0.025516703724861173,-0.07426783442497253,-0.07219991087913513,0.11259307898581028,0.04379042983055115,-0.11259307898581028,-0.04379042983055115,0.10106068849563604,0.2281838357448578,-0.04242501826956868,0.28880229592323303,-0.09324190020561224,-0.07863032817840576,0.16009511100128293,0.03812146186828602,0.010774731636047363,0.43973806500434875,0.07021212950348857,0.5463946163654327,0.2202720046043395,0.02971959114074707,0.12468403577804557,0.04687184095382679,-0.1722826957702635,0.14728260040283192,0.054240837693214417,0.02504318952560436
1656268386.png,0.13542030565440655,-0.035227626562118475,0.020557016134262085,-0.03374481201171878,-0.017158716917037964,-0.054883956909179715,-0.01823115348815918,-0.024927735328674372,-0.07466594874858853,-0.07172124087810519,0.11342327110469341,0.044371247291565,-0.11342327110469341,-0.04437124729156494,0.09931144118309027,0.22796019911766047,-0.0418106410652399,0.2889880836009979,-0.09205818176269537,-0.07287704944610596,0.15962726436555383,0.038178563117980846,0.009874701499938965,0.43906947970390314,0.0724206306040287,0.5460981428623198,0.2360312044620514,0.031657159328460804,0.12308368831872943,0.04871708154678356,-0.2051682472229004,0.14699894189834595,0.06649725139141086,0.02437293529510498
1656268387.png,0.1372435335069895,-0.036953121423721313,0.020074456930160522,-0.0337583273649216,-0.01615232229232788,-0.05438232421875,-0.018537461757659912,-0.024863481521606445,-0.0763836205005646,-0.07181425392627716,0.11410155333578584,0.04491978883743292,-0.11410155333578584,-0.04491978883743292,0.09866216778755199,0.22685161232948298,-0.04016468673944473,0.2891548573970794,-0.0905445814132691,-0.0738976001739502,0.1597624681890011,0.04049313068389904,0.005625277757644709,0.44066944718360906,0.07131283357739449,0.5496216118335724,0.22356528043746948,0.02834510803222645,0.12506960332393646,0.04415559768676758,-0.18981441855430603,0.14656943082809426,0.052261605858802795,0.023647606372833363
1656268388.png,0.13601528853178024,-0.03581763803958893,0.020237475633621216,-0.03444953262805939,-0.015827983617782593,-0.05439682304859164,-0.017840862274169922,-0.024224236607551575,-0.07640878856182096,-0.07305631041526792,0.11409010738134384,0.04507894814014435,-0.11409010738134384,-0.04507894814014435,0.09929576516151434,0.22688060998916626,-0.041005079634487636,0.2896975576877594,-0.09276792407035833,-0.0709410309791566,0.1606183247640729,0.037985026836395264,0.007954835891723577,0.4400963783264161,0.07236553728580475,0.5484193265438082,0.2216582596302033,0.029808580875396617,0.12259280681610109,0.046123743057250643,-0.20484709739685059,0.13573598861694336,0.05423146486282346,0.026452600955963135
1656268389.png,0.10565713420510284,-0.08855767548084265,0.020170360803604237,-0.02740728855133051,-0.017202079296112033,-0.052644252777099554,-0.012660056352615412,-0.016590550541877747,-0.08029891550540921,-0.052816152572631836,0.11340150609612468,0.04078751802444458,-0.11340150609612468,-0.040787518024444636,0.10685235261917114,0.21833178400993347,-0.017273895442485802,0.27487429976463335,-0.015032529830932673,-0.02189779281616211,0.13320943713188169,0.0014487504959105335,-0.00534963607788097,0.4292963445186616,0.054068110883235924,0.5235912501811981,0.2041819989681244,-0.01257598400115989,0.11026011407375332,0.018765687942504772,-0.17285713553428644,0.21159225702285778,0.027747213840484647,0.07312518358230591
1656268390.png,0.09865948790684344,-0.1195994317531586,0.01413124799728388,-0.030057266354560852,-0.02099938690662384,-0.04981505870819092,-0.024050205945968545,-0.016933754086494446,-0.08815623074769974,-0.05248796939849851,0.10285347932949661,-0.002816483378410395,-0.10285347932949661,0.0028164833784103394,0.08986553549766549,0.19973915815353388,0.035007311962544904,0.27499595284461975,-0.12500670552253726,0.050571322441101185,0.13747361861169335,-0.03260701894760143,-0.0018213093280791959,0.43710714578628546,0.0467497194185853,0.44433489441871643,0.19062992930412298,-0.01781827211380005,0.16003220900893214,0.021441400051117054,-0.016174226999282892,0.1320665478706361,0.05493462085723874,0.12926936149597168
1656268391.png,0.16420355066657072,-0.05550922453403473,-0.00453394651412975,-0.0431953370571137,-0.010039359331131037,-0.04438862204551691,-0.07101288437843317,-0.02665278315544123,-0.07069936394691462,-0.030850932002067594,0.09020116552710533,0.02004896104335785,-0.09020116552710533,-0.020048961043357905,0.06779494881629944,0.18300291895866394,-0.044966131448745734,0.26179820299148565,-0.14859351515769958,0.02727043628692616,0.13249007612466812,-0.007172107696533203,-0.16761700063943863,0.39019444584846497,-0.07873352710157633,0.39104670286178594,0.23328281193971634,-0.2119781970977782,-0.007495517842471599,-0.12148678302764893,-0.16058851778507233,0.04009550809860207,0.16737185046076775,-0.005445957183838002
1656268392.png,0.15869721770286552,-0.04222303628921509,-0.004011750221252441,-0.04280021786689758,-0.012040883302688543,-0.04408803582191473,-0.06889492273330688,-0.017926216125488337,-0.07423648238182068,-0.020511209964752142,0.0773340165615082,0.03407344222068798,-0.0773340165615082,-0.03407344222068792,0.04335284233093256,0.15898433327674855,-0.09199784696102142,0.2468936145305633,-0.12817394733428955,0.01368856430053711,0.15797670185565946,-0.006849169731140026,-0.20170588791370397,0.271466165781021,-0.13905886933207512,0.2981750667095184,0.24936582148075104,-0.12052583694458008,0.19783411547541616,-0.06802445650100708,-0.1582670509815216,0.033384084701537975,-0.0014293491840362271,0.02166503667831432
1656268393.png,0.16281110420823097,-0.06890206038951874,-0.009782403707504272,-0.03806346654891968,-0.014548778533935547,-0.03784710168838501,-0.07229709625244146,-0.016492366790771484,-0.07836690545082098,-0.021014809608459473,0.08276474848389626,0.02174209058284765,-0.08276474848389626,-0.021742090582847595,0.04994603991508484,0.17395228147506708,-0.08087586984038353,0.27249863743782055,-0.12055143713951116,0.016825556755065918,0.16664331033825874,-0.03457671403884899,-0.14383520185947415,0.320547580718994,-0.12319199182093143,0.30487921833992015,0.19654227793216703,-0.1470346450805663,0.31397311575710773,-0.10404855012893677,-0.1372584849596024,0.022653400897979625,-0.10687120258808136,0.048941850662231334
1656268394.png,0.15888730436563492,-0.10389629006385809,-0.011813759803771973,-0.04085071384906766,-0.022935986518859863,-0.04474861919879908,-0.08377993106842044,-0.009223625063896124,-0.09216190874576569,-0.010800451040267917,0.09503722935914993,0.004565536975860596,-0.09503722935914993,-0.004565536975860596,0.06751272082328796,0.2090899646282195,-0.05547435209155083,0.27852776646614075,-0.1470561921596527,0.032704591751098744,0.1590305678546428,-0.024788618087768555,-0.1010062247514725,0.429929882287979,-0.04256381839513779,0.4480281174182892,0.24400834739208224,-0.15859532356262185,0.19423904269933698,-0.08784198760986328,-0.03740599751472473,0.12595516443252552,0.003379479050636347,0.08829283714294445
1656268395.png,0.15738066285848618,-0.10635901987552648,-0.01143833994865412,-0.0410116165876388,-0.02535989880561834,-0.04638983309268946,-0.08516362309455874,-0.008775234222412137,-0.09357914328575132,-0.008830979466438266,0.09674011915922165,0.003126367926597595,-0.09674011915922165,-0.003126367926597595,0.0667584240436554,0.21225568652153015,-0.05634343810379505,0.27425527572631836,-0.14475893974304202,0.02885848283767689,0.1603309828788042,-0.021286189556121826,-0.1003747284412384,0.43330129981040943,-0.02607054635882377,0.44696277379989613,0.24298790097236628,-0.1595936417579651,0.20294567570090294,-0.0947410464286802,0.0193578600883485,0.09519100189208984,0.011023253202438354,0.12456297874450672
1656268396.png,0.15795041993260384,-0.10566595196723938,-0.010986804962158203,-0.043129459023475675,-0.023067831993103027,-0.04977676272392273,-0.08430919051170352,-0.0066985636949539185,-0.09371107816696167,-0.005027651786804199,0.09622900560498238,0.0048122406005859375,-0.09622900560498238,-0.0048122406005859375,0.06669268012046814,0.2093680500984192,-0.055916573852300644,0.2767485976219177,-0.14482259750366208,0.029513061046600342,0.15865250304341316,-0.023672044277191162,-0.10215552151203156,0.4295051097869873,-0.029492296278476722,0.4467955231666565,0.24446322023868555,-0.1577146053314209,0.20451448857784266,-0.09229952096939098,0.019317418336868286,0.09506016969680786,0.010926514863967896,0.12302511930465698
1656268397.png,0.1586171723902225,-0.1049477756023407,-0.011320292949676458,-0.04352179169654846,-0.023633956909179632,-0.05010107159614566,-0.08392889797687533,-0.006525516510009738,-0.09303794801235199,-0.006169244647026034,0.09565189853310585,0.005002498626708929,-0.09565189853310584,-0.005002498626708984,0.06702759861946106,0.20924383401870733,-0.05277435481548311,0.28225892782211304,-0.14181113243103027,0.02891051769256603,0.1568325236439705,-0.029408812522888184,-0.1042221188545227,0.44848436117172247,-0.04471658542752267,0.4469330906867982,0.24607914686202997,-0.1784265637397766,0.204016949981451,-0.0862250328063966,0.020266979932785034,0.09656357765197754,0.009467467665672302,0.09182560443878174
1656268398.png,0.1575527898967266,-0.10391801595687866,-0.01138073205947876,-0.04307539761066442,-0.02350717782974243,-0.049016878008842496,-0.08333927392959592,-0.007349774241447449,-0.08921001851558683,-0.006400421261787387,0.09583206102252007,0.004508942365646362,-0.09583206102252008,-0.004508942365646362,0.06698930263519287,0.20972803235054005,-0.05519716441631316,0.27952346205711365,-0.14183010160923,0.029644250869751088,0.1606073155999183,-0.023268461227417103,-0.10233880579471585,0.43115386366844166,-0.04404037073254584,0.4322713315486906,0.2449649125337601,-0.16067433357238758,0.19127335771918297,-0.09448051452636697,-0.03645488619804388,0.10285991430282593,-0.005821540951728821,0.08433926105499256
1656268399.png,0.15758167207241053,-0.10469040274620056,-0.011055111885070745,-0.0432669669389725,-0.023110181093215887,-0.0494307279586792,-0.08367499709129336,-0.007894843816757202,-0.09141056239604953,-0.007623270153999329,0.09648461639881134,0.004957079887390137,-0.09648461639881134,-0.004957079887390137,0.06557068228721619,0.20815643668174744,-0.05654910951852799,0.2780679166316986,-0.14206409454345703,0.030344784259796143,0.1618186458945274,-0.024401843547821156,-0.10340313613414764,0.44630345702171326,-0.031694166362285614,0.4478880465030669,0.24473677575588226,-0.1771373152732849,0.192870207130909,-0.08834218978881825,0.008571922779083196,0.09846419095993031,-0.01975762844085699,0.0635635256767273
1656268400.png,0.129896895494312,-0.15475617349147802,-0.0008662641048431119,-0.031162023544311468,-0.024771407246589633,-0.0415166169404983,-0.05035385489463806,-0.0028231889009475986,-0.10332655906677245,-0.0016708523035049438,0.10377068957313895,0.024101942777633667,-0.10377068957313895,-0.024101942777633667,0.09747767448425293,0.2190953791141511,0.0062331585213541985,0.3117545545101166,0.0030305683612823486,-0.24721330404281627,0.15648627281188965,0.002707183361053467,-0.034380555152893094,0.47369590401649464,0.02181033696979285,0.5218856632709504,0.24324774742126462,-0.02789962291717507,0.1989779956638813,-0.010975778102874867,0.048278152942657526,0.10099440813064542,-0.018407821655273438,0.03422546386718761
1656268401.png,0.14819087274372578,-0.1083050072193146,-0.0026365816593170166,-0.03612041473388669,-0.019746392965316772,-0.04399271309375763,-0.06815844774246216,-0.021833658218383845,-0.09347273409366605,-0.030033752322196933,0.10347573645412922,0.02520228922367096,-0.10347573645412922,-0.025202289223671015,0.08961173892021185,0.22527670860290527,-0.0216560699045658,0.29364570975303655,-0.006163686513900812,-0.2498989999294281,0.14934251457452774,-0.005975961685180664,-0.09396107494831088,0.4437510371208191,-0.02906977385282516,0.4859645068645477,0.2968742400407791,-0.1359940767288208,0.2047248445451259,-0.1071411371231078,0.03149750828742992,0.08525824546813965,0.05871650576591497,0.10233187675476074
1656268402.png,0.14964539930224413,-0.10786335170269012,-0.0017280280590056818,-0.03709237277507785,-0.01751798391342163,-0.0457530468702316,-0.07154157757759097,-0.02118282020092005,-0.0988865792751312,-0.028332278132438687,0.10339383408427238,0.02353554964065563,-0.10339383408427238,-0.023535549640655573,0.08861944079399109,0.22720184922218312,-0.020721701905131337,0.2917765676975251,-0.0064716637134552,-0.24927619099617004,0.1480963435024023,-0.00853109359741222,-0.09386612474918368,0.4436340630054473,-0.029307190328836445,0.4815287292003632,0.29852749407291423,-0.13617157936096191,0.21802800521254537,-0.10330653190612793,0.030166685581207275,0.0829458236694336,0.04485100507736209,0.09473490715026844
1656268403.png,0.14850983954966068,-0.10191366076469421,-0.00030219554901123047,-0.03564453125,-0.01945480704307556,-0.04383818805217743,-0.06879897415637973,-0.026933118700981112,-0.09858453273773199,-0.03663590550422671,0.10448647476732731,0.026197731494903564,-0.10448647476732731,-0.026197731494903564,0.08484107255935669,0.2275451123714447,-0.02379022724926472,0.2934443652629851,-0.010890811681747437,-0.2522810995578766,-0.02701584622263908,0.023830950260162465,-0.10049614310264587,0.4472973644733429,-0.03323790617287159,0.4871358573436738,0.311189442873001,-0.12605655193328857,0.19618714414536956,-0.08249062299728416,-0.012111455202102606,0.09752172231674183,0.027808725833892767,0.10358375310897838
1656268404.png,0.15619619749486452,-0.09148789942264554,-0.0023658871650696356,-0.033393383026123075,-0.016432464122772272,-0.04191386699676514,-0.06822565197944638,-0.019141271710395813,-0.08980028331279755,-0.028840348124504145,0.10176696442067623,0.04029189050197596,-0.10176696442067623,-0.04029189050197601,0.07550466060638428,0.22600334882736212,-0.04650174081325531,0.24002352356910694,0.016637831926345825,-0.23681029677391052,-0.012633943464607,-0.10732915997505188,-0.09789407253265384,0.4198181033134461,-0.04381495714187622,0.49535956978797924,0.27631181478500366,-0.07331204414367676,0.2381430380046367,-0.027948498725891224,0.010720282793044988,0.10509854555130005,-0.026478171348571722,0.06491112709045399
1656268405.png,0.1520533338189126,-0.09827409684658056,-0.0026784241199493963,-0.03304469585418701,-0.0165044367313385,-0.04133066534996027,-0.06780999898910522,-0.01900419592857361,-0.0888747721910477,-0.02737417817115792,0.09765941649675366,0.0373263955116272,-0.09765941649675365,-0.0373263955116272,0.07030436396598821,0.22291466593742365,-0.055482700467109694,0.2323614060878753,0.02212962508201599,-0.2349157631397248,-0.013067550491541626,-0.10678479075431829,-0.09755910933017725,0.41901168227195723,-0.042380239814519896,0.4888290464878083,0.27526654303073883,-0.058040201663970836,0.2280079536139965,-0.029844820499420277,0.01014980673789978,0.11600923538208008,-0.02626323699951172,0.06420761346817028
1656268406.png,0.15136018395423892,-0.09899859130382532,-0.0031998157501220703,-0.03241923451423648,-0.015391707420349177,-0.04066844284534457,-0.069862350821495,-0.02025413513183591,-0.0902378559112548,-0.02787613868713376,0.09886467456817624,0.03904590010643,-0.09886467456817626,-0.03904590010643,0.0674159824848175,0.21794459223747265,-0.05630451813340186,0.23320665955543518,0.020952343940734863,-0.23459938168525696,-0.012604734394699335,-0.10818323493003834,-0.10148538649082176,0.4158429205417634,-0.04337353445589541,0.48800453543663014,0.27636896073818207,-0.07718724012374878,0.2304035518318414,-0.03063124418258656,0.011525571346282959,0.10899555683135986,-0.015040591359138378,0.06860649585723866
1656268407.png,0.1511802226305008,-0.09897534549236298,-0.002010852098464966,-0.03274472057819364,-0.016661882400512695,-0.04119920730590826,-0.06655997037887579,-0.01960642635822299,-0.0886566042900086,-0.027948334813117925,0.10037682950496674,0.038300603628158514,-0.10037682950496675,-0.038300603628158514,0.06608155369758606,0.21980354189872736,-0.05400738306343554,0.2336514294147491,0.02346906065940857,-0.23273435235023482,-0.013050018809735775,-0.10790625214576727,-0.10555630922317505,0.42018470168113714,-0.05339815746992825,0.48870655894279463,0.2782004177570343,-0.07876455783843994,0.24043073784559965,-0.05383962392807007,-0.0020316243171691895,0.10693693161010742,-0.038665130734443665,0.06402814388275169
1656268408.png,0.15168604627251622,-0.09920786321163177,-0.0022197365760803778,-0.03249077498912811,-0.016392379999160767,-0.041028544306755066,-0.06801921129226673,-0.019562795758247375,-0.08844836056232452,-0.027540087699890137,0.09983417764306071,0.03920698165893555,-0.09983417764306073,-0.03920698165893555,0.06737196445465077,0.21849092841148388,-0.05420353356748818,0.23335376381874073,0.022559195756912287,-0.23387262225151073,-0.013286015950143339,-0.10742920637130726,-0.10215198993682867,0.4161308705806731,-0.05200769007205962,0.48831275105476357,0.276534616947174,-0.07503062486648526,0.2384488806128502,-0.053301692008971946,0.011463373899459839,0.10683614015579201,-0.027387276291847257,0.088356614112854
1656268409.png,0.15178555250167847,-0.09792838990688324,-0.002313435077667292,-0.03276856243610385,-0.016051888465881348,-0.04131217300891876,-0.06887620687484738,-0.02038042247295374,-0.08850382268428805,-0.02794170379638672,0.09962195158004761,0.039085045456886236,-0.09962195158004761,-0.03908504545688629,0.06773820519447321,0.21897524595260626,-0.05490438546985388,0.2342601716518401,0.022633969783783014,-0.23407188057899486,-0.01279318192973733,-0.10807618498802168,-0.10491077601909637,0.41578042507171636,-0.05323624983429909,0.48668035864830017,0.26533026993274694,-0.0749141573905946,0.23954743519425387,-0.052501380443573,0.010494470596313421,0.07715082168579124,-0.025767818093299782,0.06436747312545787
1656268410.png,0.15508306585252288,-0.09701256453990934,-0.002669930458068903,-0.032363936305046054,-0.016228854656219482,-0.0406574010848999,-0.06776510179042808,-0.019119426608085605,-0.08832219243049627,-0.02689468860626218,0.10383987985551354,0.04282349348068237,-0.10383987985551354,-0.04282349348068237,0.07226118445396429,0.22070506215095526,-0.04685715213418007,0.26037380099296575,0.01627257466316223,-0.2365844845771789,-0.013114848639816042,-0.12859809398651129,-0.1038744300603866,0.4167669117450716,-0.04472610726952553,0.49448743462562567,0.2782309502363205,-0.09099477529525768,0.23810948431491852,-0.05202239751815807,0.011364042758941595,0.09204703569412231,-0.011516541242599487,0.08975797891616843
1656268411.png,0.15577699616551405,-0.09404429793357846,-0.002132654190063532,-0.03252585232257846,-0.01615032553672796,-0.0413790047168732,-0.06796413660049438,-0.02090926468372345,-0.08852997422218323,-0.028383180499076843,0.1037990041077137,0.04255266487598425,-0.1037990041077137,-0.04255266487598419,0.06785333156585693,0.2199870347976684,-0.046337726525962346,0.2411791980266571,0.022092998027801514,-0.2340689599514007,-0.013168992940336468,-0.10871952772140503,-0.10360614955425262,0.4201267361640931,-0.04524676874279975,0.4953359067440033,0.27815164625644684,-0.07977813482284546,0.24089285358786577,-0.05361187458038341,0.012162059545516912,0.10884207487106301,-0.025768637657165444,0.06632483005523704
1656268412.png,0.15605786442756653,-0.09652972221374514,-0.002454429864883423,-0.032657742500305176,-0.016276061534881592,-0.04075944423675534,-0.06717476248741155,-0.019225195050239535,-0.08909238874912265,-0.027797892689704895,0.1046305000782013,0.04171478748321533,-0.1046305000782013,-0.041714787483215277,0.06732609868049622,0.2191755175590514,-0.04542699921876193,0.2396868467330931,0.02287536859512329,-0.23280182480812062,-0.01297072973102331,-0.109062761068344,-0.10182327032089233,0.41834646463394165,-0.04140472412109376,0.4953084588050843,0.27540317177772516,-0.0773712992668153,0.23819783329963684,-0.05453777313232433,0.013018369674682728,0.10726886987686157,-0.02622547745704651,0.06058460474014282
1656268413.png,0.1559690106660128,-0.09568373858928689,-0.001950085163116566,-0.03236269950866688,-0.016006976366043146,-0.04117807745933527,-0.06699576973915089,-0.01924037933349612,-0.0892601758241654,-0.027453213930129977,0.10452829487621787,0.04359805583953863,-0.10452829487621787,-0.043598055839538574,0.07273459434509272,0.21945717930793757,-0.044526786543428905,0.2609749734401703,0.01809483766555786,-0.2350234091281891,-0.013832847587764261,-0.12861570715904236,-0.1141545325517655,0.41451033949851984,-0.04474354069679977,0.4920731484889982,0.28794045746326447,-0.09114527702331543,0.2268400555476546,-0.05191904306411721,0.012233436107635554,0.09414023160934437,-0.013053297996520996,0.08860808610916138
1656268414.png,0.1512119062244892,-0.10004673898220062,-0.002424746751785223,-0.032325416803359985,-0.015982717275619507,-0.040868356823921176,-0.06929998099803927,-0.019211858510971097,-0.08782775700092318,-0.02697332203388217,0.09956993535161018,0.0406096875667572,-0.0995699353516102,-0.04060968756675715,0.06766656041145325,0.215122252702713,-0.0548412101343274,0.25395193696022017,0.02139449119567871,-0.2336079478263855,-0.013860826380550861,-0.12974822521209717,-0.10073855519294739,0.43151262402534485,-0.0422350838780403,0.5051588118076322,0.27365601062774664,-0.0746849775314331,0.23000477254390722,-0.022503137588500866,0.011314302682876531,0.1135314106941222,-0.02963139116764077,0.06608670949935891
1656268415.png,0.1560631487518549,-0.09606507420539856,-0.0026224255561828613,-0.0322382897138595,-0.01558950543403631,-0.04085724055767065,-0.0692592859268189,-0.01952965557575234,-0.08990576863288874,-0.02777969837188718,0.10294691659510136,0.04349994659423828,-0.10294691659510136,-0.04349994659423828,0.07402881979942316,0.21710076928138733,-0.04694471228867769,0.23957613110542297,0.0179598331451416,-0.23386922478675848,-0.013320637866854666,-0.10937371850013738,-0.10005681216716769,0.4338698089122771,-0.04556206054985523,0.4968079626560211,0.2591713219881058,-0.07760477066040028,0.22735532186925414,-0.0332012176513673,0.012034982442855946,0.08639770746231079,-0.02715143561363223,0.06615841388702404
1656268416.png,0.15637848526239395,-0.09368407726287842,-0.002584517002105713,-0.032577708363533076,-0.015690475702285822,-0.041173458099365234,-0.06928315758705136,-0.02001938223838795,-0.08751443028450007,-0.028192564845085144,0.10502893477678299,0.04375055432319641,-0.105028934776783,-0.04375055432319647,0.0721791684627533,0.21998879313468944,-0.043845647946000085,0.28336545825004583,0.01842394471168518,-0.23652717471122758,-0.014301695860922337,-0.1503376066684724,-0.11583234369754791,0.41582420468330394,-0.04476998839527367,0.49455526471137995,0.28839536011219014,-0.09069591760635387,0.22641708049923176,-0.053677737712859996,-0.003444403409957719,0.089544117450714,-0.011764153838157598,0.08751338720321655
1656268417.png,0.15693372115492815,-0.096921905875206,-0.002157747745513805,-0.031982824206352234,-0.015482902526855413,-0.04118263721466067,-0.07002186775207522,-0.020244866609573392,-0.08871869742870328,-0.02763168513774869,0.10286286100745201,0.044306024909019415,-0.10286286100745201,-0.044306024909019415,0.07527324557304388,0.2160228788852691,-0.04611955396831036,0.239867091178894,0.01717317104339594,-0.23618093132972706,-0.013724307063966991,-0.10963582992553711,-0.09993879497051239,0.4309005439281463,-0.04495136812329294,0.5108135342597961,0.2589690536260605,-0.07570779323577881,0.24062575027346617,-0.02215927839279186,0.01225098967552174,0.11523473262786876,-0.02768027782440191,0.04246467351913463
1656268418.png,0.15819176845252514,-0.09457950294017797,-0.0017834305763244629,-0.03205588459968564,-0.016234546899795532,-0.04125495254993436,-0.06759166717529302,-0.019324898719787598,-0.08885855972766876,-0.02790983021259305,0.10242959670722485,0.043801188468933105,-0.10242959670722485,-0.04380118846893316,0.07166281342506403,0.2159922719001769,-0.04570305533707142,0.24141633510589605,0.02284905314445501,-0.23243874311447138,-0.013081292156130074,-0.10897383093833929,-0.09721516072750092,0.43201887607574474,-0.032294854521751404,0.5113133788108826,0.2566673010587693,-0.05714577436447166,0.2145781330764294,-0.01972222328186035,0.013722926378250067,0.09968841075897228,-0.02619272470474246,0.04142093658447277
1656268419.png,0.15687390789389616,-0.09634387493133545,-0.0019034147262573797,-0.031705230474472074,-0.01576122641563421,-0.04067985713481903,-0.06787353754043579,-0.01932489871978757,-0.08758570253849032,-0.028089359402656555,0.1040828488767147,0.0448959618806839,-0.1040828488767147,-0.0448959618806839,0.07328078150749207,0.21477091312408436,-0.04495433345437049,0.26165035367012013,0.0194663107395171,-0.23282685875892623,-0.013757372274994848,-0.12990573048591603,-0.11328278481960297,0.43221086263656616,-0.04481047485023736,0.49677368998527516,0.2863500863313674,-0.11060178279876709,0.227836006321013,-0.055628180503845215,-0.002148777246475164,0.09190452098846436,-0.013414576649665833,0.08910810947418202
1656268420.png,0.1565833427011967,-0.09486199915409088,-0.0023164749145507812,-0.03218826651573184,-0.015583157539367731,-0.040659353137016296,-0.06857576966285703,-0.019850611686706515,-0.08972485363483426,-0.027688264846801758,0.10370099917054174,0.04451367259025574,-0.10370099917054174,-0.04451367259025574,0.07370156049728399,0.2181415855884551,-0.04609561339020729,0.24172237515449513,0.018336504697799683,-0.2351525425910948,-0.013560667168349024,-0.10885313153266901,-0.10387517511844632,0.4125458300113678,-0.04541022237390279,0.4957907497882843,0.2636629194021224,-0.0756075382232666,0.24026603903621435,-0.054883480072021484,0.010692775249481368,0.07836407423019409,-0.025638386607170077,0.0642750859260558
1656268421.png,0.152511328458786,-0.09895205497741699,-0.0021027326583862305,-0.032045647501945496,-0.015718013048172053,-0.04084543883800504,-0.0679037868976593,-0.01909986138343811,-0.08823740482330314,-0.02757139503955844,0.09859132766723633,0.03923797607421875,-0.09859132766723633,-0.03923797607421875,0.06990388035774231,0.2163981795310974,-0.0554420780390501,0.2341080904006957,0.023645818233490046,-0.23183780908584595,-0.012404427863657475,-0.11034011840820296,-0.08826152980327606,0.41451245546340953,-0.0397995263338089,0.48771011829376243,0.24964015185832972,-0.056313931941986084,0.228560671210289,-0.004041016101837269,0.025915414094924982,0.11750251054763772,-0.028724670410156278,0.03903710842132546
1656268422.png,0.15663792192935946,-0.09511338174343106,-0.0019218921661376398,-0.03203499317169192,-0.01563173532485962,-0.041004702448844965,-0.0679044127464295,-0.020476266741752625,-0.08696100115776062,-0.029077768325805636,0.10344128310680387,0.044977843761444036,-0.10344128310680387,-0.04497784376144409,0.07376107573509222,0.21509775519371038,-0.04596798680722713,0.2622884213924408,0.01885998249053955,-0.23266425728797918,-0.013797777239233255,-0.13017514348030085,-0.11239041388034818,0.43508622050285334,-0.04436481930315494,0.49832192063331604,0.28605838119983673,-0.11056798696517933,0.2248868737369776,-0.05481034517288197,-0.0024104714393615723,0.08686107397079479,-0.013508737087249784,0.08483719825744629
1656268423.png,0.15617563575506213,-0.09385606646537786,-0.0014064311981201727,-0.03176622092723844,-0.015810638666152954,-0.041286826133728,-0.06684151291847223,-0.02125036716461179,-0.08730639517307281,-0.02948360145092005,0.10375814884901044,0.04368354380130762,-0.10375814884901044,-0.04368354380130768,0.07247504591941833,0.21825078129768377,-0.046456881798803806,0.26294249296188343,0.02063640952110285,-0.23254278302192694,-0.013308405876159668,-0.1316797137260436,-0.11714564263820645,0.418087750673294,-0.04927680268883705,0.48004060983657837,0.27613942325115204,-0.116111159324646,0.21223968639969826,-0.060248374938964844,-0.005662679672241155,0.08519411087036155,-0.006810605525970459,0.08371943235397339
1656268424.png,0.15605891123414034,-0.09541550278663638,-0.0016799867153166614,-0.03195647895336151,-0.015946447849273626,-0.04113730788230893,-0.06844732165336609,-0.0198814123868942,-0.08813066780567169,-0.02765992283821106,0.1036159135401249,0.044525459408760126,-0.1036159135401249,-0.04452545940876007,0.06833186745643616,0.21546819806098932,-0.04672341048717498,0.2417495846748352,0.02357599139213562,-0.2337221801280976,-0.013345783110707997,-0.110440194606781,-0.10311174392700195,0.4112581312656402,-0.043806314468383775,0.49399644136428833,0.26360577344894404,-0.07672494649887085,0.22547734528779984,-0.05311620235443104,0.010861754417419545,0.10781174898147583,-0.013273820281028748,0.06251037120819092
1656268425.png,0.15438809990882876,-0.09574772417545321,-0.0007210373878479004,-0.031288385391235324,-0.01579037308692932,-0.040952444076538086,-0.06232869625091558,-0.01712092757225034,-0.08762603998184201,-0.029343053698539706,0.10287606716156003,0.04384726285934443,-0.10287606716156003,-0.04384726285934448,0.06776353716850286,0.21373742818832392,-0.04869511537253857,0.24096053838729858,0.023747622966766413,-0.2318376600742339,-0.013093066867440939,-0.1108721792697906,-0.1014854162931442,0.4132943749427797,-0.04511312581598759,0.4942004084587097,0.2598591595888139,-0.05708563327789318,0.22488919831812385,-0.029562652111053578,0.0265397429466247,0.0883013606071471,-0.01438580453395849,0.06428951025009166
1656268426.png,0.15554336830973625,-0.09597922861576078,-0.0015957057476043701,-0.03139774501323708,-0.015697538852691706,-0.040627092123031644,-0.0670133531093598,-0.019143700599670382,-0.08710162341594693,-0.027839615941047696,0.10349709913134575,0.04389968514442444,-0.10349709913134575,-0.043899685144424494,0.06715497374534612,0.21466371417045593,-0.048006267286837094,0.2402919232845307,0.025563806295394897,-0.23153230547904974,-0.012313791085034609,-0.11009064316749573,-0.10374999046325686,0.41439029574394226,-0.04471409693360329,0.4950564801692963,0.2629244029521942,-0.08032786846160889,0.21056067571043968,-0.05434662103652954,0.010824859142303356,0.10814738273620594,-0.012119591236114557,0.08365523815155029
1656268427.png,0.15623554959893227,-0.09432725608348855,-0.0015393495559692383,-0.031721428036689675,-0.016266733407974243,-0.04098561406135556,-0.06685510277748108,-0.020038887858390836,-0.0870751440525055,-0.028695464134216253,0.10363710299134254,0.04442760348320007,-0.10363710299134254,-0.04442760348320007,0.07246232032775879,0.21788594126701355,-0.04693341813981534,0.26378604769706726,0.021010547876358032,-0.23388919234275818,-0.01291588321328163,-0.13121461868286133,-0.11494539678096771,0.4150941669940946,-0.045798433944582946,0.4939015209674834,0.2900604158639908,-0.11140757799148548,0.22421576641499993,-0.07211709022521973,-0.005988925695419256,0.08328688144683838,-0.011531829833984347,0.10585349798202537
1656268428.png,0.15262722596526138,-0.09746222198009494,-0.0007545351982115589,-0.03097097575664523,-0.015946954488754217,-0.040714144706726046,-0.06288674473762518,-0.016601756215095465,-0.08789750933647156,-0.027267217636108426,0.09737708792090419,0.03915531933307648,-0.0973770879209042,-0.03915531933307648,0.07054534554481506,0.21727675199508667,-0.05717203579843043,0.23528775572776794,0.02427664399147017,-0.2319924235343933,-0.012875522021204233,-0.11144819855690002,-0.08872450888156896,0.41520386934280384,-0.04242063872516154,0.4892412722110746,0.25130374729633326,-0.05681121349334706,0.21548131667077544,-0.03099137544631947,0.025357246398925837,0.11865592002868641,-0.0266456156969071,0.06497466564178467
1656268429.png,0.15157117694616323,-0.09836405515670774,-0.0004196465015412487,-0.031004145741462735,-0.016105741262436024,-0.04144139587879189,-0.06269675493240345,-0.017244383692741366,-0.08711573481559753,-0.028272747993469183,0.09962289780378342,0.04100142419338232,-0.09962289780378342,-0.04100142419338226,0.0675061047077179,0.2136047482490539,-0.05604741349816322,0.23445364832878113,0.025550246238708496,-0.23077759146690374,-0.012943899258971213,-0.10961043834686274,-0.1022227555513382,0.4108497500419615,-0.04291298799216747,0.4877077639102937,0.26024605333805084,-0.05791085958480824,0.21649405173957345,-0.02884232997894287,0.02719962596893316,0.12013006210327137,-0.02679984271526334,0.062097489833831676
1656268430.png,0.1501472741365432,-0.0977376252412796,0.0004087686538696844,-0.03086352348327634,-0.016187936067581066,-0.04115116596221924,-0.059869647026061956,-0.01642926037311554,-0.08665813505649572,-0.029385715723037747,0.09957219660282138,0.04164701700210577,-0.09957219660282138,-0.04164701700210577,0.06748065352439875,0.212807685136795,-0.056166769936680794,0.23448500037193304,0.025376379489898793,-0.23189106583595287,-0.013128478080034258,-0.11046585440635676,-0.10424993932247167,0.410864382982254,-0.053145913407206535,0.4869301021099092,0.26447953283786774,-0.07873064279556274,0.22394877485930925,-0.05416381359100353,0.01039257645606989,0.1091620922088623,-0.011358141899108942,0.06388139724731445
1656268431.png,0.15544891357421875,-0.094846710562706,0.00019699335098266602,-0.030978351831436157,-0.016175568103790283,-0.04163312911987302,-0.06097394227981573,-0.01771685481071475,-0.08657130599021917,-0.030289083719253568,0.10345971584320068,0.04467651247978205,-0.10345971584320068,-0.044676512479782104,0.06818404793739319,0.21282795071601873,-0.046742708422243595,0.24089851975440968,0.0257673859596253,-0.2311021387577057,-0.013132876250892878,-0.11085000634193404,-0.11309073865413666,0.4107109606266021,-0.04610879719257355,0.49001190066337574,0.2728317826986313,-0.0781401991844175,0.22735626995563504,-0.052657604217529186,0.01085314154624939,0.07992798089981068,-0.012819051742553655,0.06365644931793202
1656268432.png,0.1512914970517158,-0.09953969717025757,-0.0009181499481200062,-0.03090417385101321,-0.016098380088806097,-0.04058070480823514,-0.06653004884719854,-0.01960670948028559,-0.0877147912979126,-0.028420537710189847,0.09915146976709366,0.04082900285720831,-0.09915146976709364,-0.04082900285720825,0.06726053357124323,0.2135211825370788,-0.057010575197637095,0.23467236757278442,0.025109738111496027,-0.23132225871086115,-0.013022630475461485,-0.111354410648346,-0.10062886774539948,0.4156572818756102,-0.04187788069248201,0.49080270528793335,0.27468948066234594,-0.06217861175537098,0.215062603354454,-0.03119242191314686,0.012000024318695013,0.08988839387893677,-0.014054328203201238,0.06127625703811623
1656268433.png,0.1500067114830018,-0.09840072691440582,0.0004765987396239679,-0.030855149030685453,-0.01667371392250061,-0.04123815894126892,-0.059518009424209595,-0.015873268246650668,-0.08762846887111667,-0.02776920795440674,0.0999839901924133,0.04107579588890081,-0.0999839901924133,-0.04107579588890076,0.06701678037643438,0.2139045894145965,-0.05619894340634346,0.23348179459571838,0.024976670742034857,-0.23321112990379333,-0.012163470499217512,-0.1106885969638825,-0.10511243343353266,0.40991774201393133,-0.05313600227236748,0.48593446612358093,0.2637031674385072,-0.07449674606323275,0.2113219313323498,-0.02886176109313965,0.010357201099395641,0.10642468929290771,-0.012327089905738858,0.06490540504455555
1656268434.png,0.16690169647336006,-0.0917685329914093,-0.00011548399925237485,-0.033037543296813965,-0.027270466089248657,-0.04057517647743222,-0.045689702033996527,-0.0013849735260009766,-0.09946103394031525,-0.014906018972396878,0.1023332066833973,0.04261492192745209,-0.10233320668339728,-0.04261492192745209,0.06114852428436274,0.21470007300376892,-0.048344973474740996,0.2815747261047362,0.04254770278930675,-0.2215779423713684,-0.02475373353809118,-0.14628395438194275,-0.1328809559345245,0.3772661387920381,-0.06274516694247724,0.455436408519745,0.2992265522480011,-0.10619175434112571,0.22134636901319021,-0.08234477043151867,0.014289796352386475,0.06669485569000255,0.029388397932052668,0.07475024461746205
1656268435.png,0.16678661853075022,-0.09144935011863711,-0.0016539990901947021,-0.03252339363098142,-0.02570965886116028,-0.03557221591472626,-0.04901668429374689,-0.0015966594219208041,-0.09881223738193501,-0.015733674168586703,0.10276607424020767,0.044746264815330505,-0.10276607424020767,-0.044746264815330505,0.0619448721408844,0.21218758821487416,-0.05809845216572285,0.26443424820899963,0.03997224569320673,-0.22593578696250904,-0.016033796593546867,-0.12674877047538757,-0.13171702623367307,0.3932156562805176,-0.06346060149371624,0.4589783251285553,0.31413516402244557,-0.13075464963912964,0.23736887983977792,-0.08513015508651733,0.012273758649826105,0.06789559125900257,-0.03726595640182495,0.028999805450439564
1656268436.png,0.16734242066740995,-0.09080785512924197,-0.0012508332729340155,-0.032728955149650574,-0.026104003190994374,-0.035883828997611944,-0.04914179444313049,-0.0020509213209151944,-0.09902822971343991,-0.01652713119983673,0.1023569367825985,0.044078335165977534,-0.10235693678259851,-0.044078335165977534,0.06394493579864508,0.21483018994331354,-0.05039935559034346,0.26570349931716913,0.03966435790061951,-0.22677627205848694,-0.023131972178816795,-0.12803950905799855,-0.1281842738389969,0.39334663748741144,-0.06123969983309506,0.4593449234962465,0.279663011431694,-0.11044085025787365,0.23444745223969213,-0.08183103799819957,0.027852863073349055,0.05366384983062744,-0.0007387548685072742,0.05241847038269054
1656268437.png,0.1684369295835495,-0.09093032777309423,-0.0004667937755584717,-0.03409917652606961,-0.027631819248199463,-0.03762698173522949,-0.050333321094512995,-6.408989429479428e-05,-0.09773667156696317,-0.015246778726577731,0.10210274159908295,0.04354783892631531,-0.10210274159908296,-0.04354783892631531,0.063833087682724,0.21479013562202448,-0.0580705003812909,0.26249787211418146,0.039881229400634766,-0.22679263353347784,-0.015548963099718092,-0.12497344613075256,-0.1300489604473114,0.3947316706180572,-0.06164688058197497,0.45815333724021906,0.283717691898346,-0.1174333691596986,0.22080117650330067,-0.08471262454986572,0.012477517127990667,0.05996114015579235,0.0006706714630126953,0.05489504337310791
1656268438.png,0.1687429323792458,-0.0911877453327179,-0.0005663037300110418,-0.033816128969192505,-0.027831882238388117,-0.03744065761566165,-0.05016574263572693,0.0011576712131500244,-0.09827025234699249,-0.011537700891494751,0.10245571285486221,0.04306198656558996,-0.10245571285486221,-0.04306198656558996,0.06287536025047297,0.21599245071411127,-0.051928428933024406,0.26634648442268377,0.04142546653747564,-0.2227910459041596,-0.02182429749518633,-0.1279168426990509,-0.1325085461139679,0.37929129600524897,-0.0624532513320446,0.4579209983348847,0.2854915559291839,-0.09710103273391735,0.23522549495100975,-0.08218646049499512,0.011915862560272217,0.05743539333343517,-0.01292639970779419,0.04060864448547352
1656268439.png,0.16679476574063304,-0.09229330718517298,-8.150935173040219e-05,-0.034487962722778376,-0.027390539646148737,-0.03794161975383764,-0.049350738525390514,0.0004221200942992609,-0.09653466939926142,-0.012971594929695102,0.10304774716496465,0.0448345690965653,-0.10304774716496463,-0.04483456909656525,0.06184330582618719,0.2132906317710877,-0.057911049574613585,0.2635762393474578,0.04118093848228449,-0.22491392493247991,-0.01548767369240522,-0.12667661905288685,-0.1296133548021316,0.391044795513153,-0.06042618025094272,0.45940348505973827,0.28042854368686676,-0.11157107353210449,0.23417176026850936,-0.0817706584930421,0.02699622511863703,0.05591249465942383,-0.013039469718933105,0.03682851791381836
1656268440.png,0.16736699640750885,-0.0925217717885971,-0.00019550323486322574,-0.033704519271850586,-0.02747881412506098,-0.0375978946685791,-0.04992499947547918,0.000681757926940918,-0.09708730876445776,-0.013025686144828796,0.10328923165798187,0.04458278417587286,-0.10328923165798187,-0.04458278417587286,0.056415677070617676,0.21287891268730147,-0.05834501143544912,0.26484867930412287,0.04573670029640198,-0.2229226529598235,-0.015934032388031483,-0.12691679596900934,-0.12978960573673246,0.39259585738182073,-0.06070180982351303,0.4598399102687836,0.2964860647916794,-0.10874801874160789,0.2346475943922997,-0.08146476745605469,0.009838789701461848,0.0540338158607484,-0.0006166249513626376,0.07154995203018177
1656268441.png,0.16905635595321658,-0.09220115840435028,-0.0008901357650756836,-0.034342914819717435,-0.027184814214706365,-0.03811819851398465,-0.05157762765884405,0.0008709430694580633,-0.09789873659610751,-0.011128425598144587,0.10283729434013364,0.04392370581626892,-0.10283729434013364,-0.043923705816268976,0.06266027688980108,0.21528252959251415,-0.058136945590376854,0.2650711834430694,0.04077157378196711,-0.22197845578193687,-0.015103088691830635,-0.1262717843055724,-0.12919549643993372,0.3929997980594635,-0.061045028269290924,0.4566918313503266,0.28067629039287556,-0.11008691787719727,0.2347026988863945,-0.07782965898513794,0.026636838912963978,0.05329018831253052,-0.0002475976943969449,0.05282950401306152
1656268442.png,0.16821525245904925,-0.09190118312835693,3.2782554626464844e-07,-0.03433401882648471,-0.02752658724784851,-0.038082793354988126,-0.04966774582862854,0.0012536048889160434,-0.09804643690586087,-0.011955663561820984,0.10189125686883924,0.043065667152404785,-0.10189125686883922,-0.04306566715240484,0.06257683038711553,0.21478873491287231,-0.05887977592647077,0.2625455260276795,0.04227516055107117,-0.2220642268657685,-0.01558740623295307,-0.12640970945358276,-0.13002371788024897,0.39432257413864136,-0.06257758103311063,0.45773094892501826,0.2970925867557525,-0.124786376953125,0.2355585303157568,-0.08464777469634999,0.027455091476440485,0.0652729868888855,-0.024521097540855408,0.040863633155822754
1656268443.png,0.16693831607699394,-0.09351781010627747,-0.0004439353942871094,-0.034053400158882086,-0.02720862627029419,-0.037863135337829534,-0.049985259771347046,0.0009784996509552002,-0.09730562567710876,-0.012310072779655429,0.10323290154337883,0.04534071683883667,-0.1032329015433788,-0.04534071683883667,0.06178402900695795,0.213409572839737,-0.05862236488610509,0.2629937827587128,0.03739565610885637,-0.22891449928283686,-0.015133343636989594,-0.12602314352989202,-0.12979497015476224,0.3912202417850494,-0.06122277956455949,0.45929488539695734,0.2784237414598464,-0.1111348271369933,0.23416032921522856,-0.07957702875137329,0.01327812671661388,0.05484604835510254,-0.013895764946937589,0.07331562042236328
1656268444.png,0.16695363819599157,-0.09291040897369382,-0.00010091066360479184,-0.03417678177356723,-0.027329623699188343,-0.038354873657226535,-0.04994994401931763,0.0007645338773727972,-0.09750209748744962,-0.01347978413105011,0.10329554975032806,0.045083120465278625,-0.10329554975032808,-0.045083120465278625,0.06079483032226557,0.21246221661567682,-0.058572096750140176,0.26465499401092535,0.0394920408725738,-0.22506383061408985,-0.01548021286725998,-0.12790796160697931,-0.13025020062923431,0.39089772105216997,-0.06161964219063519,0.4580423235893251,0.28156046569347387,-0.11279869079589855,0.23563261609524483,-0.08047872781753551,0.011533349752426147,0.05840444564819336,-0.014630272984504616,0.052639663219451904
1656268445.png,0.15793074667453758,-0.10830406844615936,-0.004350870847701971,-0.03470695018768308,-0.02243292331695551,-0.03840517997741702,-0.06640681624412537,-0.000787928700447138,-0.09641477465629575,-0.0047677308320999146,0.10264097154140475,0.0408088862895965,-0.10264097154140475,-0.04080888628959656,0.06102475523948664,0.2197746336460114,-0.056855715811252594,0.25938138365745544,0.03137835860252386,-0.22991779446601868,-0.015448837541043757,-0.1266098022460937,-0.11141499876976016,0.41390219330787653,-0.0451902411878109,0.4897750914096831,0.26680991053581227,-0.07070416212081887,0.2286156676709652,-0.06683355569839466,0.02349674701690674,0.0701140761375425,-0.02217242121696472,0.05073314905166626
1656268446.png,0.15664472989737988,-0.09397581219673151,0.0006155073642730713,-0.03269390761852267,-0.022038370370864868,-0.04248781502246857,-0.05729462206363678,-0.01077651977539057,-0.09691861271858215,-0.0266801118850708,0.10831847600638866,0.04680508375167841,-0.10831847600638866,-0.04680508375167841,0.08355072140693659,0.22188982367515575,-0.02147727459669114,0.2690599262714386,0.011715173721313532,-0.23044595122337336,-0.01803619647398591,-0.12558349967002874,-0.08347412943840027,0.43824884295463573,-0.02124599367380143,0.5233701169490814,0.2534091174602508,-0.05538618564605713,0.21137886121869084,-0.04489493370056152,0.006830394268035944,0.11247664690017711,-0.013301536440849276,0.0819411277770995
1656268447.png,0.15595809370279312,-0.09809258580207825,0.0031630396842956543,-0.03289353847503659,-0.02480641007423401,-0.04104134440422058,-0.048517763614654597,-0.003574728965759333,-0.09768187999725336,-0.02221095561981201,0.10558170825242996,0.04490347206592554,-0.10558170825242996,-0.04490347206592554,0.08133843541145325,0.22467747330665605,-0.02887136861681939,0.2680493593215942,0.011141836643218994,-0.2274180948734284,-0.016527278814464808,-0.12490221858024597,-0.08479437232017517,0.44031849503517145,-0.027605321258306507,0.521664500236511,0.25361248850822454,-0.05103677511215188,0.21225845441222194,-0.02031701803207364,0.005769461393356323,0.11281949281692494,-0.0115213543176651,0.06306499242782582
1656268448.png,0.15427290648221975,-0.10170705616474157,0.0017725825309752863,-0.033180594444274875,-0.024088025093078724,-0.04167766869068143,-0.058460354804992676,-0.0037686377763747614,-0.09917485713958735,-0.02197372913360593,0.10178416222333908,0.042704105377197155,-0.10178416222333908,-0.04270410537719721,0.08156532049179077,0.22439077496528637,-0.03697485104203225,0.24338558316230757,0.006058663129806463,-0.22422701120376587,-0.015982177574187517,-0.10550209879875166,-0.08493766188621524,0.421679884195328,-0.03400042653083802,0.5018464028835294,0.254730522632599,-0.05420476198196422,0.21110229194164276,-0.031455516815185325,0.006397187709808294,0.10844308137893666,-0.021899729967117282,0.06677889823913552
1656268449.png,0.14850333891808984,-0.1095812916755676,0.0035006701946258545,-0.0299080163240433,-0.02444392442703247,-0.04327769577503207,-0.044426351785659846,0.0009483546018600464,-0.09623633325099945,-0.019805386662483215,0.10589087568223479,0.046884998679161016,-0.10589087568223479,-0.04688499867916107,0.08945012092590326,0.22105908393859858,-0.021091092377901074,0.247052401304245,-0.00992557406425476,-0.23590096831321705,0.04601886868476869,-0.11951422691345215,-0.0765705108642579,0.4355986118316651,-0.020824462175369256,0.5059039890766143,0.2359865903854371,-0.06678891181945801,0.1959141008555889,-0.02844792604446389,0.005426764488220104,0.12224221229553234,-0.017860010266304016,0.09174817800521828
1656268450.png,0.06951487669721246,-0.08703917264938352,0.018285930156707736,-0.0343858003616333,-0.02192025631666185,-0.058924049139022855,-0.012586265802383423,-0.0010730922222137451,-0.08851069957017897,-0.044775895774364444,0.06728956708684564,-0.02901948988437658,-0.06728956708684564,0.029019489884376526,0.018949642777442932,0.17927545309066772,0.04805361200124025,0.29377585649490356,0.04371388256549835,0.11984756588935858,0.13722684234380722,-0.04190617799758911,0.0063199251890182495,0.4292305409908295,0.027875731699168682,0.41755419969558705,0.18430180847644806,0.019812703132629284,0.10185406543314456,0.03922510147094749,-0.08909852802753457,0.11055254936218273,0.11357326060533528,0.11767476797103871
1656268451.png,0.12782147154211998,-0.08370131254196167,0.010531112551689148,-0.04155676066875458,-0.021552234888076782,-0.05846500396728513,-0.0454852432012558,-0.029848769307136563,-0.10731478780508041,-0.07449658960103991,0.0544118620455265,-0.016023457050323542,-0.0544118620455265,0.016023457050323486,-0.017300814390182467,0.2639604210853577,0.044376000761985786,0.2973998188972472,0.042567737400531755,0.08402180671691895,0.0273827239871025,0.07378613948822055,-0.004059396684169769,0.4585703611373903,0.028917260468006138,0.4747299551963804,0.25652979314327234,-0.06973832845687877,0.18314123898744578,-0.0007539987564083583,0.05250981450080883,0.19341224431991566,0.06630457937717443,0.1283764839172361
1656268452.png,0.13951616734266278,-0.06529004871845251,0.009249940514564542,-0.04655662178993225,-0.019668906927108737,-0.05733397603034973,-0.0672046840190888,-0.04423241317272186,-0.10921674966812135,-0.08658169209957123,0.051043011248111725,-0.01664935052394867,-0.051043011248111725,0.01664935052394867,-0.016070276498794556,0.2576161026954649,0.03615250438451767,0.3214914500713348,0.03648734092712402,0.06881463527679454,0.0722006931900978,0.02460503578186035,-0.013347513973712893,0.4579986929893492,0.02453110739588737,0.48074921965599043,0.24280109256505963,-0.04791742563247681,0.15720934048295024,-0.003098607063293346,0.19567292928695668,-0.10398030281066883,0.08687733113765714,0.15086859464645375
1656268453.png,0.13298709969967606,-0.08601841330528259,0.0127177685499191,-0.04475019872188565,-0.020562872290611323,-0.05874601006507871,-0.048471599817276,-0.035656452178955106,-0.10987000539898871,-0.08718534559011462,0.05716773401945829,-0.014964371919632014,-0.05716773401945829,0.014964371919631958,-0.011642098426818834,0.2850137650966645,0.040574608370661736,0.32442358136177063,0.043831877410411835,0.05714082717895508,0.04856313019990921,0.005401730537414551,-0.020642511546611758,0.44320759177207963,0.026366261765360836,0.4654943048954009,0.2364910244941711,-0.04962074756622337,0.13701386749744415,-0.0294952392578125,0.19858849048614519,-0.10856854915618885,0.06692823767662043,0.17285299301147472
1656268454.png,0.12867593928240234,-0.097318634390831,0.0076059252023697455,-0.043327733874320984,-0.02194873988628382,-0.05889956653118139,-0.0528169721364975,-0.035106509923934964,-0.10662272199988365,-0.07947286218404764,0.0508546472992748,-0.02084977924823761,-0.0508546472992748,0.020849779248237665,0.0013718977570533752,0.2744148373603821,0.04041953710839152,0.3193120062351226,0.06017167866230011,0.07290339469909668,0.08969949930906296,0.02338021993637085,0.0015514716506004472,0.4737640023231505,0.022097572218626734,0.4647740423679351,0.2236793339252472,-0.036912441253662,0.17896030470728877,0.013117551803588867,0.05791977047920227,0.1121038794517516,0.041265353560447665,0.10273039340972911
1656268455.png,0.12550970260053873,-0.09943130612373355,0.015080705285072327,-0.04027958214282984,-0.019025638699531583,-0.05999577045440671,-0.044593945145606995,-0.020618408918380765,-0.09401163458824155,-0.06588562577962875,0.03633437398821115,-0.008580327033996582,-0.03633437398821115,0.008580327033996582,0.017751418054103865,0.2688538134098053,0.046240443363785744,0.3154500424861908,0.0762738958001137,0.0863754153251648,0.06963376700878142,0.050366222858428955,0.05495110154151919,0.46528807282447815,0.038961345329880714,0.4884696304798126,0.22073563933372498,0.0025931596755982556,0.2339094802737236,0.024915993213653453,0.06642308831214905,0.09756308794021595,0.04600253701210022,0.054606258869171365
1656268456.png,0.12177233258262277,-0.10295569896697995,0.014293283224105835,-0.0389674454927445,-0.019306480884551974,-0.05860090255737305,-0.042455300688743564,-0.024653479456901495,-0.09497200697660449,-0.07126531749963763,0.033438979182392366,-0.006742477416992243,-0.033438979182392366,0.0067424774169921875,0.023815795779228197,0.26381987333297724,0.043652516789734364,0.32637399435043346,0.06543868780136108,0.0989179015159608,0.07245802879333496,0.03992772102355946,0.04844214022159575,0.46443760395050043,0.03911728132516146,0.48983651399612416,0.2322953045368195,-0.01857781410217285,0.24393934756517405,0.02769446372985851,0.06504109501838679,0.11672466993331942,0.05083242058753973,0.05174112319946311
1656268457.png,0.11583349853754041,-0.11823862791061401,0.014707282185554504,-0.04037404060363775,-0.022559404373168918,-0.05811545252799985,-0.04344047605991362,-0.024271696805953952,-0.0933525487780571,-0.06525454670190815,0.03370095044374465,-0.009867683053016663,-0.03370095044374465,0.009867683053016663,0.024702943861484528,0.29283347725868225,0.044051393866538995,0.33841484785079956,0.10383715480566023,0.11609965562820446,0.11368688941001892,0.06424474716186523,0.07043573260307313,0.5131116807460786,0.05986791104078292,0.5162456631660461,0.2510557472705841,-0.03647720813751243,0.2830838486552239,0.014071524143218883,0.1161023974418639,0.05368041992187522,0.10768321156501764,-0.037454068660736084
1656268458.png,0.11474004760384557,-0.11659564077854165,0.013931527733802795,-0.03642086684703827,-0.025250323116779314,-0.05871148407459256,-0.0370475724339485,-0.02189548313617709,-0.08859046921133995,-0.06857223063707352,0.029758315533399582,-0.011136546730995178,-0.029758315533399582,0.011136546730995178,0.03583965450525285,0.3110834956169128,0.044015206396579735,0.3410514891147613,0.10019712150096892,0.10053694248199474,0.12707378715276718,0.03782510757446289,0.08899276703596118,0.5174422264099121,0.05801165103912353,0.535277336835861,0.2274251729249954,-0.011458933353424072,0.2837870717048645,-0.00019615888595581055,0.11137348413467402,0.052073538303375466,0.07684934139251715,0.0030666589736940697
1656268459.png,0.11428358778357506,-0.11660899221897122,0.013619840145111084,-0.03704714775085455,-0.026218295097351102,-0.058837652206420954,-0.03668024390935899,-0.01960976421833041,-0.08815993368625638,-0.06892805546522138,0.030395202338695526,-0.009344339370727484,-0.03039520233869552,0.009344339370727484,0.03330851718783378,0.29166910052299494,0.044564206153154366,0.3431504666805268,0.08818271011114119,0.11885267496109009,0.10075874626636505,0.039764404296875,0.0774899460375309,0.5139839947223661,0.059794064611196504,0.5165252983570099,0.23604932427406305,-0.009576737880706676,0.2542233094573021,0.002684652805328369,0.09651988744735723,0.028306722640991433,0.0898421704769134,0.015271902084350586
1656268460.png,0.11543211899697783,-0.11383482813835144,0.01735685765743253,-0.039952203631401034,-0.02011878788471226,-0.06283259391784668,-0.03650346398353577,-0.017362877726554954,-0.09327848628163336,-0.06713835895061493,0.025718560442328453,-0.011531129479408209,-0.025718560442328453,0.011531129479408209,0.05110280960798265,0.279971957206726,0.045246541500091546,0.32353869080543524,0.06626253575086592,0.08842164278030396,0.10202863439917564,0.018893659114837646,0.07680507004261014,0.46028381586074824,0.03802080824971199,0.47608003020286577,0.2107605487108231,0.005434870719909668,0.22818093746900558,0.0290810465812682,0.040549784898757935,0.09023922681808483,0.013697952032089233,0.08337008953094494
1656268461.png,0.11151124886237085,-0.11465084552764893,0.016267970204353333,-0.0403308421373367,-0.023266583681106567,-0.060538291931152344,-0.0397993102669716,-0.020320057868957547,-0.08971976861357689,-0.06656886637210847,0.03155322722159326,-0.011863425374031067,-0.03155322722159326,0.011863425374031122,0.03209296613931657,0.2935137152671815,0.04492742149159312,0.34034851193428023,0.08786048740148543,0.11986494064331055,0.11374222114682198,0.01823580265045166,0.08689931035041806,0.49841433763504017,0.05974626494571564,0.5140069425106049,0.22437639534473428,-0.0122774839401244,0.26874419301748276,0.02197510004043568,0.0940692126750945,0.07287764549255371,0.07442432641983038,-0.0005528926849364124
1656268462.png,0.11390991671942174,-0.11172799766063693,0.016298577189445496,-0.04083153605461118,-0.023936480283737183,-0.06098139286041257,-0.040729500353336334,-0.019389227032661466,-0.09139830991625786,-0.06946446746587756,0.02591191022656858,-0.012369692325592041,-0.02591191022656858,0.012369692325591986,0.042575459927320494,0.27885153889656067,0.04412569059059023,0.325192004442215,0.07298880070447918,0.09008592367172252,0.10203452408313751,0.016900122165680043,0.08814016357064247,0.4816305935382843,0.046937677543610334,0.49592331051826494,0.2085019946098327,-0.017249166965484508,0.23168497905135155,0.009693503379821555,0.05547219514846807,0.07327252626419067,0.032713472843170166,0.029314517974853516
1656268463.png,0.1110087486449629,-0.11434014141559598,0.016097649931907626,-0.04089495539665228,-0.024043098092079163,-0.06042329967021945,-0.040555700659751864,-0.017607480287551797,-0.09132098779082298,-0.06707569211721418,0.03081224882043898,-0.01114323735237116,-0.03081224882043898,0.011143237352371216,0.03587948530912398,0.2907248437404631,0.04506991850212216,0.34095099568367015,0.08498957008123399,0.09227538108825684,0.11298799514770508,0.012386560440063255,0.07881127297878265,0.4769105613231657,0.04911130340769887,0.49285659193992615,0.2215009331703186,0.0067174434661866345,0.24186723306775093,0.0271298885345459,0.04509848356246948,0.07251930236816395,0.037321895360946655,0.03737109899520841
1656268464.png,0.11051050270907584,-0.11394722759723666,0.013982281088828985,-0.03817133605480191,-0.022123858332634028,-0.05974385142326352,-0.042134016752243014,-0.025134563446044922,-0.0925188101828098,-0.06660556048154832,0.03155511314980686,-0.010552376508712769,-0.03155511314980686,0.010552376508712824,0.037339076399803175,0.2913561165332794,0.04607221623882651,0.32454261183738703,0.08086413890123366,0.118385910987854,0.10104519128799438,0.03493714332580555,0.08618711680173874,0.49333086609840393,0.0583626045845449,0.5119900405406952,0.22354497015476227,-0.013054430484771617,0.2544888257980346,0.005891978740691917,0.09473195672035217,0.07779121398925781,0.08865582942962663,0.018251657485961914
1656268465.png,0.10927971126511693,-0.10794107615947729,0.015354171395301819,-0.04302720725536341,-0.021100103855133057,-0.06265740096569059,-0.04157985746860504,-0.022942781448364313,-0.09298375062644482,-0.06817797571420668,0.03176380367949605,-0.011830881237983759,-0.03176380367949605,0.011830881237983704,0.04555413872003554,0.29655453562736506,0.04616079200059176,0.3255358338356018,0.07294592261314396,0.09227490425109874,0.11177511140704155,0.0299835205078125,0.07582639902830121,0.4775384366512299,0.047371403314173215,0.4921200871467589,0.20749495923519137,0.007875561714172363,0.25337465107440954,0.02807372808456432,0.05946618318557739,0.07036948204040538,0.025650382041931097,0.011422574520110973
1656268466.png,0.10997057403437793,-0.11501693725585938,0.013277053833007812,-0.03832411766052243,-0.025654315948486342,-0.059193417429923983,-0.037043899297714206,-0.02020621299743658,-0.08970199525356291,-0.06914569437503822,0.030936558498069637,-0.011525630950927734,-0.030936558498069637,0.011525630950927679,0.03739397972822189,0.29437708854675293,0.04527413984760642,0.3257174491882325,0.09427387267351155,0.11566591262817383,0.11399518698453903,0.0308707356452943,0.07701028883457185,0.4979236125946045,0.05880890926346183,0.5132072567939758,0.23507398366928095,0.009467542171478271,0.2549101188778877,0.006512284278869518,0.09449869394302363,0.05030947923660267,0.08953970670700068,0.015372395515442006
1656268467.png,0.10809070523828268,-0.10894061625003812,0.016992300748825045,-0.04138545691967005,-0.020708084106445326,-0.06396321952342987,-0.038916945457458496,-0.02294643223285675,-0.09360460937023161,-0.06958987563848489,0.030622205697000027,-0.011959105730056763,-0.030622205697000027,0.011959105730056763,0.04360760748386382,0.28317210078239446,0.045099688693881035,0.3258731067180633,0.06219798326492308,0.1064782142639159,0.10048659145832059,0.03161728382110618,0.06492303311824799,0.4617562592029572,0.036289142444729805,0.4759409129619598,0.21137619018554688,0.005617082118987926,0.24003819748759275,0.03053826093673717,0.03854286670684809,0.09014803171157815,0.0007683336734772284,0.05839991569519043
1656268468.png,0.10790011682547626,-0.1120409816503525,0.017154857516288785,-0.03993359208106989,-0.02498634904623029,-0.06031966209411618,-0.036826141178607955,-0.01780903339385992,-0.08869990706443787,-0.06987952440977098,0.030799228930845857,-0.010953575372695867,-0.030799228930845857,0.010953575372695923,0.0456121116876602,0.294627994298935,0.04677375452592969,0.32641491293907166,0.07394298911094667,0.11423152685165383,0.11243513226509094,0.029260277748107688,0.07751445472240445,0.4764204323291778,0.047431055922061205,0.4918968975543976,0.2089650332927704,0.01027822494506836,0.24167053773999214,0.03252130746841431,0.05916288495063787,0.06928718090057373,0.038926452398300115,0.03585362434387185
1656268469.png,0.10986443655565381,-0.11413143575191495,0.013633131980895968,-0.03891237080097193,-0.02465804666280748,-0.060352161526679965,-0.04199138283729552,-0.026018097996711814,-0.09057549573481082,-0.07069852203130722,0.0308106099255383,-0.0108154416084289,-0.0308106099255383,0.0108154416084289,0.03647881001234053,0.29238957166671764,0.04649384412914515,0.34450870752334606,0.08477553725242616,0.11699140071868874,0.1007954403758049,0.014337718486785889,0.08898705989122391,0.49611490964889526,0.058899217285215855,0.5144843459129335,0.22332789003849024,0.01182335615158081,0.26787233352661133,0.005465507507324219,0.09596106410026556,0.04996967315673839,0.07690170407295233,0.016093730926513783
1656268470.png,0.10860873386263847,-0.10639134049415591,0.01705525815486908,-0.04294677078723902,-0.02487361431121826,-0.06302118301391602,-0.03974399715662007,-0.021859288215637263,-0.08996288478374481,-0.06824550777673721,0.030750956386327744,-0.01346588134765625,-0.030750956386327744,0.01346588134765625,0.04708829522132872,0.2965780794620514,0.04583683982491493,0.32546547055244446,0.07140028476715089,0.09668058156967152,0.11068910732865334,0.03239542245864868,0.07803194224834442,0.4816491901874541,0.04678882658481598,0.4937933385372164,0.22126656770706166,-0.015033185482025035,0.25537284463644033,0.02757287025451649,0.04495188593864452,0.09497261047363292,0.04208335280418385,0.036464512348174605
1656268471.png,0.1140195834450424,-0.10988917946815493,0.0152514576911926,-0.04109697043895719,-0.021481737494468703,-0.06164392828941345,-0.04546559602022171,-0.0272093266248703,-0.09329971671104433,-0.07068727165460585,0.02622991381213069,-0.01198713481426239,-0.02622991381213069,0.01198713481426239,0.05497710406780243,0.29606112837791443,0.045867516659200185,0.3267948031425476,0.07426549494266507,0.08971661329269409,0.11306079477071762,0.010909318923950195,0.08760020136833194,0.47995582222938526,0.04952229093760252,0.49390387535095204,0.22028122842311856,-0.015704870223998912,0.25270130857825274,0.011928737163543701,0.062406063079833984,0.0973646640777589,0.04032224416732788,0.02842390537261974
1656268472.png,0.10938789602369065,-0.11514301598072058,0.015828430652618464,-0.03911587595939628,-0.024674497544765417,-0.05916178226470942,-0.04336898028850554,-0.023870617151260404,-0.08958034962415695,-0.07133766263723372,0.0298072537407279,-0.008922845125198364,-0.029807253740727895,0.00892284512519842,0.049223311245441444,0.3063722550868988,0.047630222514271736,0.346518486738205,0.08624330163002017,0.1207074522972107,0.11390598490834236,0.010141849517822155,0.07762787491083148,0.5121183097362518,0.05817193351686,0.5140506923198698,0.22237649559974657,-0.03196042776107777,0.25400656461715704,0.006706237792968861,0.11010375618934648,0.05254817008972168,0.08963540196418757,0.013744592666625977
1656268473.png,0.1105721481144428,-0.11365646123886111,0.015881091356277494,-0.03999082744121554,-0.025467485189437825,-0.060075640678405734,-0.04422369599342345,-0.025659710168838473,-0.09029278531670572,-0.07010629028081895,0.030501801520586014,-0.01017147302627558,-0.03050180152058602,0.01017147302627558,0.037455163896083825,0.2905610799789428,0.04643353074789047,0.34453958272933966,0.08449929207563403,0.11650228500366211,0.10214528441429141,0.012266933917999268,0.0901704728603363,0.4954031109809875,0.05995888635516165,0.5142578482627871,0.22152639925479878,-0.013001084327697865,0.2532929889857769,0.006185889244079479,0.09727942943573009,0.07305312156677257,0.08927664160728455,0.014985084533691517
1656268474.png,0.10716773895546797,-0.10149647295475009,0.016028165817260687,-0.04086248576641083,-0.024669274687767057,-0.06090268492698664,-0.03481311351060863,-0.01964278519153595,-0.08914469182491302,-0.06794094294309617,0.03246762929484248,-0.005244225263595581,-0.03246762929484248,0.0052442252635955255,0.047327518463134766,0.2838139832019807,0.0504172770306468,0.32834997773170477,0.0717574879527092,0.10558694601058938,0.10167631134390831,0.02861058712005604,0.07628812640905377,0.4805515706539154,0.04063716810196638,0.49076452851295455,0.21048280596733096,-0.013446450233459473,0.2397204451262951,0.033951938152313454,0.05717495083808899,0.09544378519058228,0.033147066831588745,0.05456256866455045
1656268475.png,0.11103462614119053,-0.09973157942295074,0.01557186245918274,-0.04329815506935117,-0.02123352885246277,-0.06259003281593323,-0.04180879890918732,-0.020218253135681152,-0.09463106468319893,-0.0685568079352379,0.032871270552277565,-0.003489658236503601,-0.032871270552277565,0.0034896582365035456,0.05644565820693967,0.2966189384460449,0.05739612877368926,0.3446757495403289,0.06096051633358007,0.09140628576278664,0.09324463084340096,0.02988433837890636,0.07645934820175168,0.47903865575790394,0.04080096632242203,0.49209401011466986,0.1969176381826401,-0.015024900436401256,0.23905253037810326,0.02977311611175526,0.04024174809455883,0.09437680244445801,0.0011137425899505615,0.06225830316543579
1656268476.png,0.10849821846932173,-0.10337843000888827,0.015212222933769226,-0.03942620754241938,-0.024024613201618195,-0.06045210361480713,-0.03456851094961168,-0.018327519297599848,-0.08765284158289433,-0.06958869844675064,0.03165882360190153,-0.0022547096014022827,-0.03165882360190153,0.002254709601402227,0.04974556714296342,0.2944386303424835,0.05104546435177326,0.3473831415176393,0.07052774727344512,0.11355113983154286,0.11110263690352437,0.011444091796874889,0.07908698171377179,0.4772970974445342,0.05199014954268932,0.5118044018745422,0.20927463471889493,-0.015979647636413463,0.25344437360763544,0.010029196739196888,0.0713804960250855,0.07425975799560536,0.03910604119300842,0.03045189380645774
1656268477.png,0.1112043515313417,-0.10912819206714627,0.017281666398048373,-0.04017817974090579,-0.021123059093952234,-0.06302538514137274,-0.04059448838233948,-0.026482343673706082,-0.09176550433039662,-0.0713654980063438,0.026080108480527997,-0.011865496635437012,-0.026080108480527997,0.011865496635437012,0.056181687861681,0.2958798110485077,0.04588990518823265,0.3269943296909331,0.0705485343933105,0.08859485387802113,0.10257166251540181,0.014311790466308705,0.08641474321484566,0.4795796573162078,0.04775980720296502,0.4941031038761139,0.21013826131820673,-0.014160692691802867,0.253956314176321,0.011966109275817871,0.08727425336837769,0.0771324634552002,0.055866301059722956,0.030418276786804088
1656268478.png,0.1060800994746387,-0.10075123608112335,0.015493690967559787,-0.04039005935192111,-0.024210684001445784,-0.061102628707885714,-0.03373498469591138,-0.018047690391540555,-0.08837446756660937,-0.06758248805999759,0.03217527968809008,-0.0046397000551223755,-0.03217527968809008,0.00463970005512232,0.05590541660785674,0.2680593132972716,0.04923248570412397,0.31135365366935736,0.04969801753759387,0.09994280338287365,0.10168511047959328,0.04803997278213501,0.06506193429231648,0.4406212568283079,0.04339232575148344,0.47361132502555864,0.19985370337963096,0.0081443190574646,0.20927850529551512,0.033305704593658225,0.027287960052490234,-0.0389500856399535,0.026795953512191717,0.08076202869415305
1656268479.png,0.10736004775390029,-0.10107350349426267,0.01678636670112607,-0.03992268443107613,-0.024041928350925446,-0.06262080371379855,-0.033778414130210835,-0.017384290695190402,-0.08890510909259319,-0.07011505216360092,0.03209919994696975,-0.002672627568244934,-0.03209919994696975,0.002672627568244934,0.05056311935186385,0.2953677475452423,0.051544020883739,0.3476680517196655,0.07076246291399003,0.1144610047340392,0.11018401384353635,0.026772499084472656,0.07830712199211118,0.4789262115955354,0.05075033660978078,0.5119878053665161,0.20735090970993045,0.009555160999297985,0.24165907874703407,0.014155685901641735,0.05917078256607061,0.06987416744232167,0.02032575011253357,0.0568176507949828
1656268480.png,0.11059838626533747,-0.10040411353111267,0.017216727137565585,-0.04240569472312927,-0.024777375161647783,-0.06237022578716281,-0.03895834088325496,-0.018810823559761047,-0.09046563506126405,-0.07073859125375746,0.03161713574081659,-0.002115949988365229,-0.031617135740816586,0.0021159499883651733,0.05980160087347033,0.28331556916236894,0.05159107409417629,0.33328860998153687,0.061186067759990734,0.10323500633239735,0.09944901987910268,0.0448480248451234,0.06790578365325928,0.4775638282299041,0.041662322357296944,0.4933636784553529,0.20725123584270477,-0.013626635074615367,0.2240377962589264,0.03198873996734597,0.03985810279846186,0.09299093484878562,-0.00020077824592590332,0.08759081363677967
1656268481.png,0.10899560200050473,-0.10770513117313385,0.017593130469322232,-0.04298448562622073,-0.021648421883583097,-0.06535319983959201,-0.03828283399343495,-0.01870875060558319,-0.09449016675353047,-0.07154388725757597,0.030032404232770205,-0.010655060410499573,-0.030032404232770205,0.010655060410499628,0.059662349522113786,0.2836088538169861,0.04614109639078379,0.31206735968589777,0.0592598468065262,0.08116102218627919,0.09016390144824979,0.03210330009460449,0.05654421448707579,0.45892822742462147,0.029236731119453904,0.45820692181587225,0.20816876739263535,0.007638454437256081,0.22093553468585014,0.049458801746368186,0.028826117515563965,-0.04235839843750011,0.011720389127731323,0.08683300018310536
1656268482.png,0.10334858391433951,-0.10105857253074646,0.0173797607421875,-0.04045268893241888,-0.02358719706535338,-0.061423063278198214,-0.03599469363689421,-0.02121675014495844,-0.08713323436677456,-0.06606698781251906,0.032473296858370304,-0.0038014799356461126,-0.032473296858370304,0.003801479935646057,0.05092437565326689,0.2823836207389832,0.05161136947572232,0.33001604676246643,0.06813040375709538,0.10736477375030529,0.10117607936263084,0.031270742416381836,0.07623891532421112,0.4597139954566957,0.052432617172598846,0.4934506118297576,0.2103787362575531,0.004041850566864014,0.22938552126288414,0.012511193752288707,0.05602693557739252,0.07319599390029896,0.048047065734863226,0.049078285694122425
1656268483.png,0.10883046872913837,-0.101963996887207,0.017673149704933167,-0.04020595550537115,-0.02431435137987137,-0.06140601634979248,-0.034877091646194486,-0.017667770385742188,-0.08828725665807724,-0.0696738809347153,0.03234057314693928,-0.0019976645708084106,-0.03234057314693928,0.0019976645708084106,0.051510751247406006,0.2924375832080841,0.0520499087870121,0.3479670286178589,0.06843143701553348,0.11496812105178822,0.10017284750938413,0.027969837188720592,0.07755465805530548,0.47871634364128113,0.049343768507242196,0.5113332867622374,0.19558931887149805,0.011678218841552623,0.22794103622436523,0.03523594141006481,0.01883032917976385,-0.08661961555480935,0.03586858510971069,0.03767138719558705
1656268484.png,0.11171873565763235,-0.09969812631607056,0.018604859709739685,-0.040750667452812195,-0.023464821279048934,-0.06302201747894282,-0.03995303809642792,-0.02428777515888217,-0.08931436389684676,-0.07159668207168585,0.02722136583179235,-0.004379212856292725,-0.02722136583179235,0.004379212856292669,0.059850417077541344,0.29954105615615845,0.05099357478320598,0.3483169078826905,0.07197186350822447,0.11279368400573742,0.11211472004652023,0.026393651962280384,0.08812939375638965,0.48234134912490845,0.05242899991571903,0.5117800235748291,0.20672217011451724,0.007647991180419922,0.24037567898631096,0.010623157024383545,0.05949524044990534,0.0740755796432494,0.03813546895980835,0.05930769443511996
1656268485.png,0.1109017776325345,-0.09935824573040009,0.016565635800361633,-0.04193958640098566,-0.021744877099990817,-0.06235417723655701,-0.0395931378006935,-0.020885869860649164,-0.0934166777879,-0.07349411398172377,0.032418561168015,-0.0024087578058242243,-0.032418561168015,0.00240875780582428,0.05180434137582777,0.2936675548553465,0.05242352746427059,0.3468305170536041,0.08242905139923094,0.11446362733840953,0.11073080822825432,0.02704465389251709,0.0790390148758888,0.47795730829238897,0.05194885469973087,0.5109540522098542,0.20759434998035434,0.008163571357726829,0.2419555857777596,0.01344788074493386,0.0590869784355163,0.06927448511123668,0.03686064481735224,0.05352580547332808
1656268486.png,0.10529279196634889,-0.0956161618232727,0.018431901931762695,-0.042791858315467834,-0.02193827182054521,-0.06329454481601718,-0.03512968122959137,-0.019216060638427734,-0.08955288119614122,-0.06777726858854291,0.033737736288458116,-0.004259467124938965,-0.033737736288458116,0.004259467124938909,0.05615025758743286,0.2825749218463899,0.050172985531389706,0.3098695576190949,0.04685422033071514,0.10918140411376942,0.08860501274466515,0.05589622259140026,0.06297206133604048,0.4615119993686675,0.03062956873327494,0.4755308926105501,0.19951656460762024,-0.013877511024474987,0.2257538177073002,0.031605124473571666,0.0637094378471375,0.11480104923248291,0.00991788506507868,0.10314059257507335
1656268487.png,0.10958394361659884,-0.09964135289192194,0.017207741737365723,-0.042397707700729426,-0.021601147949695587,-0.06307825446128851,-0.03774333000183108,-0.02020585536956787,-0.09181312844157219,-0.07052627950906754,0.03363906545564532,-0.0015667974948883057,-0.03363906545564532,0.0015667974948882502,0.05931043624877931,0.29311588406562805,0.053521591238677495,0.3467330634593964,0.07195366173982616,0.11298203468322743,0.1003349609673023,0.030560553073883168,0.07679835706949234,0.47582945227622997,0.051784227602183826,0.5113842189311983,0.2087909430265426,-0.018038809299469105,0.24421736225485796,0.00992554426193204,0.057863235473632924,0.09741157293319702,0.02014219760894781,0.03250396251678489
1656268488.png,0.10770698357373473,-0.11077046394348139,0.01835958659648898,-0.040895506739616394,-0.020580492913722964,-0.06329330801963803,-0.035840883851051344,-0.01584526896476751,-0.09166345372796059,-0.07207884639501574,0.030167710967361924,-0.006975412368774414,-0.030167710967361924,0.006975412368774414,0.06032854318618772,0.28902158141136186,0.049535633996129036,0.3309242427349091,0.07338764518499377,0.11237347126007058,0.10010911524295807,0.015935182571411133,0.07932107895612717,0.4713094532489778,0.049275768920779235,0.4952263534069062,0.20850269496440887,0.007143557071685458,0.24065645411610598,0.011544585227966309,0.05654346942901611,0.04892754554748546,0.03849893808364874,0.028361320495605247
1656268489.png,0.10903737973421812,-0.1062878966331482,0.01623597741127014,-0.04112841188907626,-0.023658119142055525,-0.06363698840141299,-0.03848867118358611,-0.020323351025581304,-0.09155194088816641,-0.07545866817235945,0.030620365403592587,-0.009775042533874512,-0.030620365403592587,0.009775042533874456,0.051175314933061614,0.2928905785083771,0.048426674678921706,0.33091202378273027,0.07059615105390545,0.11441099643707264,0.11054705828428268,0.026973664760589267,0.08028882369399071,0.47866782546043407,0.04913261719048023,0.4976364672183991,0.21844270825386053,-0.01776617765426658,0.25272323936223984,0.026799380779266246,0.061588078737258856,0.09400242567062389,0.04188370704650879,0.03658151626586925
1656268490.png,0.10713852616026998,-0.0945940911769867,0.01771189272403717,-0.043503731489181546,-0.021601751446723952,-0.06385593116283414,-0.03671465814113618,-0.018632248044013977,-0.09113017469644545,-0.07159217447042468,0.0331994411535561,-0.0034331679344177246,-0.0331994411535561,0.003433167934417669,0.04908327758312227,0.2785987854003905,0.052426640875637524,0.3284019231796264,0.056853145360946655,0.11022192239761364,0.1003006137907505,0.048867881298065186,0.06697988510131835,0.4600185751914979,0.04226203355938196,0.4932373762130737,0.20605932176113131,0.0038604736328125,0.22537489980459213,0.029875457286834717,0.04146534204483032,0.09598028659820546,0.013462692499160767,0.08825325965881348
1656268491.png,0.11109828483313322,-0.09672032296657562,0.015798002481460544,-0.04010359942913061,-0.02335324883461,-0.061522051692009,-0.03668200969696042,-0.0211088955402374,-0.0903540328145027,-0.07297112047672268,0.03272670041769742,-0.002660617232322693,-0.03272670041769742,0.002660617232322693,0.052794687449932126,0.2797015905380249,0.051940253004431725,0.3315059244632721,0.06556377559900285,0.13166671991348255,0.1004854142665863,0.032036781311035156,0.07895223796367647,0.47867578268051125,0.05426565371453763,0.49405691027641285,0.20800553262233734,-0.0164118409156796,0.22912870347499847,0.013287007808685414,0.055239677429199274,0.07171124219894409,0.04624819755554199,0.045992791652679554
1656268492.png,0.11479449039325118,-0.09656473994255066,0.01736368238925934,-0.042602524161338806,-0.021327227354049696,-0.06458707153797155,-0.032341957092285156,-0.018771976232528687,-0.0913112312555313,-0.07295019924640653,0.028285977896302935,-0.0023202002048491877,-0.028285977896302935,0.002320200204849243,0.06881386041641235,0.29525467753410334,0.05989425908774138,0.3491678535938264,0.06147554516792296,0.0915062427520752,0.09329833090305328,0.027293503284454235,0.07694764435291288,0.47748914361000055,0.0430320193991065,0.4923289120197295,0.2051808536052704,-0.015132963657379261,0.22452814504504198,0.030774354934692494,0.018991708755493164,-0.038852691650390514,0.015026688575744684,0.0617275834083556
1656268493.png,0.11253325408324596,-0.10778282582759852,0.016167730093002347,-0.042392462491989163,-0.020352482795715318,-0.06418046355247506,-0.040981389582157135,-0.020574644207954407,-0.09449192136526106,-0.07159361988306044,0.030358636286109686,-0.008148834109306335,-0.030358636286109686,0.008148834109306335,0.05006318911910057,0.29085633158683777,0.05589115526527167,0.3467567563056947,0.07348562031984326,0.08663743734359741,0.10536430031061172,0.007143974304199108,0.08036132529377937,0.49201276898384105,0.050002946518361575,0.4942525625228883,0.20804305374622345,-0.03173089027404796,0.24117613583803177,0.014388561248779075,0.005320101976394709,-0.04203915596008312,0.03680682182312012,0.027708709239959828
1656268494.png,0.10612363461405042,-0.09737648069858551,0.015051215887069702,-0.041037201881408664,-0.021588906645774855,-0.06154994666576383,-0.03401902318000796,-0.019576787948608426,-0.08914770744740964,-0.0636493712663651,0.032739886082708836,-0.002888068556785528,-0.032739886082708836,0.002888068556785528,0.05844855308532715,0.2806805074214935,0.05098721571266652,0.3114451169967651,0.04705817997455594,0.08438873291015636,0.10134661197662354,0.047862231731414795,0.05477121472358705,0.45655873417854304,0.032446762546896935,0.4716989398002626,0.2124672681093216,-0.011277794837951771,0.20720886811614037,0.037070393562316784,0.02542772889137268,-0.02275133132934548,0.025166049599647466,0.07863569259643532
1656268495.png,0.10988125717267394,-0.10067889094352722,0.01615600287914276,-0.039600610733032254,-0.02282252907752992,-0.0611684322357178,-0.03233252465724942,-0.017832711338996915,-0.08700724132359026,-0.06896691769361493,0.02740093832835555,-0.0014588087797164917,-0.02740093832835555,0.0014588087797164362,0.07108895480632782,0.28343647718429565,0.05167289357632399,0.33165296912193315,0.059050939977169065,0.1013338565826416,0.10173231363296506,0.028721451759338268,0.06397129595279695,0.4588834047317505,0.04202588927000761,0.49331304430961603,0.20965003222227097,0.005917727947234996,0.22508225589990616,0.030208468437194935,0.029633373022079468,-0.06115591526031494,-0.0024476349353790283,0.08844232559204102
1656268496.png,0.10873317904770374,-0.10175351798534388,0.0183231383562088,-0.03961119055747983,-0.0220695361495018,-0.06189712882041934,-0.031526364386081696,-0.017930105328559875,-0.08692756853997707,-0.07020302116870879,0.02782872505486011,-0.0018594861030578613,-0.02782872505486011,0.0018594861030578613,0.06952034682035446,0.29528793692588823,0.05142645910382271,0.33291140198707586,0.06000090390443805,0.11439591646194458,0.10255979001522064,0.029507160186767578,0.07498444616794586,0.47844150662422186,0.04235691577196122,0.4930326640605927,0.19697004556655878,-0.011433839797973744,0.22350780293345446,0.03057241439819336,0.030665040016174372,-0.044277310371398926,-0.02803879976272572,0.11216616630554199
1656268497.png,0.10922914557158944,-0.10021640360355383,0.018580630421638517,-0.041317507624626104,-0.02102158218622209,-0.0631922632455825,-0.036170363426208454,-0.016002386808395358,-0.09149358794093126,-0.07249050587415697,0.03222804702818394,-0.0008751004934310913,-0.03222804702818394,0.0008751004934310913,0.05172281339764595,0.29237550497055065,0.05431249737739563,0.348497599363327,0.0703963190317154,0.1385706067085264,0.09998982399702072,0.03157842159271229,0.07897794619202614,0.4750513434410094,0.05206070095300674,0.5114174783229829,0.20845116674900055,0.0066460371017457165,0.22943571209907526,0.02956211566925049,0.05856868624687195,0.07253217697143555,0.03417769074440008,0.0386221408843993
1656268498.png,0.10789856826886535,-0.10405850410461426,0.015939801931381253,-0.04144425690174108,-0.02434597909450531,-0.062066465616226224,-0.03694302588701248,-0.02254736423492426,-0.08998540788888931,-0.07151506096124645,0.03154425835236907,-0.011176764965057373,-0.03154425835236907,0.011176764965057318,0.0512827858328819,0.29225000739097595,0.04776814859360457,0.3293630778789521,0.06605414301157003,0.09542262554168701,0.10099945217370987,0.03116464614868164,0.0784114450216293,0.47892507910728443,0.05022985767573118,0.4785914123058321,0.21892462670803078,-0.013882160186767356,0.2540506422519684,0.028024375438689964,0.06173720955848688,0.09390509128570534,0.039447635412216187,0.05515795946121216
1656268499.png,0.1091549820266664,-0.09422621130943304,0.017152637243270874,-0.042982891201972906,-0.021769307553768144,-0.06371469795703882,-0.03471748530864717,-0.022981837391853333,-0.08919117972254755,-0.06808576732873917,0.034055849071592086,-0.0034414827823638916,-0.034055849071592086,0.0034414827823638916,0.05582851916551593,0.2802191674709319,0.05182119738310574,0.3271212875843049,0.04685914516448973,0.11002588272094749,0.086109422147274,0.05608069896697987,0.051893398165702834,0.45995596051216103,0.032796471379697316,0.4732636511325835,0.21261820942163467,-0.014341175556182528,0.20848745480179784,0.05099254846572909,0.027057021856307983,-0.01923203468322776,0.025667220354080172,0.08559250831603982
1656268500.png,0.12598604382947087,-0.20503956079483032,-0.0262155681848526,-0.04539968818426131,-0.02969340980052948,-0.051187194883823395,-0.10980971157550812,0.022675789892673506,-0.10968776233494282,0.033346034586429596,0.03431154461577535,-0.011341005563735962,-0.03431154461577535,0.011341005563735906,0.055832259356975555,0.30527159571647644,0.053075664676725864,0.3780346810817719,0.11563202738761902,0.07394701242446888,0.13787468522787094,-0.0035788416862488903,0.061776168644428225,0.5730859935283658,0.06434428784996271,0.6141438186168673,0.22528655827045432,-0.19643682241439808,0.3488482385873795,-0.023994565010071023,0.16140860319137584,-0.10133153200149503,0.06405580043792708,-0.09370797872543324
1656268501.png,0.1260184186976403,-0.21182429790496826,-0.029699817299842834,-0.04626767337322235,-0.03457935154438016,-0.04845087230205536,-0.09831318631768227,0.031130433082580566,-0.10835978016257289,0.035198286175727844,0.037265441147610545,-0.011847779154777527,-0.037265441147610545,0.011847779154777527,0.05057147890329361,0.3198551535606384,0.05332483490929007,0.39588186144828796,0.11503510177135468,0.06230229139327992,0.1509519852697849,0.0030263662338257946,0.06807769089937213,0.5745777487754822,0.0647831461392343,0.6124751865863799,0.32929253578186035,-0.03325092792510986,0.34966659545898426,-0.020184218883514404,0.0923409759998321,-0.028117358684539906,0.06511878967285173,-0.0999305248260497
1656268502.png,0.12442967714741826,-0.2141218185424804,-0.03018350899219513,-0.045975081622600555,-0.03591322898864746,-0.048554711043834686,-0.09625724703073502,0.03417322784662247,-0.10748174414038658,0.0386330708861351,0.037347171921283,-0.0118304044008255,-0.037347171921283,0.0118304044008255,0.05245594680309294,0.2950114607810976,0.05154641810804605,0.37936696410179144,0.12966319918632505,0.08517944812774647,0.15269285440444944,-0.0049874186515808105,0.05745056271553038,0.5757598280906677,0.05066819954663516,0.6174293458461761,0.37395794689655304,-0.03426837921142578,0.37874144688248634,-0.023422658443450595,0.03026258945465088,-0.25756537914276134,0.06724199652671803,-0.0990482568740848
1656268503.png,0.12522331136278808,-0.21914984285831451,-0.03017592430114746,-0.04667539894580841,-0.0351225882768631,-0.0495595484972,-0.10918011888861656,0.031608328223228455,-0.10940757021307945,0.0386189967393875,0.03761145728640259,-0.006078600883483942,-0.03761145728640259,0.006078600883483887,0.06003440916538237,0.30849036574363714,0.053482537623494864,0.39549198746681213,0.10684660077095026,0.08571505546569824,0.13742777705192566,0.003632664680480846,0.06846146285533904,0.5809553563594818,0.06615412002429365,0.612465888261795,0.3065145760774613,-0.23370450735092163,0.3648120835423469,-0.020488500595092662,0.07042953372001642,-0.0823349952697755,0.0811020433902741,-0.12172222137451172
1656268504.png,0.12889920873567468,-0.16290925443172455,-0.011015102267265348,-0.0459532141685486,-0.030374184250831632,-0.05392471700906755,-0.0921144708991051,0.0003546103835105896,-0.1177130937576294,0.005804456770420088,0.07545714778825639,-0.015244677662849426,-0.07545714778825639,0.01524467766284937,0.04845267534255987,0.12662523984909063,0.04674396570771933,0.3552414774894715,0.07230176031589505,0.008384525775909368,0.012872848659753779,-0.10519409179687511,0.0120283514261246,0.5341838300228119,0.019922017119824886,0.558846712112427,0.19353625178337097,-0.06303238868713368,0.21535459160804746,-0.06941646337509166,-0.0025729835033417303,0.05774575471878041,0.021315187215805026,0.05652111768722534
1656268505.png,0.15449001640081408,-0.08956903219223022,-0.004399538040161133,-0.030759930610656794,-0.011100322008132879,-0.03837454319000244,-0.0747347474098205,-0.028059244155883706,-0.07621471583843237,-0.03320212662220001,0.08806585520505902,0.07124236226081848,-0.08806585520505902,-0.07124236226081848,0.08508783578872686,0.16649481654167175,-0.08141815289855003,0.1805552244186402,0.007659941911697388,-0.22329524159431452,-0.01341988705098629,-0.036316812038421686,-0.1640454307198524,0.394118756055832,-0.0690639428794384,0.5166853964328766,0.3213335350155831,-0.1909194588661196,-0.003434665501117703,-0.2056085467338561,0.18559131026268,0.0066779255867005505,0.1668142713606357,0.006495475769042858
1656268506.png,0.15251816064119342,-0.05881260335445404,-0.0040491521358489435,-0.03451836109161377,-0.005482882261276301,-0.03832027316093439,-0.06475558876991278,-0.032377690076827975,-0.06744909286499018,-0.026261880993843106,0.06860239058732984,0.07873503863811493,-0.06860239058732984,-0.07873503863811498,0.06642326712608343,0.14931714534759521,-0.11464252322912216,0.2999872267246247,0.06845125555992126,-0.20618358254432673,0.3821029141545295,-0.21259358525276184,-0.17510597407817835,0.316292405128479,-0.14209121651947498,0.39536854624748236,0.41024644672870625,-0.1349775791168213,0.015139279887080193,-0.09066015481948853,0.08520990610122692,0.0018416047096252441,-0.009477023035287857,-0.006700038909912109
1656268507.png,0.14089018106460566,-0.06001470983028406,0.00019940733909618036,-0.026775300502777155,-0.004757165908813421,-0.0339499711990357,-0.05759105086326605,-0.025480151176452637,-0.058347493410110474,-0.026524186134338434,0.06096175312995905,0.08388303220272064,-0.060961753129959106,-0.08388303220272064,0.043624609708786066,0.1429017186164856,-0.10534465312957762,0.36206838488578796,0.0669767558574677,-0.21219506859779358,-0.0716509409248829,-0.15758979320526117,-0.21631544083356852,0.2664927840232848,-0.17723600659519434,0.39504650235176086,0.22859912365674973,0.019871532917022705,0.16741308663040397,-0.0008876919746398926,-0.3306155353784561,-0.19998973608016946,-0.017385885119438144,0.1045510172843932
1656268508.png,0.11209513247013092,-0.00041428208351135254,-0.002390921115875355,-0.04211440682411194,-0.012141615152358953,-0.038004070520401,-0.06031301617622359,-0.026439636945724432,-0.06521064043045055,-0.031376332044601385,0.06847260892391205,0.043996512889862116,-0.06847260892391205,-0.04399651288986206,0.02563947439193731,0.2125874459743498,0.19429373741149902,0.12223044037818909,0.09472081065177901,-0.03572744131088246,0.15952587127685547,0.059775203466415405,-0.09187252819538119,0.33849850296974177,-0.05515660345554352,0.4238596260547638,0.17575787007808683,-0.14195388555526733,0.20888142287731165,-0.31169858574867254,0.14105659723281866,-0.06076061725616455,0.003603994846343994,0.16786155104637152
1656268509.png,0.11781496554613119,-0.0396789014339447,-0.00611400604248058,-0.03944858908653259,-0.01020568609237682,-0.04039996862411499,-0.0666033625602721,-0.016295224428176824,-0.06691753864288325,-0.02073049545288086,0.07309890538454056,0.06510379910469055,-0.07309890538454056,-0.0651037991046905,0.009743809700012152,0.19125095009803772,0.18512223660945892,0.0892463326454162,0.08701565861701971,-0.012507736682891846,0.14346128702163685,0.08597385883331293,-0.10272881388664248,0.35919347405433666,-0.06872269511222841,0.48014977574348455,0.21713206171989444,-0.1777005195617677,0.2085427194833756,-0.195529043674469,0.03641650080680853,-0.02037358283996582,0.1887261271476745,-0.10053741931915294
1656268510.png,0.14047650992870325,-0.05970381200313574,0.00919303297996521,-0.02941060066223139,-0.01607266068458546,-0.0383087694644928,-0.036656528711318914,-0.01770611107349393,-0.08488473296165472,-0.03976845741271964,0.09388662874698639,0.05260433256626135,-0.09388662874698639,-0.05260433256626129,0.06788134574890142,0.19157937169075007,-0.03516492992639543,0.21924060583114624,0.04108789563179005,-0.22922688722610485,-0.03551699779927729,-0.127809226512909,-0.13875286281108856,0.361891895532608,-0.08882355503737926,0.44124174118042014,0.23941765725612646,-0.09697914123535156,0.19752670638263228,-0.05951923131942771,0.21819511055946345,-0.048935115337371715,0.004026129841804477,0.13124251365661632
1656268511.png,0.15341732278466225,-0.0824623554944992,0.0011834800243377686,-0.03106197714805603,-0.016575485467910767,-0.04090099036693573,-0.06353875994682306,-0.021969199180603,-0.08877241611480716,-0.03719651699066162,0.10486325994133949,0.050333365797996577,-0.10486325994133949,-0.05033336579799652,0.06491661071777344,0.20259547233581537,-0.05952639505267143,0.2602793872356415,0.03167030215263367,-0.2325964868068695,-0.022539665922522545,-0.12809491157531738,-0.13996163010597232,0.41470235586166365,-0.0683618001639843,0.4901794493198396,0.29047083854675293,-0.1289980411529541,0.22025789692997938,-0.07886689901351929,0.16220536828041082,-0.05867761373519875,-0.007573723793029868,0.14126300811767567
1656268512.png,0.14684145152568812,-0.0898745059967041,0.0017834901809692938,-0.03259530663490287,-0.020474672317504827,-0.038788303732871954,-0.05231627821922302,-0.011799097061157227,-0.08808043599128726,-0.033975481986999484,0.1035306304693222,0.05199223756790161,-0.10353063046932222,-0.05199223756790161,0.06760662794113159,0.19804689288139338,-0.06471596844494341,0.2620839178562165,0.029074430465698242,-0.2307517230510711,0.002946743741631506,-0.1819757223129272,-0.1213984936475754,0.4105487763881685,-0.06398929469287394,0.4918628633022309,0.27859891951084137,-0.11777007579803478,0.20611612312495708,-0.11844730377197277,0.16287294030189514,-0.0666666030883789,0.024265155196189797,0.15804433822631836
1656268513.png,0.14436738565564156,-0.05296634137630457,0.00915566086769104,-0.035060614347458,-0.015511363744735773,-0.0441714227199555,-0.046520888805389404,-0.027744159102439825,-0.08836656808853144,-0.05237534642219541,0.1005575843155384,0.04982779920101171,-0.10055758431553839,-0.04982779920101166,0.06487783789634705,0.2001503407955169,-0.043822310864925405,0.2580711245536804,0.02211549878120428,-0.23463228344917292,-0.04818671196699142,-0.13165405392646784,-0.14458666741847992,0.39142331480979914,-0.08102664165198804,0.4646678566932678,0.24398164451122278,-0.09407931566238403,-0.012335397070273757,-0.1672227382659911,0.2139523029327393,-0.06890791654586792,0.18814447312615812,0.2475842237472532
1656268514.png,0.14633630961179733,-0.05543746054172516,0.008531302213668879,-0.03411340713500982,-0.016094237565994263,-0.04185649752616882,-0.04664745926857,-0.026596114039421,-0.08668556809425351,-0.05074875056743622,0.10101776570081711,0.050773993134498596,-0.10101776570081708,-0.050773993134498596,0.06461676955223078,0.19771337509155273,-0.04257848113775257,0.25617775321006775,0.024085968732833918,-0.23332917690277094,-0.0490566911175847,-0.12943467497825623,-0.1592075824737549,0.3896964192390441,-0.09078871342353526,0.4482763111591339,0.27132779359817505,-0.1167093515396117,-0.001802232582122087,-0.15145188570022594,0.20170018076896673,-0.0444907546043396,0.21032561664469537,0.29673278331756603
1656268515.png,0.14679639413952822,-0.057000830769538935,0.006381541490554865,-0.03371062874793995,-0.015157997608184759,-0.04049777984619135,-0.052944034337997437,-0.02968311309814456,-0.08333259820938116,-0.04959145188331607,0.10002442076802254,0.052659884095191956,-0.10002442076802255,-0.05265988409519201,0.06526714563369751,0.19274038076400757,-0.03109807893633841,0.24043616652488714,0.024892926216125433,-0.23405835032463068,-0.042968496680259705,-0.14770087599754333,-0.14631235599517822,0.4021593928337097,-0.08211571909487246,0.47956314682960516,0.2443048059940338,-0.11045038700103771,-0.012541530421003696,-0.1815086007118225,-0.22327953577041626,0.26381397247314453,0.18668466783128682,0.27347123622894287
1656268516.png,0.14695240184664726,-0.058042645454406794,0.0070891678333281916,-0.035233139991760254,-0.01625883579254156,-0.04203107953071583,-0.05064219236373896,-0.02735419571399686,-0.08596923947334284,-0.05015592277050024,0.1012028269469738,0.05097576975822443,-0.10120282694697383,-0.05097576975822449,0.06354558467864985,0.19548591971397405,-0.04491376876831052,0.2544952929019929,0.02467009425163269,-0.23543152213096624,-0.047510191798210144,-0.1305829584598543,-0.14590278267860413,0.40434131026268,-0.080605280585587,0.4792834818363191,0.24319559335708618,-0.11260008811950672,-0.013708177255466579,-0.18367022275924694,0.2125503420829773,-0.07613563537597656,0.1899187492672354,0.24774271249771118
1656268517.png,0.15306476503610617,-0.05831919610500336,0.005280911922454723,-0.03768408298492437,-0.01615518331527721,-0.04459574818611142,-0.06052938103675831,-0.02935209870338437,-0.09043149650096885,-0.04757320880889898,0.10358849912881851,0.049352422356605585,-0.10358849912881853,-0.04935242235660553,0.06600949168205261,0.20166793465614313,-0.038249909877777086,0.2623317837715149,0.022517830133438055,-0.23789885640144343,-0.04606467764824629,-0.13601654767990107,-0.1252855509519577,0.4117272198200225,-0.06923350412398575,0.5035691261291504,0.2591311484575271,-0.08809101581573486,0.20728569943457842,-0.07130533456802368,-0.27168704569339747,0.2369258403778075,-0.021640196442604037,0.13935095071792591
1656268518.png,0.15312477573752406,-0.054612040519714355,0.006331562995910589,-0.038065642118454035,-0.017287909984588623,-0.04469835758209231,-0.051217526197433416,-0.025113686919212286,-0.08982199430465701,-0.05006647109985346,0.1037054322659969,0.0505850613117218,-0.1037054322659969,-0.050585061311721746,0.06689038872718811,0.19975349307060253,-0.03701961785554886,0.2606330215930938,0.022460401058197133,-0.23864588141441356,-0.04753179755061865,-0.13298889994621282,-0.12858675420284266,0.4069949686527252,-0.0719215627759695,0.4847324192523956,0.24493528902530665,-0.10642778873443604,0.19496646337211135,-0.0752568244934082,-0.23688882589340204,0.26071691513061535,-0.00793114304542547,0.1630726456642151
1656268519.png,0.14804844930768007,-0.052710473537445124,0.00945109128952032,-0.03668192028999323,-0.01585611701011652,-0.04420873522758478,-0.04695555567741394,-0.02716295421123502,-0.08622944355010986,-0.05310662090778351,0.10329588130116463,0.05279460549354548,-0.10329588130116464,-0.05279460549354553,0.06690886616706848,0.19537809491157537,-0.03800984099507331,0.2605176270008086,0.024262726306915283,-0.2392857968807221,-0.0475196111947298,-0.13355869054794295,-0.12918041646480563,0.40275177359581,-0.072424853220582,0.4838712513446808,0.2455827742815018,-0.1099482774734496,0.1944545526057482,-0.07643383741378795,0.19742244482040394,-0.07332968711853038,-0.008849456906318692,0.16154628992080688
1656268520.png,0.15042676031589508,-0.05736318230628973,0.006138294935226385,-0.03846022486686701,-0.016838282346725464,-0.04431574046611789,-0.05266398191452021,-0.02445934712886813,-0.089724600315094,-0.04873132705688474,0.10121254622936249,0.04816246032714844,-0.1012125462293625,-0.04816246032714844,0.06558451056480402,0.19982686638832087,-0.04345815628767013,0.2569579184055328,0.022776335477829035,-0.23825415968894964,-0.046881515532732,-0.13432115316390997,-0.13124072551727295,0.4064707458019255,-0.07835714332759379,0.4794762432575225,0.24692079424858088,-0.10773128271102894,0.19634157232940194,-0.07541972398757935,0.19711941480636602,-0.0735243558883667,-0.008165672421455356,0.15922778844833363
1656268521.png,0.15164150297641749,-0.06080767512321478,0.005496472120285034,-0.037434548139572144,-0.016782879829406683,-0.04437467455863944,-0.05893999338150019,-0.028920099139213507,-0.08980959653854373,-0.04764425754547125,0.10136957466602325,0.04761892557144165,-0.10136957466602327,-0.04761892557144165,0.06603491306304932,0.20091038942337036,-0.044245146214962,0.25787264108657837,0.02287733554840088,-0.2387634813785553,-0.04476470034569501,-0.13550108671188366,-0.12686923146247867,0.4104717969894409,-0.0735846385359764,0.4981393814086913,0.25999167561531067,-0.08597522974014282,0.20828513056039813,-0.06913846731185891,-0.2702271193265915,0.23725485801696766,-0.010972157120704679,0.1386393904685973
1656268522.png,0.15091275423765188,-0.06153017282485962,0.005309551954269298,-0.038260817527770996,-0.01692050695419317,-0.04388181865215307,-0.053630679845809937,-0.02354387938976285,-0.0905198752880097,-0.04813548922538752,0.10031550377607346,0.05033665895462025,-0.10031550377607346,-0.050336658954620306,0.06626823544502258,0.1969173848628999,-0.07861290778964758,0.25230094790458674,0.02231967449188227,-0.24021488428115845,0.0046258037909865345,-0.18141517043113708,-0.1268060356378555,0.4038614332675935,-0.06777504459023476,0.4823401272296903,0.26160280406475067,-0.10552477836608887,0.1844121105968952,-0.07774537801742532,0.17997869849205012,-0.0757177472114563,-0.007326558232307406,0.16305756568908691
1656268523.png,0.1501221172511577,-0.05636100471019745,0.006166011095047053,-0.036261945962905884,-0.01640304923057556,-0.0425514280796051,-0.05407494306564331,-0.027002885937690735,-0.08775094151496882,-0.05064554512500766,0.10098807141184807,0.04783661663532257,-0.10098807141184808,-0.047836616635322626,0.06697663664817805,0.20011803507804882,-0.03102636709809302,0.25747925043106085,0.022571682929992676,-0.2404020130634309,-0.058752632699906826,-0.13540008664131165,-0.12749139964580536,0.40645065903663635,-0.07671735063195227,0.47834151983261125,0.2616354078054428,-0.10211127996444702,0.19460467621684074,-0.07291609048843406,-0.2577502578496933,0.2543146014213563,-0.00947175920009613,0.16386371850967396
1656268524.png,0.14730256423354143,-0.055275872349739075,0.007591277360916138,-0.03751558065414434,-0.016761481761932318,-0.04361256957054138,-0.0507082045078277,-0.02584798634052274,-0.08873973786830897,-0.05120854079723361,0.10073181614279747,0.04831476509571081,-0.10073181614279746,-0.04831476509571081,0.06710076332092285,0.20129793882369978,-0.04336537420749666,0.2583319246768951,0.02093523740768427,-0.24036642909049977,-0.0469559608027339,-0.13474473357200606,-0.1254718154668808,0.41000431776046725,-0.06445828266441823,0.5019005835056305,0.25968699157238,-0.08594501018524159,0.19755440391600135,-0.07079410552978527,0.17897683382034307,-0.09904891252517689,-0.011556938290596008,0.15822488069534324
1656268525.png,0.14890595898032188,-0.05921751260757452,0.00688210129737854,-0.0362380445003509,-0.01692637801170349,-0.043017119169235174,-0.051812589168548584,-0.025894686579704285,-0.0881792604923248,-0.049549981951713534,0.10044505819678307,0.050842881202697754,-0.10044505819678307,-0.050842881202697754,0.06762492656707764,0.19467714428901672,-0.04311733320355415,0.2560502588748932,0.021556884050369318,-0.2389695048332215,-0.047934023663401604,-0.1341936290264129,-0.12815845012664795,0.4011082947254181,-0.07768870610743761,0.47953131794929504,0.24463355541229254,-0.10542166233062744,0.19437659252434963,-0.07509386539459229,0.19844013452529902,-0.07732206583023071,-0.007916748523712103,0.1609155535697938
1656268526.png,0.1514356769621373,-0.0537276566028595,0.007210880517959539,-0.035826086997985784,-0.0168914794921875,-0.04273766279220581,-0.05079203844070429,-0.026980563998222407,-0.08797684311866766,-0.0516296923160553,0.1037473417818546,0.050727397203445435,-0.10374734178185462,-0.050727397203445435,0.06730526685714727,0.19829824566841125,-0.03800436109304427,0.2607382833957671,0.021766513586044367,-0.237967997789383,-0.046746060252189636,-0.13357463479042048,-0.12753370404243466,0.4051549732685089,-0.07237848639488219,0.4826180040836332,0.26030510663986206,-0.10449445247650146,0.19569116085767743,-0.07461553812026944,0.18197828531265264,-0.07917392253875732,0.005210176110267639,0.1622126102447511
1656268527.png,0.15109670534729952,-0.0566509366035462,0.007167190313339233,-0.03612414002418518,-0.01670902967452992,-0.04307901859283442,-0.05117776989936823,-0.0273820608854293,-0.08726887404918679,-0.05178248882293701,0.10265630856156349,0.05327564477920532,-0.10265630856156349,-0.05327564477920532,0.06721952557563787,0.19314271211624134,-0.03972813487052917,0.2602629065513611,0.022060185670852606,-0.23770460486412032,-0.046455143019557006,-0.1340759098529815,-0.12887178361415863,0.40069848299026467,-0.0719703696668148,0.48275119066238414,0.2639916688203811,-0.0876842141151426,0.1935480274260044,-0.05017375946044944,0.18009024858474737,-0.09544461965560924,-0.008993253111839294,0.13698339462280285
1656268528.png,0.1512659341096879,-0.059582889080047496,0.005823165178298839,-0.03655660152435303,-0.017258495092391968,-0.04388268291950234,-0.05389761924743641,-0.02523799240589139,-0.09070035815238958,-0.0483898818492888,0.09996940195560453,0.050520867109298706,-0.09996940195560453,-0.05052086710929865,0.06692549586296087,0.19457182288169872,-0.04555000364780426,0.25706335902214056,0.022266477346420288,-0.23817697167396545,-0.04600607696920633,-0.13511472940444946,-0.12893159687519065,0.40229472517967224,-0.07941665127873421,0.479245036840439,0.2630641907453537,-0.10485810041427601,0.1959371007978916,-0.0772155523300172,0.18139660358428955,-0.07605528831481945,-0.008349314332008334,0.16471493244171131
1656268529.png,0.1516806744039059,-0.055300444364547674,0.0072772204875946045,-0.03564023971557623,-0.01707747578620905,-0.04269224405288702,-0.04930242896080017,-0.02461114525794983,-0.08910161256790161,-0.05034269392490387,0.10308801755309102,0.05086341500282282,-0.10308801755309104,-0.05086341500282282,0.06644126772880554,0.1984125673770905,-0.0395468696951866,0.2592611610889434,0.023148894309997614,-0.23830252885818481,-0.046354119665920734,-0.13269361853599548,-0.12997488677501676,0.4041526019573211,-0.07455684896558522,0.4820775687694549,0.2452598959207535,-0.10452443361282349,0.19556726422160867,-0.07326292991638184,0.20109763741493225,-0.07746386528015126,-0.00813201069831851,0.16600668430328358
1656268530.png,0.1498764008283616,-0.058938667178153936,0.006893128156661932,-0.03614696860313421,-0.01660090684890758,-0.043087646365165766,-0.05076050758361822,-0.025348812341690063,-0.09115019440650932,-0.049634888768196106,0.10036881268024442,0.05033068358898163,-0.10036881268024442,-0.050330683588981684,0.06589981913566595,0.19527360796928406,-0.04371252655982971,0.2569140791893005,0.024211525917053278,-0.23677155375480652,-0.04797176830470562,-0.1338608860969543,-0.14196489751338953,0.4038650095462799,-0.08086162805557251,0.47726291418075567,0.2574501484632492,-0.10901206731796265,-0.01358697912655771,-0.18278998136520386,0.20013582706451427,-0.07529097795486439,0.19009151658974588,0.251217544078827
1656268531.png,0.14945266395807272,-0.059332206845283564,0.006846398115158081,-0.036123871803283636,-0.016865998506546076,-0.04291850328445429,-0.05146214365959173,-0.025077447295188876,-0.09021404385566709,-0.049559369683265686,0.09973100572824478,0.05187402665615076,-0.09973100572824481,-0.05187402665615082,0.06725332140922546,0.19373306632041937,-0.07047273218631742,0.25536757707595825,0.02259057760238642,-0.2390284240245819,-0.021484397351741787,-0.13262504339218134,-0.1422257125377655,0.38453742861747736,-0.08298254571855065,0.4610050320625305,0.2922427058219909,-0.11214345693588246,-0.012433230876922607,-0.16670751571655273,0.16608026623725908,-0.05262559652328491,0.24270256422460076,0.32905590534210205
1656268532.png,0.14870360866189003,-0.056242197751998846,0.0065931677818298895,-0.035914301872253473,-0.01637312769889837,-0.042807370424270685,-0.05382984876632696,-0.02629292011260992,-0.0890683382749557,-0.050029605627059964,0.09978589788079262,0.04891562461853033,-0.09978589788079262,-0.04891562461853027,0.06612962484359747,0.1987509429454803,-0.04584324359893799,0.26008710265159607,0.023343801498413086,-0.23802131414413458,-0.028922198340296745,-0.18856936693191528,-0.12722748517990112,0.4048906266689299,-0.07801013626158237,0.479671150445938,0.26004308462142944,-0.08297175168991078,0.20899999327957627,-0.05158883333206166,0.18210476636886608,-0.10093826055526733,-0.010821342468261719,0.16344165802001942
1656268533.png,0.14907126128673553,-0.057232484221458435,0.006696850061416626,-0.035894125699997004,-0.01657915115356451,-0.04241201281547552,-0.05181443691253662,-0.025887116789817727,-0.08840811252593994,-0.05098254978656763,0.10049276053905487,0.048273071646690424,-0.10049276053905487,-0.04827307164669037,0.06640362739562988,0.19778570532798762,-0.04378665238618851,0.2548147439956665,0.02321928739547724,-0.23651939630508428,-0.04729904513806105,-0.13347449898719788,-0.12824225425720215,0.40551105141639693,-0.07789649814367294,0.4781479239463806,0.2605718672275543,-0.08438420295715332,0.19416419416666028,-0.0496848225593568,-0.2701922506093979,0.23808366060256958,-0.00907139480113986,0.13963967561721813
1656268534.png,0.15184928476810455,-0.060773715376854,0.005267351865768433,-0.03635382652282709,-0.017021596431732233,-0.04321849346160883,-0.054976791143417414,-0.024696871638298035,-0.0903867185115814,-0.04682135581970215,0.09965704381465912,0.04966078698635096,-0.0996570438146591,-0.04966078698635101,0.06725582480430597,0.19455751776695257,-0.03248966485261918,0.25639820098876953,0.023812025785446278,-0.23695451021194458,-0.05949652288109065,-0.13532045483589172,-0.14088618755340576,0.40415081381797796,-0.08076290693134071,0.4749612808227539,0.2749154567718506,-0.10856497287750244,0.21002408768981695,-0.07266217470169067,0.181804358959198,-0.07543396949768066,-0.010888785123825045,0.16737723350524913
1656268535.png,0.15192071720957756,-0.056033432483673096,0.006358206272125244,-0.036421775817871094,-0.016288965940475464,-0.043065786361694336,-0.05366605520248413,-0.026591584086418152,-0.08909150958061221,-0.05053505301475525,0.10230724141001701,0.0512162446975708,-0.10230724141001703,-0.0512162446975708,0.06746840476989746,0.19601204991340637,-0.06650717929005621,0.2577926218509673,0.022829800844192505,-0.23787790536880493,-0.01981606893241405,-0.1324003040790558,-0.1286609619855881,0.40483298897743236,-0.07355829514563082,0.48107317090034474,0.26331530511379253,-0.10745811462402355,0.20817730017006394,-0.07386070489883412,0.18146094679832453,-0.0755302906036377,-0.009484842419624329,0.16395384073257435
1656268536.png,0.1505181528627873,-0.05947592854499811,0.006000101566314697,-0.03660365939140331,-0.01696825027465826,-0.04343384504318243,-0.05333104729652405,-0.025395035743713296,-0.09036087989807123,-0.04905746877193448,0.09976670518517494,0.05123862624168396,-0.09976670518517491,-0.05123862624168396,0.06731814146041876,0.19373080134391796,-0.031843826174735995,0.25943633913993824,0.023976683616638184,-0.23880675435066234,-0.06001670379191637,-0.1366196572780608,-0.12773430347442621,0.40177342295646656,-0.07868876215070483,0.4802853763103484,0.24476391077041632,-0.10380220413208008,0.19270998146384954,-0.0751202106475829,-0.2394018769264222,0.2574561834335328,-0.006497025489807129,0.16584354639053334
1656268537.png,0.1533236727118492,-0.05871628224849701,0.005533725023269709,-0.035945773124694824,-0.01723071932792669,-0.04221950471401212,-0.05276757478713995,-0.024298980832099915,-0.08968754112720481,-0.04885062575340274,0.10254906862974167,0.051088318228721674,-0.10254906862974168,-0.05108831822872162,0.06690934300422663,0.1956267356872558,-0.026810165494680384,0.2603571116924286,0.02308726310729986,-0.23698970675468445,-0.059786627069115646,-0.13536524772644043,-0.1297658234834671,0.4019400477409362,-0.07518283370882271,0.47920915484428417,0.24688668549060816,-0.10709762573242188,-0.015051402151584625,-0.18242067098617565,0.1975070536136629,-0.0746769905090332,0.2006435552611947,0.27429431676864635
1656268538.png,0.15124535560607907,-0.05539265275001526,0.0068018436431884766,-0.036470890045166016,-0.016568541526794434,-0.042731642723083496,-0.052722603082656805,-0.026296243071556064,-0.08793620765209195,-0.05167733132839206,0.10247352719306949,0.0518822968006134,-0.10247352719306947,-0.0518822968006134,0.06731665134429926,0.1945650279521942,-0.026487197726964964,0.26053473353385925,0.023442268371582087,-0.23851892352104181,-0.059486400336027145,-0.13577052950859064,-0.1270150244235993,0.4016152322292328,-0.07359828613698484,0.480592042207718,0.26193305850028986,-0.10444068908691395,0.1940392162650823,-0.07242178916931163,0.18078196048736578,-0.07800650596618663,0.0044530928134919046,0.16205322742462158
1656268539.png,0.1508687511086464,-0.057762056589126476,0.006592690944671631,-0.03661128878593439,-0.017403334379196167,-0.04321062564849848,-0.05125364661216736,-0.025761991739273155,-0.08968053758144381,-0.05044682323932653,0.10022462159395218,0.048401713371276855,-0.10022462159395218,-0.0484017133712768,0.0673394501209259,0.19752737879753113,-0.04431098699569702,0.25544252991676325,0.02424588799476629,-0.2380482256412505,-0.046061660163104534,-0.1344614326953888,-0.12860895693302157,0.40565362572670005,-0.07887004502117634,0.4782316386699677,0.26338253915309906,-0.10469424724578869,0.1959500778466463,-0.07391357421875,0.1815495193004607,-0.07983410358428955,-0.00764067471027377,0.1613149046897887
1656268540.png,0.1540073044598102,-0.05893154442310339,0.005851387977600153,-0.03598451614379877,-0.017507344484329113,-0.04345317184925079,-0.05214369297027582,-0.02400444447994235,-0.09228840470314031,-0.0486643314361572,0.10280250385403633,0.05124436318874359,-0.10280250385403633,-0.05124436318874365,0.06712561845779419,0.1957016885280609,-0.0392535924911499,0.25945729017257696,0.02294102311134333,-0.2380633652210235,-0.04701156821101904,-0.13477268815040588,-0.12861183285713196,0.40177974104881276,-0.07528891507536173,0.4804260730743409,0.2446421086788178,-0.10735803842544545,0.19600506220012906,-0.07506418228149414,0.19964653253555292,-0.07433032989501953,-0.008881732821464594,0.16485857963562012
1656268541.png,0.15270613506436342,-0.06276641786098486,0.0062055885791779675,-0.03563219308853144,-0.016369163990020696,-0.04456542432308194,-0.06161531805992132,-0.028359100222587585,-0.09345610439777374,-0.04658305644989011,0.10351796820759773,0.052389249205589294,-0.10351796820759775,-0.05238924920558924,0.06675919890403742,0.19564312696456898,-0.07143049780279397,0.2576633989810943,0.019308418035507202,-0.23575025796890242,-0.012481831945478916,-0.1295677125453949,-0.1193291246891022,0.42545634508132923,-0.05416804179549216,0.5070170462131498,0.2686453461647035,-0.09889453649520874,0.19195601716637614,-0.04601931571960438,-0.28654265403747564,0.23272329568862926,-0.009018316864967374,0.1374201774597168
1656268542.png,0.08748795511201021,-0.10965791344642639,0.02395191788673398,-0.0320145636796951,-0.02096918225288391,-0.05985732376575473,-0.007056474685668862,-0.004932805895805414,-0.0810846537351608,-0.04433472454547882,0.11569838644936678,0.02659212052822113,-0.11569838644936681,-0.02659212052822113,0.11074483394622806,0.22607681155204773,0.008882396854460236,0.273855984210968,-0.07385158538818354,-0.19906440377235418,0.19647371768951413,-0.039610862731933594,-0.0037329494953154962,0.42628976702690125,0.04202726949006319,0.4931442141532898,0.2058960795402527,-0.0468977689743042,0.15121262148022652,-0.09993970394134521,0.042536765336990245,0.09497296810150158,-0.011662155389785822,0.19227975606918335
1656268543.png,0.08940750919282434,-0.09098346531391141,0.021670028567314148,-0.03449086844921115,-0.02064946293830866,-0.05635723471641543,-0.011431261897087097,-0.01782839000225067,-0.07989616692066193,-0.060450881719589206,0.11256434582173824,0.032490879297256414,-0.11256434582173824,-0.03249087929725647,0.11645793914794922,0.2246979176998139,-0.003531916067004204,0.317167192697525,-0.09367245435714727,-0.08441495895385742,0.13148456253111362,-0.027688324451446533,0.013823181390762274,0.4712024033069611,0.07823410257697105,0.5326015651226045,0.22179919481277466,0.03437310457229614,0.12665963172912592,0.0379507541656493,-0.0343649685382843,0.08075708150863636,0.04495768249034887,0.04521143436431874
1656268544.png,0.09356954414397484,-0.0925069004297257,0.02178260684013361,-0.03500211238861081,-0.021585896611213767,-0.05785362422466278,-0.008833840489387512,-0.017562583088874817,-0.0826984643936157,-0.05799347162246707,0.11215549428015947,0.03572548925876623,-0.11215549428015947,-0.03572548925876623,0.11719602346420288,0.21769002079963673,-0.005989866331219673,0.29990309476852417,-0.0926969945430755,-0.08229631185531627,0.12823959812521935,-0.008555471897125244,0.013889104127883911,0.46647533774375904,0.07548941858112813,0.5436351895332336,0.22053661942481984,0.03184586763381969,0.11429899185895918,0.024068713188171276,-0.03537535667419417,0.08075535297393766,0.04449482262134552,0.04900091886520441
1656268545.png,0.09179581236094236,-0.0913248360157013,0.022022962570190457,-0.03415890038013461,-0.020892858505249023,-0.05786471068859106,-0.0066648125648498535,-0.019162580370902987,-0.07996700704097748,-0.059983611106872475,0.110560099594295,0.03695559501647949,-0.110560099594295,-0.03695559501647955,0.11704459786415111,0.21793803572654724,-0.009279800578951825,0.3021335899829865,-0.09307193756103521,-0.0842842459678651,0.1278066374361515,-0.008251786231994629,0.012796103954315297,0.46509060263633717,0.0738906990736723,0.533777505159378,0.20492294430732716,0.03347486257553123,0.12641716748476028,0.034875214099884255,-0.016601413488388006,0.059987545013427734,0.0267467200756073,0.02532273530960072
1656268546.png,0.09407612681388852,-0.0902464091777801,0.021727532148361234,-0.0347479581832886,-0.01970459520816803,-0.0582326203584671,-0.008602589368820163,-0.020808503031730624,-0.07955726981163022,-0.060057222843170194,0.11097443103790283,0.03632670640945429,-0.11097443103790283,-0.03632670640945429,0.11787262558937073,0.21849861741066,-0.010683286935091019,0.302785187959671,-0.09149324893951416,-0.08858358860015891,0.12775734439492228,-0.003929555416107289,0.01668679714202881,0.4495120346546174,0.07548536360263824,0.5308126509189606,0.2163951992988586,0.02225673198699951,0.13884852826595306,-0.0016883015632630505,-0.033008426427841076,0.06591135263442982,0.03952166438102722,0.062348783016204945
1656268547.png,0.09483921341598034,-0.08897864818572998,0.02112688124179843,-0.03515489399433139,-0.019140288233757047,-0.05794346332550049,-0.00910206139087677,-0.021708726882934543,-0.07877048850059512,-0.06197364628314975,0.11292619816958907,0.03544333577156061,-0.11292619816958907,-0.03544333577156061,0.11488848924636835,0.21853002905845648,-0.008035670965909965,0.3027889430522918,-0.09312906861305237,-0.07902216911315918,0.13028448075056076,-0.009886384010315052,0.011733621358871404,0.4534722268581391,0.07604848220944405,0.5320276916027067,0.2017793059349059,0.021276473999023438,0.12693130224943164,0.015890300273895375,-0.031242161989211925,0.08571606874465965,0.039689317345619174,0.04678481817245461
1656268548.png,0.09498316328972578,-0.08645658195018774,0.020989879965782166,-0.03502745926380152,-0.020441889762878418,-0.05716581642627713,-0.00892852246761322,-0.022688463330268888,-0.07934542000293732,-0.062301456928253146,0.11172546725720167,0.03528054058551788,-0.11172546725720167,-0.03528054058551788,0.11773753166198736,0.22094789147377003,-0.008052954450249672,0.30424660444259644,-0.09246945381164562,-0.09389495849609353,0.1287841498851776,-0.012116789817810059,0.01381638646125799,0.46831312775611866,0.07462370209395885,0.5335978865623474,0.2034080326557159,0.006575167179107777,0.12734080106019974,0.01567697525024414,-0.01847624778747564,0.08704930543899525,0.028463304042816107,0.04741066694259655
1656268549.png,0.09429052472114569,-0.08971419930458069,0.02161350846290591,-0.03461702167987826,-0.020767554640769986,-0.057345911860466,-0.0074774920940399725,-0.021442383527755737,-0.07771898806095126,-0.06218227744102478,0.11243936419486997,0.039739847183227484,-0.11243936419486997,-0.03973984718322754,0.11588555574417114,0.21434071660041826,-0.009035695344209668,0.30366459488868713,-0.09007415175437922,-0.07566440105438244,0.13473815098404887,-0.0025652647018431507,-0.005398914217948886,0.46866038441658026,0.06507652252912523,0.5416001379489899,0.2190984934568406,-0.000453948974609486,0.12349709123373027,0.006627678871154785,-0.06121259927749634,0.09252256155014049,0.043627426028251676,0.04878437519073475
1656268550.png,0.09120996296405792,-0.09135223925113684,0.021629691123962347,-0.03536595404148096,-0.02231088280677801,-0.05884250998497001,-0.007450655102729714,-0.01850152015686035,-0.07969722151756284,-0.05716478824615484,0.11413384974002838,0.039228782057762146,-0.11413384974002838,-0.039228782057762146,0.10700955986976624,0.21397528052330017,-0.008702665567398075,0.3021840453147888,0.005439728498458918,-0.011039972305297852,0.12181404232978818,0.006380677223205566,0.00924500823020935,0.4434749186038971,0.07731513679027556,0.5358956456184387,0.19692346453666687,0.02068042755126953,0.13789121806621552,0.020593523979187123,-0.09679359197616577,0.1265425682067871,0.021300107240676824,0.043970704078674094
1656268551.png,0.13453348726034162,-0.08186425268650055,0.0193004310131073,-0.01738983392715454,-0.014179259538650513,-0.052791371941566495,-0.01681375503540039,0.004292190074920599,-0.07439237833023077,-0.04693257808685297,0.10780604928731921,0.06657062470912933,-0.10780604928731921,-0.06657062470912933,0.11009642481803883,0.17067626118659973,-0.007407672703266151,0.2992768883705138,-0.012810885906219427,-0.24679830670356756,0.11746827512979507,0.022414624691009633,-0.0602915585041047,0.4205102622509004,0.044716291129589074,0.5478858947753906,0.2545883357524873,-0.11465990543365501,0.13196498900651932,-0.051816940307617076,0.06647333502769465,0.14385879039764404,0.09064583480358124,0.1642547249794003
1656268552.png,0.13110184855759138,-0.08598223328590399,0.02297741174697876,-0.014549195766448919,-0.013637900352477972,-0.04979464411735535,-0.01646408438682556,0.006284922361373901,-0.07000677287578586,-0.04607188701629633,0.10783553309738636,0.06636825203895569,-0.10783553309738636,-0.06636825203895574,0.11408409476280218,0.17355963587760925,-0.013014163821935654,0.29783925414085394,-0.014462530612945668,-0.24656441807746893,0.12403778731822965,0.02541297674179077,-0.05976036190986633,0.4380318820476532,0.04690894857048987,0.5502905547618868,0.25639691948890686,-0.13242554664611816,0.1337282359600067,-0.055353164672851896,0.06717106699943542,0.14651304483413696,0.10615807771682748,0.1632869839668275
1656268553.png,0.1133839171379804,-0.10132181644439697,0.015557110309600886,-0.027259469032287625,-0.020945519208908026,-0.047323226928710965,-0.016560286283493042,-0.009791180491447421,-0.07832293212413788,-0.04336450994014737,0.10519893281161782,0.05487561225891113,-0.10519893281161785,-0.05487561225891113,0.11851020157337197,0.19018906354904175,-0.014717388898134232,0.30892133712768555,-0.02045240998268133,-0.23591324687004095,0.1186686456203461,0.004704654216766246,-0.037975028157234136,0.4560742974281311,-0.0016886629164218903,0.5386461615562438,0.24305382370948794,-0.096854567527771,0.18274186551570892,-0.021678626537322998,0.018837779760360662,0.13207083940505981,0.06077495217323298,0.08042234182357799
1656268554.png,0.12010048516094685,-0.09821835160255432,0.016988426446914617,-0.026129394769668635,-0.0225509256124497,-0.04826529324054721,-0.016980290412902777,-0.006037876009941073,-0.07933889329433436,-0.04091224074363706,0.10659651644527912,0.054260432720184326,-0.10659651644527912,-0.05426043272018427,0.12401250004768372,0.19435381889343262,-0.01348184421658516,0.3022447228431702,-0.023047566413879395,-0.23230469226837158,0.12003456801176068,-0.027402281761169656,-0.02089133858680725,0.4332635998725891,0.02413683757185936,0.5368718504905701,0.2626787424087525,-0.018568158149719016,0.18440083414316175,-0.056819677352905384,0.08067151904106135,0.12311756610870339,0.03335630893707278,0.10401403903961182
1656268555.png,0.12060052156448364,-0.07679842412471771,0.019995748996734675,-0.028795674443244906,-0.019383400678634644,-0.05364410579204562,-0.010418295860290583,-0.004488870501518305,-0.07929041981697085,-0.053599417209625244,0.10525581240653992,0.05525384843349457,-0.10525581240653992,-0.05525384843349457,0.09854435920715326,0.20794209837913524,-0.026248414069414142,0.3273965120315553,-0.002300471067428478,-0.2308811545372011,0.19547233358025554,-0.01182001829147361,0.021568238735198975,0.4190022051334381,0.0787811130285263,0.5478688478469849,0.26963505148887623,0.00014972686767578125,0.21867565810680395,-0.0135362148284911,0.1343476176261904,0.09035038948059093,0.05224213004112238,0.050142347812652366
1656268556.png,0.11967962421476835,-0.06991507112979883,0.0196469128131867,-0.031115338206291226,-0.01860894262790677,-0.056172326207161005,-0.013153642416000422,-0.006378173828125,-0.07850289344787595,-0.05464582145214078,0.10405486263334751,0.05213071405887598,-0.10405486263334751,-0.05213071405887604,0.09857681393623358,0.20474222302436823,-0.025173269212245945,0.3178490996360779,-0.008323758840561024,-0.22320979833602894,0.19550625607371325,-0.0012433528900146484,0.02174621820449829,0.4273599684238432,0.06380725279450415,0.5463406443595886,0.24148988723754883,-0.003691136837005393,0.194083884358406,-0.02594912052154552,0.12549716234207153,0.09287333488464355,0.04955935478210455,0.08636564016342163
1656268557.png,0.12172872759401798,-0.07281917333602905,0.01896530389785761,-0.029875129461288508,-0.01900389790534976,-0.055226415395736694,-0.014066815376281683,-0.006329223513603155,-0.07923133671283719,-0.05232362449169159,0.10449341870844364,0.0517352819442749,-0.10449341870844364,-0.0517352819442749,0.10520237684249872,0.20329239964485168,-0.023891422897577296,0.31890276074409485,-0.012878328561782837,-0.21978884935379023,0.1859399601817131,-0.002465844154358021,0.024984061717987116,0.42989709973335255,0.07993240281939507,0.5479023158550262,0.2678576707839965,0.05122494697570812,0.2054249420762062,0.03688931465148915,0.11469066143035889,0.07643961906433117,0.038322329521179255,0.042741119861602894
1656268558.png,0.12136008217930794,-0.06865139305591578,0.018981993198394775,-0.03084684908390048,-0.01866757869720459,-0.053397506475448636,-0.01505008339881897,-0.009403347969055148,-0.07820710539817813,-0.05504198372364044,0.10520895197987556,0.05335946381092066,-0.10520895197987556,-0.053359463810920715,0.10336074233055115,0.20627921819686895,-0.026561347767710693,0.3310057222843169,-0.01298594474792486,-0.22251674532890325,0.19607972167432305,-0.009801328182220348,0.02136403322219843,0.4240553975105285,0.0798860490322113,0.5464594066143035,0.25546452403068537,0.030940890312194935,0.18767652660608286,0.018024802207947,0.11432206630706798,0.10408091545104958,0.02583402395248413,0.06859588623046853
1656268559.png,0.12554502859711647,-0.08074064552783972,0.014304548501968384,-0.028902783989906283,-0.022762209177017267,-0.04924330115318293,-0.0190313458442688,-0.007268860936164856,-0.08042426407337186,-0.04708273708820343,0.10944188013672829,0.06008835136890417,-0.10944188013672829,-0.06008835136890417,0.11261698603630066,0.19321984052658076,-0.02007683739066124,0.28712293505668646,-0.021391153335571234,-0.22404018044471735,0.08988958224654196,-0.059124529361724965,-0.03379520773887634,0.42498749494552607,0.030671797692775712,0.5331560075283048,0.294734388589859,-0.015509068965911754,0.20382587611675262,0.006629526615143155,0.1175798773765564,0.09671634435653675,0.0315229594707489,0.06924462318420388
1656268560.png,0.12246106378734109,-0.0846380740404129,0.01842990517616272,-0.027934089303016635,-0.02033054828643799,-0.052145734429359436,-0.015200227499008179,-0.002825498580932645,-0.08153164386749268,-0.047419384121894836,0.10928498022258284,0.04705090820789337,-0.10928498022258284,-0.04705090820789337,0.1087052822113036,0.2123766541481018,-0.016058217734098438,0.2786370813846588,-0.03355190157890314,-0.22278764843940735,0.18609594553709033,-0.012777090072631947,0.007097989320754949,0.42028087377548196,0.052469607442617416,0.5082508623600006,0.267527937889099,-0.04804390668868985,0.19482022523880005,-0.027299106121063343,0.140611469745636,0.12568181753158558,0.06589531898498535,0.08531373739242565
1656268561.png,0.0913040433079004,-0.06677252054214478,0.023536294698715182,-0.0331627875566482,-0.020122975111007663,-0.051909759640693665,-0.0028185546398162287,-0.019900798797607477,-0.06742258369922638,-0.061267301440238925,0.11132309772074223,0.040085166692733765,-0.11132309772074223,-0.040085166692733765,0.10371753573417658,0.21465465426445024,-0.018765440210700028,0.30649313330650335,-0.09337183833122248,-0.09733465313911449,0.12254453636705875,-0.0001437067985534668,-0.024456083774566734,0.4515108168125154,0.04362988844513894,0.5422621667385101,0.19762963056564334,0.022067189216613547,0.10594175755977633,0.011467576026916504,-0.08401021361351008,0.10794639587402377,0.026506215333938543,0.06292295455932628
1656268562.png,0.09234163537621493,-0.061323717236518915,0.02393703162670141,-0.032800391316413824,-0.020388007164001437,-0.05145385861396784,0.002696514129638672,-0.023256659507751465,-0.06543032824993131,-0.06487508118152618,0.11345558241009712,0.04078386723995203,-0.11345558241009712,-0.04078386723995203,0.10460850596427912,0.21808084845542913,-0.014621986076235768,0.29106688499450667,-0.09924173355102534,-0.11286035180091863,0.11877118609845635,0.011792242527008168,-0.012715011835098239,0.44807407259941096,0.05833809077739714,0.5405688881874084,0.2055055201053619,0.052788257598877175,0.09671872109174727,0.016767680644989014,-0.06068855524063105,0.08411884307861317,0.01020671427249914,0.07031726837158203
1656268563.png,0.09211271256208414,-0.06213369965553278,0.023160025477409474,-0.032227233052253806,-0.020862698554992648,-0.05102562904357916,-0.0008696317672729492,-0.02251939475536341,-0.06698958575725555,-0.06381140649318695,0.1142176166176796,0.04196399450302124,-0.1142176166176796,-0.04196399450302124,0.10294681787490834,0.21515992283821106,-0.016374643892049782,0.29118570685386647,-0.09712988138198841,-0.10038375854492199,0.11438920721411702,0.017854928970336914,-0.016037076711654635,0.44750186800956737,0.04880997538566589,0.528233677148819,0.20362520217895505,0.025259971618652344,0.10015045106410976,0.00735950469970692,-0.0680317878723144,0.09096539020538308,0.02706487476825717,0.0891614556312561
1656268564.png,0.09682781435549254,-0.05995813012123108,0.021830856800079346,-0.0321023166179657,-0.021020695567131015,-0.049542084336280795,-0.00416350364685053,-0.02483391761779788,-0.0714915543794632,-0.06677122414112097,0.11439473368227482,0.04230773448944086,-0.11439473368227482,-0.04230773448944092,0.10441449284553528,0.2150359749794008,-0.014266995713114738,0.291339635848999,-0.09732428193092352,-0.09770575165748602,0.11021360941231251,0.01634126901626587,-0.015668019652366638,0.4653415083885191,0.056941483169794097,0.5435169339179993,0.2046483308076859,0.03413993120193515,0.09796701371669768,0.015506505966186412,-0.056257218122482466,0.08476692438125588,0.023069486021995517,0.06511110067367587
1656268565.png,0.09344670549035078,-0.06099946796894079,0.023123651742935153,-0.03243598341941825,-0.020918384194374112,-0.051992788910865756,-0.001506894826889038,-0.02303652465343481,-0.06965294480323792,-0.06453622877597809,0.11316463723778722,0.042342945933342035,-0.11316463723778722,-0.04234294593334198,0.10552626848220831,0.21466454863548273,-0.015571959316730506,0.2910139560699463,-0.09727817773818975,-0.0970883965492248,0.11152444779872894,0.014741241931915283,-0.012483358383178628,0.4493847787380217,0.04645686596632002,0.5420700907707214,0.20204526185989372,0.02196669578552246,0.10786478221416475,0.01559937000274636,-0.056022137403488104,0.11331987380981445,0.021866783499717685,0.06840771436691306
1656268566.png,0.1003637071698904,-0.060149058699607905,0.02024929225444788,-0.0347900837659835,-0.022362083196640042,-0.050325557589530945,-0.007308989763259888,-0.02369013428688055,-0.0721834599971771,-0.06407681107521052,0.11248736642301083,0.04122529923915863,-0.11248736642301083,-0.04122529923915863,0.10378617048263555,0.2149217426776886,-0.01856110990047455,0.2873861789703369,-0.0906026959419251,-0.10148605704307556,0.10475927963852887,0.010700404644012451,-0.013986110687255804,0.46147873997688293,0.054959196597337695,0.5382478237152097,0.20364698767662048,0.06289464235305775,0.0967977121472359,0.0651114583015443,-0.045799255371093806,0.07081294059753429,0.007976904511451749,0.04283022880554199
1656268567.png,0.0907620061188936,-0.06752897799015051,0.023452147841453524,-0.03261902928352356,-0.020438879728317233,-0.05245541036128995,0.0022765696048736572,-0.024547100067138616,-0.06771472096443176,-0.06501901149749756,0.11277535744011402,0.04045073688030243,-0.11277535744011402,-0.04045073688030243,0.10371577739715576,0.21245524287223816,-0.01721078343689442,0.28085923194885265,-0.08733347058296204,-0.09609350562095637,0.09646621905267237,0.015680372714996227,-0.012953296303749029,0.4434060156345365,0.05417642369866371,0.5319873690605165,0.1862658411264419,0.07563996315002441,0.0972476452589035,0.04388695955276467,-0.055822402238845825,0.076157867908478,-0.006090313196182223,0.06980210542678811
1656268568.png,0.0897317286580801,-0.0698300302028656,0.024644717574119568,-0.032759949564933805,-0.02041552960872653,-0.05195535719394684,0.0037581324577331543,-0.020447656512260465,-0.06803791224956512,-0.06255842745304108,0.11101906560361385,0.043529182672500666,-0.11101906560361385,-0.04352918267250061,0.10765931010246277,0.20756015181541437,-0.017959324643015858,0.2849522531032562,-0.09307426214218134,-0.039147257804870605,0.1088814977556467,0.0065310001373291016,-0.02487567067146304,0.4606048762798309,0.0386740006506443,0.5542124211788177,0.1651626527309418,0.07348203659057584,0.0979418233036995,0.017031669616699108,-0.025519311428070124,0.05567151308059726,-0.01163269579410553,0.07846266031265259
1656268569.png,0.10776893794536593,-0.05934469401836395,0.02096766233444214,-0.02882075309753418,-0.019114300608634976,-0.04928801953792575,-0.006968945264816284,-0.013284072279930115,-0.07558006048202512,-0.06168055534362793,0.1130462437868118,0.034044221043586675,-0.1130462437868118,-0.03404422104358673,0.10024783015251165,0.22034761309623724,-0.02595238387584687,0.2388020157814026,-0.07662388682365412,-0.20801210403442383,0.09147523343563077,0.03334510326385498,-0.04745763540267939,0.4189672172069548,0.02186166495084762,0.47498881816864,0.24984017014503462,-0.04887533187866211,0.18656332045793528,-0.009090125560760387,-0.018856108188628984,0.12556552886962913,-0.027817592024803106,0.09044241905212402
1656268570.png,0.12341914884746072,-0.03750374913215637,0.02281671762466425,-0.02738216519355774,-0.017321020364761353,-0.05009225010871887,-0.0051047503948211115,-0.014110207557678167,-0.07485407590866089,-0.0741180628538132,0.11063255183398726,0.04833903908729553,-0.11063255183398726,-0.04833903908729553,0.10353773832321156,0.2030218541622162,-0.024165026843547818,0.19719195365905773,-0.0797654390335083,-0.19279995560646057,0.08888167515397072,-0.11286294460296636,-0.06914566457271581,0.4161473214626312,-0.005694478750228882,0.49223604798316967,0.22316493093967432,-0.04276728630065929,0.17590748891234392,-0.002538323402404896,-0.007830500602722112,0.15241801738739025,-0.02541370689868927,0.1242378354072573
1656268571.png,0.12013358995318416,-0.03595760464668274,0.022873789072036743,-0.02771216630935669,-0.017534226179122925,-0.04952609539031988,-0.004260838031768799,-0.015202432870864868,-0.07495653629302981,-0.07566095888614646,0.11193240806460378,0.04942831397056574,-0.11193240806460378,-0.049428313970565796,0.09958428144454956,0.20136877894401556,-0.02834075316786766,0.17458879947662354,-0.08049151301383967,-0.19410756230354304,0.09094827249646187,-0.08654505014419556,-0.07429589331150047,0.4173427522182465,-0.00346528738737107,0.4979318678379059,0.2250636965036392,-0.04521143436431896,0.16966666281223294,-0.02859640121459961,0.005021989345550593,0.1262551546096804,-0.017886489629745483,0.1215829849243163
1656268572.png,0.11734539084136486,-0.041150420904159546,0.023874044418334905,-0.02787908911705017,-0.01765158772468567,-0.048473089933395386,-0.003899544477462713,-0.00987973809242243,-0.07393988966941833,-0.07371537387371058,0.11237743310630322,0.051919639110565186,-0.11237743310630322,-0.051919639110565186,0.09829682111740112,0.19819521903991705,-0.024444574490189556,0.17655336856842058,-0.0815410315990448,-0.19215691089630121,0.08481736294925211,-0.08662524819374096,-0.07663010060787198,0.4167090058326722,-0.01955349557101727,0.4979600310325624,0.22381846606731412,-0.06484609842300393,0.16798461414873597,-0.029059410095215066,-0.02114805579185486,0.14786106348037698,-0.0063662379980087,0.15190327167511009
1656268573.png,0.11781604215502736,-0.0347065925598144,0.024082213640213068,-0.024486541748046875,-0.015468955039977972,-0.04717209935188288,-0.00401636958122259,-0.0129946768283844,-0.0750454515218735,-0.07473237812519076,0.11047465726733205,0.039692461490631104,-0.11047465726733205,-0.039692461490631104,0.10157009959220897,0.21542432904243475,-0.031097626313567155,0.17365589737892162,-0.08036762475967413,-0.2015676498413086,0.09259432367980479,-0.0866563618183136,-0.08638845384120933,0.4026708304882051,-0.019284116104245175,0.46124657988548284,0.20454232394695274,-0.07489943504333496,0.1709344480186701,-0.03832423686981201,-0.007240176200866644,0.1632239818572997,-0.040420666337013245,0.16985321044921864
1656268574.png,0.11697548255324358,-0.0406802892684936,0.023922383785247914,-0.027443736791610718,-0.016735166311263983,-0.04877844452857977,-0.003924697637558039,-0.012300133705139216,-0.07325564324855804,-0.07446984946727744,0.11044066771864891,0.05263605713844294,-0.11044066771864891,-0.05263605713844294,0.09769716858863836,0.19631519913673412,-0.03194218687713146,0.17736521363258367,-0.07756331562995922,-0.18607577681541443,0.08005021326243879,-0.0758293867111206,-0.07672002911567691,0.4482034146785736,-0.04048722703009844,0.4867781102657318,0.1934352517127991,-0.11189514398574818,0.18762931693345306,-0.04104846715927124,-0.01834726333618164,0.16260677576065063,-0.0415496081113815,0.17793893814086914
1656268575.png,0.11830653250217435,-0.03245645761489868,0.02373990416526789,-0.02812221646308899,-0.017563343048095703,-0.04875302314758306,-0.003111720085143932,-0.016387462615966852,-0.07313351333141324,-0.0750203132629394,0.11328376829624179,0.04497328400611883,-0.1132837682962418,-0.044973284006118774,0.10014083981513966,0.2107477486133575,-0.02675377205014227,0.17476937174797058,-0.08377680182456965,-0.19291937351226812,0.09074782952666283,-0.07126247882843023,-0.06358493864536291,0.42337128520011896,-0.003225587308406816,0.49523457884788513,0.21482218801975245,-0.03917574882507324,0.1879400089383125,-0.026131212711334117,-0.010205417871475164,0.13140058517456044,-0.02011758089065549,0.12383055686950672
1656268576.png,0.11757692135870457,-0.030996665358543396,0.023713916540145874,-0.027278035879135132,-0.016842156648635864,-0.04871591925621033,-0.004386156797409058,-0.01450413465499878,-0.07307115197181704,-0.0759704411029816,0.11255391873419285,0.04501055181026459,-0.11255391873419285,-0.04501055181026459,0.09966996312141424,0.2108432948589325,-0.027980268001556396,0.17677298188209528,-0.08155304193496715,-0.19496589899063105,0.09109072759747505,-0.07628118991851796,-0.0876525342464447,0.41612008213996887,-0.01878461986780167,0.49927639961242665,0.22110936045646673,-0.04703420400619518,0.1686210446059704,-0.027856051921844482,-0.021555215120315552,0.14241665601730358,-0.036450803279876764,0.15591073036193848
1656268577.png,0.12671075761318207,-0.062016412615776007,0.01413759589195246,-0.026793569326400785,-0.020940512418746948,-0.045719042420387324,-0.018169760704040472,-0.006018921732902527,-0.08692051470279696,-0.04525184631347656,0.11216332018375397,0.032461389899253845,-0.11216332018375397,-0.0324613898992539,0.08828747272491455,0.2409464716911317,-0.03724392503499985,0.24614456295967108,-0.05546733736991882,-0.21901878714561474,0.06555632501840591,-0.1266795694828034,-0.07773908972740176,0.4210512638092041,-0.01959368586540222,0.47590008378028875,0.22628301382064822,-0.0356242060661317,0.17690178751945496,-0.023954153060913086,0.007997691631317194,0.1300220489501953,-0.03642374277114868,0.11919713020324707
1656268578.png,0.14044606685638428,-0.13936118781566623,-0.00565138459205633,-0.03328707814216608,-0.022119969129562378,-0.03979475796222684,-0.06492418050765986,0.00677728652954096,-0.0936877429485321,0.004184290766715976,0.10490378737449646,0.06270202994346613,-0.10490378737449646,-0.06270202994346619,0.08019810914993286,0.17554339766502386,-0.06156563386321068,0.2594957649707793,-0.007463783025741577,-0.2452391684055329,-0.013077924959361557,-0.14993879199028004,-0.09916679561138153,0.4356090128421784,-0.039126552641391754,0.5350435078144072,0.28741286695003504,-0.10733872652053833,0.23296145349740977,-0.041299521923065075,-0.03533053398132319,0.09785467386245705,-0.01886773109436035,0.059288978576660156
1656268579.png,0.14171791821718216,-0.13386814296245575,-0.00834047794342041,-0.03318043053150177,-0.02481484413146967,-0.0381803959608078,-0.06963743269443512,0.00624866783618927,-0.0925155729055405,0.00367209315299985,0.09745237976312637,0.06159444153308863,-0.09745237976312637,-0.061594441533088684,0.0860440731048584,0.1791247725486757,-0.06803116574883461,0.23788461089134205,-0.013109803199768066,-0.25268736481666576,-0.016711172182112932,-0.14743199944496138,-0.08251899480819705,0.4354879260063173,-0.022668406367301955,0.5544534623622894,0.2900455892086029,-0.06110334396362327,0.23261117935180664,-0.01800370216369629,-0.005204856395721491,0.0721970796585083,-0.04756814241409307,0.040333807468414196
1656268580.png,0.09142623795196408,-0.12620584666728968,0.018574059009552002,-0.03321893513202678,-0.02424670755863187,-0.05620346963405615,-0.01750828325748438,-0.010584145784377968,-0.08370398730039594,-0.04891517758369446,0.09934996021911502,0.013488605618476812,-0.09934996021911502,-0.013488605618476812,0.05133813619613645,0.26173546910285955,0.04358954634517432,0.2924548983573912,-0.021169021725654547,-0.08833736181259155,0.14903791248798368,-0.05616760253906239,-0.007691204547882136,0.43962416052818293,0.033270337618887424,0.48544478416442866,0.2113918513059616,0.08280903100967418,0.22776040993630886,0.046152591705322266,0.20114281773567194,-0.27470338344573975,0.043043434619903564,-0.015390872955322266
1656268581.png,0.13461334956809878,-0.059543952345848083,0.012131974101066562,-0.04235720634460452,-0.01935872435569766,-0.05630163848400116,-0.05170418322086334,-0.043375566601753235,-0.09830155223608017,-0.08068002760410309,0.05640286160632968,-0.021412387490272522,-0.05640286160632968,0.021412387490272522,-0.018679305911064134,0.2546543776988982,0.03587397094815969,0.3136482834815979,0.04223789274692534,0.07037460803985618,0.07425237447023394,0.01885664463043213,-0.008317433297634125,0.4637170135974884,0.022634650580585003,0.4624651074409485,0.23097645491361624,-0.030505120754241943,0.1783207096159458,0.018482565879821666,0.08536547422409041,0.17108142375946045,0.05408620834350589,0.13808655738830555
1656268582.png,0.14547972031869,-0.0528554767370224,0.01051022112369529,-0.044982731342315674,-0.01649077236652377,-0.05511575937271118,-0.056830272078514044,-0.05342601239681244,-0.09777295589447021,-0.09127564728260043,0.05622364231385289,-0.0066977292299271185,-0.05622364231385289,0.0066977292299271185,-0.009323008358478532,0.279248893260956,0.035507478285580873,0.3348172008991241,0.0702204182744026,0.055319130420684814,0.10727246105670926,-0.004034996032714844,0.02972644567489624,0.5349075198173525,0.01762316608801484,0.4853130877017973,0.17311942577362058,-0.10826361179351829,0.14838468842208385,-0.014488935470581055,0.07094502449035645,0.147849261760712,0.05371870100498197,0.1469860076904299
1656268583.png,0.13951609889045355,-0.056190431118011475,0.009361445903778104,-0.04395058751106262,-0.02072294056415558,-0.053782537579536466,-0.05650275945663452,-0.05058829486370087,-0.10084865987300871,-0.08469289541244504,0.058256922755390406,-0.017644554376602117,-0.058256922755390406,0.017644554376602117,-0.01245291531085968,0.2715617716312408,0.03334084618836641,0.3071537911891938,0.04951302707195282,0.03406655788421631,0.08788486570119858,-0.028890907764434814,0.04618912935256958,0.5371159017086029,0.01855271589010954,0.4805343449115754,0.1713465005159378,-0.13053005933761608,0.12598617561161518,-0.04023009538650513,-0.1033476144075394,0.24555224180221535,0.06726387143135071,0.17831289768218994
1656268584.png,0.1374400574713945,-0.06310752034187317,0.009655758738517789,-0.0441045761108399,-0.020785629749298068,-0.05538530647754669,-0.05788193643093109,-0.05266204476356498,-0.1016836017370224,-0.08497114479541779,0.05967530794441699,-0.014386028051376398,-0.05967530794441699,0.014386028051376398,-0.015500679612159729,0.2636381089687348,0.03565924987196922,0.3074971139430998,0.052733287215232835,0.038619935512542725,0.0911584421992302,-0.012182712554931419,0.04308174550533296,0.5435483753681183,0.01889105141162872,0.4787193834781645,0.17134785652160645,-0.12773090600967385,0.11089195683598518,-0.039182066917419434,0.0716390609741211,0.1670346260070802,0.0802781879901886,0.1737259626388551
1656268585.png,0.14079390326514837,-0.0656077116727829,0.0062902867794036865,-0.04450353980064392,-0.02248698472976679,-0.055672183632850675,-0.05327500402927399,-0.03991417586803436,-0.10803546011447909,-0.08128483593463892,0.058380155358463526,-0.012972250580787603,-0.058380155358463526,0.012972250580787548,-0.014096036553382874,0.26210290193557734,0.035770115442574024,0.308097928762436,0.05131576955318451,0.039951205253601074,0.0699951648712158,-0.016614258289337158,0.04426190257072449,0.5598977208137512,0.018875959329307076,0.48082879185676564,0.17049571871757513,-0.14952749013900768,0.12599947489798066,-0.04056453704833962,0.07367166876792908,0.1691609025001526,0.07761211693286896,0.17209815979003895
1656268586.png,0.13488106010481715,-0.06130777299404144,0.009151250123977661,-0.04647132754325861,-0.020344913005828857,-0.05567200481891632,-0.053017109632492065,-0.04323752224445346,-0.1034584790468216,-0.08580079674720764,0.062435861211270094,-0.011546865105628967,-0.062435861211270094,0.011546865105628967,-0.018189415335655212,0.2709314525127412,0.03759749885648489,0.30893224477767944,0.051446110010147095,0.04173260927200306,0.06758516281843185,-0.016416549682617188,0.03585949540138242,0.5384614765644075,0.020109589211642746,0.4811372756958008,0.18470534682273868,-0.13345837593078635,0.12651386484503746,-0.03996354341506969,0.07446432113647461,0.19486594200134288,0.07761482894420624,0.1736452579498291
1656268587.png,0.133298609405756,-0.06526279449462896,0.010536640882492038,-0.04294002056121826,-0.02039246261119848,-0.05584740638732902,-0.04573300480842593,-0.04567205905914304,-0.09954299032688138,-0.08697269856929782,0.06387734785676004,-0.011326342821121216,-0.06387734785676004,0.011326342821121216,-0.010174214839935344,0.2633136212825775,0.03596897050738335,0.3070259988307953,0.07338881492614745,0.04528021812438965,0.09004211053252217,-0.016119062900543213,0.03477303683757779,0.5563150346279144,0.01648555509746075,0.496744006872177,0.16919374465942383,-0.1308414340019225,0.11126759089529517,-0.036578357219695934,-0.10019579529762268,0.21233439445495572,0.07174848020076746,0.15800803899765015
1656268588.png,0.13003231212496758,-0.06401507556438452,0.012511089444160461,-0.04380497336387634,-0.018066123127937317,-0.056187599897384644,-0.04109390079975131,-0.04397487640380851,-0.09829065203666686,-0.08855037391185755,0.06506034359335898,-0.010799869894981329,-0.06506034359335898,0.010799869894981384,-0.011985272169113173,0.27196177840232844,0.034958597272634506,0.30573612451553345,0.05697995424270634,0.037137746810913086,0.07091814652085301,-0.031212687492370605,0.030909150838851956,0.5541371405124667,0.018950514495372772,0.4775864481925963,0.1575519442558288,-0.15983605384826682,0.092352993786335,-0.031882286071777344,-0.08740463852882377,0.24367207288742065,0.05781214684247969,0.16463446617126465
1656268589.png,0.1345068220980465,-0.06151917576789856,0.010670229792594965,-0.04369020462036127,-0.019279718399047796,-0.055065825581550626,-0.05054175853729251,-0.04844640195369726,-0.10052937269210817,-0.08996790647506711,0.06330955075100064,-0.012402623891830444,-0.06330955075100064,0.012402623891830389,-0.008818544447422041,0.27692696452140797,0.03472843114286661,0.3267253935337067,0.05714278668165211,0.03478634357452404,0.09115525335073474,-0.03573596477508545,0.03403475880622864,0.5556280910968779,0.017682579346001145,0.4971333444118499,0.16929721832275385,-0.12716603279113758,0.11138654127717018,-0.057324349880218506,0.07485446333885187,0.1481449604034426,0.0675051361322403,0.1694680452346803
1656268590.png,0.12978648906573656,-0.06399850547313685,0.01320748031139371,-0.04273974895477295,-0.017709255218505887,-0.05600063502788549,-0.04430538415908811,-0.04886433482170108,-0.09795402735471727,-0.0899174809455871,0.06569130485877395,-0.01061798632144928,-0.06569130485877395,0.01061798632144928,-0.012473143637180342,0.270809292793274,0.035861256532371044,0.30564251542091375,0.07021937519311906,0.03690427541732788,0.07287359982728957,-0.019870281219482422,0.030701071023941068,0.551340639591217,0.020581039600074284,0.4775096476078035,0.1666159480810165,-0.12602591514587413,0.10930343717336655,-0.039365053176880105,-0.09690874814987188,0.20899975299835238,0.06889520585536954,0.1769883632659912
1656268591.png,0.13126068376004701,-0.06008267402648931,0.011612430214881841,-0.04192623496055603,-0.018205717206001337,-0.05457596480846405,-0.050193831324577304,-0.054725557565689004,-0.09656861424446102,-0.09004200994968409,0.06459716521203517,-0.012842386960983276,-0.06459716521203517,0.01284238696098322,-0.012063249945640564,0.2635246217250824,0.03388826921582222,0.30596539378166204,0.05531778931617737,0.03871750831604004,0.0736827924847603,-0.017996668815612793,0.03342776000499725,0.5414315164089204,0.018451012670993805,0.4798694550991058,0.15022501349449155,-0.10668748617172263,0.10875893011689189,-0.015976130962371826,-0.09284587204456324,0.20301854610443115,0.06810964643955225,0.15465718507766746
1656268592.png,0.12918132729828352,-0.058688163757324274,0.014619007706642234,-0.0430323481559754,-0.01681087911128995,-0.05665498971939087,-0.040891990065574674,-0.047875151038169805,-0.09758216142654415,-0.09032902121543884,0.06660524196922778,-0.01144784688949585,-0.06660524196922778,0.01144784688949585,-0.01229842752218245,0.2743148505687713,0.03588148579001427,0.3058520853519439,0.05540988594293593,0.03765553236007679,0.07166445255279542,-0.015758275985717884,0.029837936162948636,0.5364014208316801,0.019010353833436962,0.4788931310176849,0.1710793375968933,-0.1437361240386963,0.09300699830055235,-0.05159693956375122,-0.11166390776634219,0.24183130264282227,0.0703666657209396,0.18067574501037587
1656268593.png,0.13047498604282737,-0.051762074232101496,0.0135250985622406,-0.04235929250717163,-0.016390100121498136,-0.055978596210479736,-0.045062482357025174,-0.05411003530025482,-0.10127742588520049,-0.09305526316165927,0.06734684249386191,-0.013135343790054321,-0.06734684249386191,0.013135343790054321,-0.015095740556716905,0.2657425701618194,0.03218065481632948,0.2878070771694183,0.03836926817893978,0.037288665771484375,0.0871679335832596,-0.00856161117553711,0.02610011398792267,0.5392412841320038,0.017404248006641865,0.4778850972652436,0.1550348848104477,-0.13629984855651844,0.10864072851836681,0.135353863239288,0.05607748031616211,0.2060113549232483,0.05316634476184842,0.004296302795410378
1656268594.png,0.13296508695930243,-0.04832088947296148,0.011110708117485046,-0.043676227331161444,-0.017251685261726407,-0.05670407414436329,-0.04699447751045227,-0.056055456399917575,-0.09805118292570113,-0.09408883750438693,0.0651601841673255,-0.013377040624618586,-0.0651601841673255,0.01337704062461853,-0.012630842626094804,0.26608225703239446,0.02913734130561351,0.3066558539867401,0.035608015954494435,0.022774457931518555,0.08842384815216064,-0.02781987190246582,0.030411347746849032,0.5418531596660614,0.015073306858539578,0.4801044166088104,0.15261815488338473,-0.13871353864669778,0.12723690830171108,0.13211035728454612,-0.08323696255683902,0.240167737007141,0.03865583240985873,-0.0021184682846070446
1656268595.png,0.12804319895803928,-0.05318537354469299,0.014727458357810946,-0.0417788028717041,-0.016032531857490512,-0.05583155155181879,-0.043004587292671176,-0.05301125347614288,-0.10322459042072298,-0.09408593177795416,0.06873908080160618,-0.013192057609558105,-0.06873908080160618,0.013192057609558105,-0.015254683792591109,0.2794593870639801,0.03307344391942024,0.306291788816452,0.054155014455318465,0.03639340400695801,0.07462803274393083,-0.01553821563720692,0.023592397570610046,0.5387658178806305,0.018208984285593033,0.46016260981559753,0.15241286158561707,-0.13439249992370605,0.12512871623039246,0.1542508602142333,-0.10505774617195127,0.2219882607460022,0.022655874490737915,0.0028118491172791638
1656268596.png,0.14051240496337417,-0.06854514777660364,0.011064931750297491,-0.04218655824661255,-0.017602056264877347,-0.055714979767799405,-0.05440431833267209,-0.05141940712928772,-0.10646051168441774,-0.09022682905197141,0.06402303092181683,-0.010270372033119202,-0.06402303092181683,0.010270372033119202,-0.008722215890884413,0.26432651281356806,0.03238360211253167,0.3092398941516877,0.053319275379180894,0.04658138751983665,0.11117954552173612,0.020333230495452992,0.03212517499923703,0.5372880101203918,0.018065426498651505,0.4819382727146147,0.15254953503608706,-0.11925297975540161,0.12444110959768295,0.13756495714187622,-0.09342458844184878,0.21865576505661,0.037888020277023315,0.0018444061279300206
1656268597.png,0.1394781274721026,-0.07643748819828033,0.007326036691665705,-0.04382686316967008,-0.017319276928901617,-0.05899597704410553,-0.056283608078956604,-0.0435255765914917,-0.10341194272041322,-0.08419105410575867,0.06430491339415313,-0.0128316730260849,-0.06430491339415313,0.0128316730260849,-0.011663168668746962,0.2717550992965697,0.035104839131236076,0.3047417700290679,0.046425625681877095,0.04375952482223522,0.10079488903284073,-0.021327733993530162,0.027260735630989047,0.520850956439972,0.01903887465596199,0.46394118666648865,0.17552167177200317,-0.12106627225875866,0.10966223664581773,-0.03536999225616466,0.2726880908012391,-0.10379356145858765,0.0749536454677582,0.1799638271331785
1656268598.png,0.1407596161589026,-0.07500556111335749,0.008415594696998624,-0.04285095632076266,-0.017449632287025396,-0.058991983532905634,-0.05598612129688263,-0.04529234766960144,-0.1012811586260796,-0.08358253538608554,0.0634255548939109,-0.013115912675857544,-0.0634255548939109,0.013115912675857544,-0.009598255157470745,0.2759549915790557,0.03200733847916126,0.3280573785305022,0.041728422045707717,0.03890705108642589,0.10696866735816002,-0.009618937969207653,0.03199456632137296,0.544087678194046,0.0164740402251482,0.4831843078136444,0.1682412177324295,-0.1069399118423463,0.1262323074042797,-0.03728961944580078,0.05997571349143982,0.1206339001655582,0.0498325377702713,0.15287679433822599
1656268599.png,0.1388724276330322,-0.07325789332389832,0.008278131484985352,-0.044852733612060575,-0.016571030020713834,-0.059321090579032926,-0.05330571532249451,-0.0435823649168014,-0.10014507919549938,-0.08528831601142883,0.06659681885503231,-0.014140009880065918,-0.06659681885503231,0.014140009880065862,-0.015107855200767503,0.2696209251880646,0.03140149591490626,0.3068626821041108,0.054770529270172105,0.049044787883758434,0.10564057528972623,-0.007801353931427002,0.02840609848499301,0.5287806689739227,0.013185005169361828,0.48065188527107233,0.1580246537923813,-0.07217907905578624,0.12948966026306152,-0.011946499347686546,0.06365627050399775,0.10251623392105125,0.051977843046188354,0.1256459355354309
1656268600.png,0.13623691606335345,-0.07369528710842133,0.007516384124755832,-0.04262943565845487,-0.017032369971275385,-0.05884425342082977,-0.05801330506801605,-0.04890620708465576,-0.09779591113328931,-0.08579935133457184,0.06712439167313278,-0.013176068663597107,-0.06712439167313278,0.013176068663597051,-0.015402935445308713,0.2737126350402832,0.03250195970758796,0.28548029065132147,0.03783326596021652,0.022382020950317383,0.09997693821787834,-0.00608593225479126,0.03560802340507507,0.5233032703399658,0.015655554365366694,0.46197172999382013,0.15724673867225647,-0.10845154523849476,0.10936014167964458,-0.015271663665771262,-0.11051411926746371,0.21400952339172352,0.05243420600891113,0.16056060791015636
1656268601.png,0.1375937222037464,-0.07371433079242706,0.0066750794649124146,-0.042959600687027005,-0.017890930175781222,-0.058503061532974215,-0.05909441411495203,-0.04847972095012659,-0.09931417554616928,-0.08641375601291659,0.06695944652892649,-0.012123122811317444,-0.06695944652892649,0.0121231228113175,-0.014209724962711362,0.2701389491558075,0.03240167396143079,0.30738371610641474,0.052179761230945615,0.025976896286010742,0.08540360257029533,-0.03252464532852184,0.02637694776058197,0.5373646318912506,0.018296773079782728,0.48063462972640986,0.16332799196243286,-0.10490924119949352,0.11205813474953175,-0.013825237751007191,0.06550800800323492,0.14859992265701294,0.06156499683856961,0.13969182968139648
1656268602.png,0.13908137287944555,-0.07342572510242462,0.007339954376220648,-0.04283054172992706,-0.017945617437362726,-0.05885036289691925,-0.058083787560462924,-0.04848918318748477,-0.09744937717914579,-0.08677008748054504,0.06515133287757637,-0.011467859148979187,-0.06515133287757637,0.011467859148979243,-0.011682160198688563,0.27398934960365295,0.03181922249495984,0.3262412548065186,0.05419502407312396,0.03906524181365967,0.10479545593261722,-0.02762490510940563,0.028434813022613525,0.5355266630649566,0.016625015065073964,0.48064023256301874,0.1664355099201202,-0.10702598094940163,0.1119537353515625,-0.016854524612426758,-0.10971902310848236,0.19627499580383312,0.0644221156835556,0.14158570766448975
1656268603.png,0.1408579982817173,-0.10839103162288666,0.007729753851890564,-0.04438027739524844,-0.023738190531730624,-0.058807417750358554,-0.05844418704509735,-0.027689501643180847,-0.11215551197528843,-0.062240451574325645,0.06924642994999887,-0.010177657008171082,-0.06924642994999887,0.010177657008171137,-0.00580477714538577,0.2914135754108429,0.038779422640800476,0.330148696899414,0.07799166440963742,0.03730851411819447,0.11073251813650131,0.0037083029747009277,0.03414013981819153,0.5564028322696685,0.01707443408668041,0.501164972782135,0.15085808932781217,-0.10910534858703613,0.12978149391710758,-0.011609077453613503,0.031006336212158203,0.10394328832626354,0.03796426951885218,0.12025403976440463
1656268604.png,0.13816092396155,-0.16114275157451632,-0.011167377233505194,-0.04753530025482175,-0.024597719311714117,-0.05478931963443753,-0.10495661199092868,-0.01696932315826416,-0.11920456588268283,-0.018181681632995578,0.06805309141054748,-0.00021758675575256348,-0.06805309141054748,0.000217586755752619,0.03516215085983279,0.28926441073417664,0.046863180585205555,0.37035670876502985,0.10886196792125702,0.0362491011619569,0.13181871920824048,-0.0018096566200256348,0.01672875881195074,0.5193329751491547,0.04453527648001909,0.5612805187702181,0.20918841660022733,-0.00849980115890503,0.2189375534653663,-0.014601171016693448,0.06980600953102112,-0.050327539443969505,0.02024132013320934,-0.04820680618286133
1656268605.png,0.13716420996934175,-0.15804480016231534,-0.010903581976890536,-0.046459943056106595,-0.02847832441329956,-0.052927762269973755,-0.103865884244442,-0.016197562217712402,-0.1164870634675026,-0.015771716833114652,0.06839475501328708,-0.005014240741729736,-0.06839475501328708,0.005014240741729681,0.055575966835021945,0.29180842638015747,0.04934323765337467,0.36872285604476934,0.13762971758842463,0.05667853355407715,0.14174482226371765,0.03939729928970348,0.02809312939643857,0.5218621492385863,0.04735047183930874,0.5555368065834045,0.26812794804573065,0.024661362171173207,0.2557492293417454,0.024567246437072865,0.09272873401641829,-0.10331058502197277,0.05860677361488337,-0.1389143466949463
1656268606.png,0.13827935326844454,-0.15517148375511175,-0.011033877730369568,-0.04916374385356903,-0.026402294635772733,-0.05672894418239596,-0.09813377261161806,-0.01560118794441226,-0.11565752327442165,-0.016718059778213473,0.06827852595597506,-0.003704547882080078,-0.06827852595597506,0.003704547882080078,0.037640273571014404,0.28609308600425704,0.04840247519314289,0.36889883875846846,0.13867956399917597,0.037052929401397816,0.14201926440000534,0.040902554988861195,0.029122918844223022,0.5222491323947906,0.04619516246020794,0.5532976686954498,0.24981358647346497,0.02352190017700162,0.2423575483262539,0.010936558246612327,0.10795336961746216,-0.07827073335647572,0.04197746515274048,-0.09547692537307717
1656268607.png,0.13885857770219445,-0.15475086867809296,-0.010695621371269226,-0.04996553063392639,-0.026138007640838623,-0.056820720434188815,-0.09921758621931075,-0.015518292784690857,-0.1195467859506607,-0.020669028162956293,0.06716454634442924,-0.004698604345321655,-0.06716454634442924,0.0046986043453216,0.037941887974739075,0.28918007016181946,0.04753172118216753,0.36897841095924383,0.12464205920696261,0.03978431224822987,0.1443511992692947,0.041575193405151145,0.030418276786804227,0.5241328775882721,0.046095685102045536,0.5635375678539276,0.23074972629547114,0.019361674785613903,0.2271505557000637,0.02324545383453358,0.09199091792106634,-0.07341790199279785,0.043818533420562744,-0.11273169517517068
1656268608.png,0.1387174571864307,-0.15916056931018824,-0.009944662451744052,-0.05022573471069339,-0.02708558738231659,-0.058014482259750366,-0.09825573116540914,-0.014864295721054077,-0.11645188927650452,-0.01708938181400302,0.06722205830737948,-0.0008176267147064209,-0.06722205830737948,0.0008176267147064209,0.040521711111068726,0.2937069237232209,0.04924545343965292,0.3694674670696259,0.1534652560949325,0.04585134983062744,0.15773542970418927,0.019675016403198242,0.03059026598930356,0.5181345641613007,0.04667580034583808,0.5847552120685575,0.2512161284685135,0.04060250520706166,0.255946084856987,-0.00347548723220803,0.10717436671257025,-0.09722733497619618,0.05831238627433777,-0.13913631439208995
1656268609.png,0.136295931879431,-0.16196613013744354,-0.01025351881980896,-0.04705707728862765,-0.028002902865409823,-0.05273608863353732,-0.10435572266578672,-0.01633661985397336,-0.12013793364167215,-0.019523099064826965,0.06630954379215835,-0.002760469913482666,-0.06630954379215835,0.0027604699134826105,0.039758890867233276,0.2944052517414093,0.048514616675674915,0.3673498332500457,0.12504294514656064,0.05032956600189209,0.12895936518907544,0.04192304611206055,0.03044191002845767,0.5197494924068451,0.045652841217815876,0.5509125292301178,0.23358228802680975,0.017345666885375977,0.24623042345046997,0.010657310485839955,0.1102712154388426,-0.07487136125564564,0.0564807653427124,-0.12039965391159058
1656268610.png,0.1088050473481417,-0.08898586034774786,0.01449048519134516,-0.04536955058574671,-0.022293388843536405,-0.06211158633232111,-0.03603945672512049,-0.029671236872673035,-0.11118197068572044,-0.07795791327953339,0.06341993995010853,-0.03514659404754639,-0.06341993995010853,0.03514659404754639,-0.0031759291887283464,0.28066721558570873,0.04326363280415535,0.2832835018634796,0.02210207283496858,0.04071366786956765,0.05172263085842134,0.02232646942138672,0.022489994764328003,0.4685056507587432,0.017144866287708282,0.44040146470069885,0.19393366575241083,-0.05791330337524414,0.14101548120379448,-0.04563736915588368,0.18119841814041154,-0.11864453554153431,0.07102547585964206,0.16383534669876076
1656268611.png,0.10513692232780159,-0.10567538440227509,0.018667787313461276,-0.04363720118999484,-0.023170933127403287,-0.059843912720680265,-0.03728955984115595,-0.022820919752120944,-0.1093664690852165,-0.0677771270275116,0.059711321024224155,-0.030800953507423456,-0.059711321024224155,0.0308009535074234,-0.009454920887947083,0.27650505304336553,0.04082978283986449,0.28270450234413147,0.03941900283098222,0.058596134185790905,0.029938139021396637,0.03182727098464966,0.028862185776233687,0.4813349843025208,0.019098475109785792,0.46117523312568665,0.18055270612239843,-0.0318565368652346,0.14174208603799343,-0.04518014192581177,0.04889997839927662,0.09978699684143078,0.05823862552642822,0.1044161319732666
1656268612.png,0.10734091699123383,-0.10119503736495966,0.017575770616531344,-0.04618749022483834,-0.023991212248802213,-0.062023058533668574,-0.038244634866714505,-0.024701759219169617,-0.11162193119525907,-0.0695479214191437,0.0610075369477272,-0.030746877193450928,-0.0610075369477272,0.030746877193450872,6.541609764100509e-05,0.2773158252239226,0.04027898609638215,0.2840557396411895,0.041417442262172685,0.056671977043151966,0.0320519134402275,0.027935445308685525,0.0269233509898186,0.46367010474205017,0.024928875267505642,0.44449403882026667,0.1964925825595855,-0.018550336360931396,0.14001418650150296,-0.01136493682861317,0.04775196313858043,0.10458803176879872,0.056422308087348993,0.11373424530029319
1656268613.png,0.11068369098939002,-0.10894662141799927,0.016100004315376254,-0.047115534543991144,-0.02393996715545657,-0.06269671022891996,-0.03999747335910794,-0.02573823928833005,-0.11145409941673276,-0.07103174924850467,0.0581755901221186,-0.03854489326477051,-0.0581755901221186,0.03854489326477045,-0.003915578126907376,0.2761801779270172,0.040304311085492366,0.29499921202659624,0.0782767236232758,0.07289111614227295,0.051804006099700935,0.03775215148925759,0.044748142361640916,0.49968776106834434,0.03214503126218916,0.4719606935977935,0.1886129975318908,0.005496263504028098,0.1852094680070877,0.018549442291259988,0.10018339753150951,0.041329801082611195,0.05923764407634735,-0.014070570468902699
1656268614.png,0.10886694258078933,-0.09665998816490173,0.0157348513603211,-0.04640863835811615,-0.023886561393737793,-0.06214557588100436,-0.03365692496299749,-0.026389241218566867,-0.1114979200065136,-0.07359167933464048,0.06237097596749665,-0.032326012849807795,-0.062370975967496634,0.032326012849807795,-0.002641148865222931,0.2810193002223968,0.04349982272833586,0.3021347224712371,0.043770760297775255,0.05544269084930431,0.05131996423006059,0.0072612762451171875,0.025854237377643544,0.4837900102138521,0.020567466504871845,0.46084740757942183,0.19181576371192935,-0.038162589073181485,0.14345979504287246,-0.030482828617095725,0.18350058794021606,-0.150712728500366,0.05537267029285431,0.13393372297286976
1656268615.png,0.11064949166029689,-0.09351338446140295,0.014440923929214505,-0.047540083527564975,-0.023913860321044922,-0.06223973631858823,-0.03750675916671753,-0.026434972882270813,-0.11251812055706975,-0.0727146714925766,0.06209487747400999,-0.03615345060825348,-0.06209487747400999,0.036153450608253535,-0.0022584944963455478,0.2886870205402374,0.041731161996722214,0.31044656038284296,0.04229728877544406,0.05470913648605347,0.053331688046455404,0.017093837261200062,0.027186483144760132,0.49096664786338795,0.016654664650559425,0.48120141029357894,0.2010754942893982,0.00020021200180075915,0.18444645032286647,-0.025268077850341797,0.06796714663505554,0.0684341788291929,0.045398786664009094,0.0638321042060852
1656268616.png,0.11092362180352208,-0.09960609674453724,0.015099048614501925,-0.04673166573047646,-0.02387131750583646,-0.062216743826866205,-0.03440167009830469,-0.022603824734687777,-0.11413475126028061,-0.07045130431652066,0.06155079230666161,-0.03266346454620356,-0.06155079230666161,0.03266346454620356,-0.01308489590883255,0.27927759289741505,0.04128959774971008,0.3101334869861604,0.053365096449851976,0.05848950147628795,0.052432969212532016,0.020240843296051136,0.024820052087306962,0.48425838351249695,0.018329663202166557,0.4779780209064485,0.1886172890663147,0.004935562610626443,0.16566609032452106,-0.02172642946243286,0.05430752038955694,0.08617395162582364,0.04891124367713928,0.08500230312347401
1656268617.png,0.13304901169613004,-0.1838735193014145,-0.020685285329818726,-0.045312345027923584,-0.028282716870307895,-0.05210054665803909,-0.11029245704412459,0.004133880138397189,-0.11773860082030299,0.01070607453584671,0.06970651494339108,-0.015068411827087402,-0.06970651494339108,0.015068411827087458,0.022843122482299805,0.28845146298408497,0.04597362969070674,0.3400940001010894,0.1259937584400177,0.018136024475097656,0.11397422850131989,0.03188157081603993,0.047795996069908114,0.5215320885181426,0.06239025015383958,0.5311729609966278,0.2465721815824509,0.004101991653442494,0.20875655487179762,0.07122284173965443,0.10649445652961742,-0.011130869388580433,0.045679897069930975,-0.11137253046035767
1656268618.png,0.13448073156177998,-0.18729838728904724,-0.020830586552619962,-0.04583814740180969,-0.02866564691066742,-0.05161277949810028,-0.11078228056430812,0.003174543380737277,-0.1191227063536644,0.006479322910308838,0.06878653354942799,-0.014561191201210077,-0.06878653354942799,0.014561191201210022,0.037405893206596375,0.29206055402755743,0.049975465983152396,0.3520250618457794,0.12816479802131647,0.030170917510986217,0.1121615543961525,0.021956980228424072,0.03864477574825284,0.5252009034156799,0.061272848397493355,0.5517650544643402,0.25805535912513733,0.022962689399719127,0.21062090992927546,0.047890663146972434,0.09084829688072221,-0.03376924991607655,0.04358580708503723,-0.10847622156143166
1656268619.png,0.1307429070584476,-0.1871741861104965,-0.021963924169540433,-0.04628761112689975,-0.02867119014263153,-0.0523086413741112,-0.11110826581716535,0.001977577805519104,-0.11918094009160995,0.00877263396978381,0.07049748254939912,-0.016271933913230896,-0.07049748254939912,0.01627193391323084,0.07819193601608279,0.2862578034400939,0.051561071537435055,0.35231152176857,0.14216876029968262,-0.003812432289123424,0.11032210290431979,0.022301018238067516,0.0450125336647034,0.5402137041091919,0.07567617204040288,0.5716685354709625,0.3011170327663422,0.010961353778839111,0.24160432815551758,0.026641905307769553,0.1041362583637237,-0.08442461490631115,0.07641997933387756,-0.15996563434600808
1656268620.png,0.12769609875977045,-0.1630966067314148,-0.010471209883689908,-0.04903277009725571,-0.028140276670455988,-0.05554378032684325,-0.0977906733751297,0.0027805790305137357,-0.1187886372208595,0.0011879205703735213,0.06495306082069872,-0.012897670269012451,-0.06495306082069872,0.012897670269012451,0.11491177976131439,0.12287822365760803,0.03194338828325271,0.2738730311393738,0.016636103391647422,0.013449311256408691,0.034442674368619926,-0.014458179473876953,0.050649628043174744,0.5521672368049622,0.046964172273874276,0.5258143544197084,0.22157883644104007,-0.10748863220214822,0.2023849189281463,-0.02947276830673229,0.102713942527771,0.11764049530029264,0.051551774144172724,0.06514674425125111
1656268621.png,0.1504413373768329,-0.11450915038585663,0.002294749021530207,-0.031622052192688016,-0.024710655212402288,-0.042771145701408386,-0.04257574677467346,0.006668016314506531,-0.09885585308074948,-0.010736614465713529,0.10768984630703926,0.0595684796571731,-0.10768984630703926,-0.05956847965717316,0.09056124091148371,0.20643091201782232,-0.029404647648334503,0.2736068665981293,0.005549788475036677,-0.24871155619621277,-0.020443852059543133,-0.12881118059158325,-0.0785477012395859,0.4412162899971009,-0.001314409077167511,0.5337644517421722,0.2833494395017623,-0.12033629417419422,0.24618400633335114,-0.07153433561325062,0.047503530979156494,0.09822702407836903,-0.01947909593582159,0.06409269571304321
1656268622.png,0.14170254766941076,-0.10198730230331424,-0.002337008714675959,-0.03400313854217524,-0.020335793495178278,-0.04268355667591092,-0.051816523075103815,-0.003046154975891141,-0.09306339919567105,-0.01541380584239957,0.10075555741786957,0.055119335651397705,-0.10075555741786958,-0.05511933565139776,0.06152665615081787,0.19916409254074086,-0.06845164112746714,0.24306744337081915,0.015880227088928223,-0.2390476763248443,-0.018858854193240404,-0.14697733521461487,-0.11246192455291748,0.40405166149139404,-0.059394478797912584,0.4997518658638001,0.27093771100044245,-0.09864848852157604,0.23706230521202087,-0.0947333574295044,-0.03986951708793629,0.07957673072814941,-0.056981608271598844,0.07612401247024547
1656268623.png,0.1350212171673775,-0.10161091387271881,0.009440660476684626,-0.024891927838325473,-0.025794684886932373,-0.040025025606155396,-0.027169853448867853,0.007885694503784096,-0.0927283763885498,-0.011009737849235562,0.11742088943719861,0.054555535316467285,-0.11742088943719863,-0.054555535316467285,0.0557114183902741,0.21913477778434753,-0.039626665413379655,0.2502355873584746,-0.0017075538635253351,-0.2441578507423401,0.034155938774347305,-0.13753342628478987,-0.11019232869148249,0.3909711539745332,-0.030868474394083016,0.4871583878993987,0.24046114087104797,-0.04487341642379772,0.1576817221939564,-0.06445431709289551,-0.05061236023902882,0.090961754322052,-0.010026589035987826,0.13098430633544933
1656268624.png,0.11733597889542574,-0.09103499352931976,0.01590275764465343,-0.03016166388988492,-0.02463600039482111,-0.049483820796012934,-0.019782215356826893,-0.005700349807739286,-0.07932895421981812,-0.03985214233398435,0.11209682002663612,0.044648125767707825,-0.11209682002663612,-0.04464812576770777,0.05317726731300354,0.2335645854473114,-0.053345534950494766,0.2875403761863707,0.014126241207122803,-0.24381533265113836,0.16245069727301595,-0.03732424974441517,0.006539702415466309,0.38918545842170704,0.07866735011339188,0.49226039648056014,0.2528749108314514,-0.01708322763442982,0.2310304045677185,-0.047972798347473034,0.0553433895111084,-0.12111610174179077,0.03790894150733948,0.0201418399810791
1656268625.png,0.1581780668348074,-0.13858644664287567,-0.006687462329864502,-0.04337768256664276,-0.018260449171066284,-0.047407954931259155,-0.08802978694438932,-0.01524631679058075,-0.09728918969631198,-0.020259395241737366,0.08454700373113155,0.043717741966247614,-0.08454700373113155,-0.04371774196624756,0.043239250779151917,0.22533878684043868,0.09011529013514516,0.29851600527763367,0.16591247916221613,-0.002883911132812389,0.233707681298256,-0.026633501052856556,-0.04816542565822601,0.460921198129654,-0.009992074221372604,0.5462760031223296,0.2939779758453369,-0.2162511944770814,0.2558267191052437,-0.07021957635879505,0.06849300861358631,0.004305481910705566,0.2244364619255066,-0.13415879011154175
1656268626.png,0.15561797469854358,-0.12562967836856842,-0.008571207523345892,-0.043228551745414734,-0.020029693841934204,-0.04702353477478027,-0.08154389262199407,-0.017916157841682462,-0.0906824469566345,-0.023246407508850098,0.09060593694448468,0.03616426885128021,-0.0906059369444847,-0.03616426885128027,0.056715875864028986,0.2536504864692688,0.0988227277994156,0.293051987886429,0.1623125970363617,-0.00938504934310913,0.30347719788551314,0.02787572145462025,-0.060710072517394964,0.4518526792526246,-0.015875168144702884,0.5255499780178072,0.28978261351585394,-0.2079393267631532,0.2633658275008201,0.02333766222000111,0.2546435892581939,0.031173646450042725,0.1662789583206178,-0.21568834781646729
1656268627.png,0.15007991716265684,-0.09800082445144653,0.0008564293384551447,-0.04270343482494349,-0.01827400922775274,-0.048483088612556485,-0.07172389328479767,-0.034183800220489585,-0.0909432321786881,-0.05152021348476407,0.08350136503577232,0.045111984014511164,-0.08350136503577232,-0.04511198401451111,0.024136945605278015,0.2613441050052642,0.05410269647836685,0.28532692790031433,0.11873555183410645,-0.00951814651489269,0.2973389327526093,0.0046672821044921875,-0.065548375248909,0.45916411280632025,-0.04476144164800643,0.5491693913936615,0.20812264084815973,-0.07838279008865379,0.2695842981338501,0.009716272354125866,0.3195790052413941,-0.10957288742065419,0.13002610206603993,-0.26433366537094105
1656268628.png,0.13928218558430674,-0.11654521524906156,0.00207525491714472,-0.03890356421470645,-0.020260334014892634,-0.04744581878185272,-0.05741788446903223,-0.01611220836639407,-0.09230145812034599,-0.030810728669166593,0.08411717787384987,0.06426438689231873,-0.08411717787384987,-0.06426438689231873,-0.025256678462028476,0.21791973710060109,-0.019779287278652156,0.30880752205848694,0.14052268862724304,-0.030588984489440807,0.26498664915561676,-0.016855061054229625,-0.06312359869480133,0.43399325013160706,-0.026672609150409678,0.5460662543773651,0.259514719247818,-0.037878990173339844,0.28939637541770935,0.0051558017730714,0.18466553092002863,-0.16753661632537842,0.01045382022857666,0.013288438320159912
1656268629.png,0.14816132560372355,-0.08297909796237951,0.0037551522254943293,-0.03690116107463831,-0.0189658403396607,-0.04562647640705103,-0.05755856633186335,-0.020306825637817383,-0.08562882244586939,-0.04256308078765872,0.0731980241835117,0.05750702321529383,-0.0731980241835117,-0.05750702321529383,0.030957669019699152,0.21382474899291987,-0.06039096042513847,0.3156646788120269,0.1150987446308136,-0.03771299123764038,0.2880958504974842,-0.035231828689575195,-0.05028973519802088,0.444681465625763,-0.03217700123786926,0.5385310351848602,0.25457368791103363,-0.0009244680404665306,0.29425624758005137,0.031429946422576904,0.16512376070022583,-0.2001015543937682,-0.005917131900787298,0.00025975704193115234
1656268630.png,0.15022009238600725,-0.10824450850486755,-0.006821930408477672,-0.037668108940124484,-0.020109236240386907,-0.041211485862731934,-0.07782462239265447,-0.008066296577453641,-0.08830080926418307,-0.017123982310295133,0.07060923799872398,0.05939739942550665,-0.07060923799872401,-0.05939739942550659,-0.022272780537605258,0.21463420987129206,-0.06373348087072371,0.316072255373001,0.18607099354267118,-0.024730563163757324,0.2921813279390335,-0.024035215377807506,-0.06298199295997622,0.43185958266258223,-0.03538428246974944,0.5431923568248749,0.26381435990333557,0.03791087865829479,0.31719017773866653,0.026111066341400146,0.17095601558685308,-0.2149181365966797,-0.006103485822677557,-0.001648843288421853
1656268631.png,0.1433355249464512,-0.05621257424354553,0.006439834833145086,-0.037019893527031,-0.013908684253692682,-0.04693023860454559,-0.05207741260528559,-0.03402507305145258,-0.0792355388402938,-0.05660104751586917,0.07230940833687782,0.06516054272651672,-0.07230940833687784,-0.06516054272651672,-0.032573163509368924,0.22311589121818542,-0.029809877276420593,0.30566176772117615,0.15735521912574765,-0.036420345306396484,0.26132535189390177,-0.01593136787414562,-0.05024366080760953,0.4420831501483916,-0.03156129270792006,0.5455308258533478,0.40466250479221344,-0.20350271463394154,0.2756740003824234,0.08583980798721302,0.009789228439331055,-0.007337033748626709,0.2699444890022278,-0.2731494903564452
1656268632.png,0.14621515572071073,-0.058220088481903076,0.006853967905044556,-0.0378503352403641,-0.014062672853469849,-0.04622487723827362,-0.051979899406433105,-0.034883782267570496,-0.07699790596961972,-0.05882111191749573,0.07496269047260287,0.0659816563129425,-0.07496269047260287,-0.0659816563129425,-0.02438186109066018,0.22729799151420593,0.006355449557304382,0.30113711953163147,0.11667855083942422,-0.05015641450881958,0.2338050752878189,-0.009527325630187988,-0.06193907558918005,0.4298407733440398,-0.04995490610599518,0.5237614214420317,0.3321673721075058,-0.20215922594070423,0.28236396610736847,0.05781507492065452,0.10918444395065308,0.0020201802253723145,0.2909861207008362,-0.22391581535339367
1656268633.png,0.14635527878999705,-0.06483456492424011,0.005799025297164917,-0.03989459574222565,-0.015514969825744629,-0.046749040484428434,-0.055916994810104315,-0.031571894884109525,-0.08305352926254264,-0.0591887831687927,0.07717991620302203,0.0586864054203034,-0.077179916203022,-0.058686405420303345,-0.02493084967136383,0.21515277028083796,-0.021111749112606035,0.30539706349372864,0.14451281726360318,-0.015692293643951416,0.2614275589585304,-0.011213183403015137,-0.04966555535793307,0.4529620110988614,-0.022912889719009413,0.5436357557773589,0.2439759224653244,0.023797869682312234,0.286752387881279,0.06329363584518444,0.19034889340400696,-0.2342754602432251,0.27490267157554626,-0.2506856918334961
1656268634.png,0.14192387834191322,-0.07820652425289154,0.007165938615799006,-0.036253005266189575,-0.016044378280639593,-0.04557481408119202,-0.05287775397300726,-0.024056315422058078,-0.0845423191785813,-0.04916916787624359,0.07328096404671672,0.05434130132198334,-0.07328096404671669,-0.05434130132198334,0.03286200761795041,0.22534197568893433,-0.056967023760080344,0.3049173057079315,0.10738000273704523,-0.024247050285339244,0.2870473973453045,-0.007937967777252086,-0.06715846061706546,0.433283567428589,-0.0369439162313938,0.5340901911258696,0.430727481842041,-0.17876696586608898,0.29666830226778984,0.012040138244629017,0.020366311073303334,-0.007080972194671631,0.27074873447418213,-0.1933434009552002
1656268635.png,0.1612636744976044,-0.10313075780868533,-0.00885209441184992,-0.03793597221374509,-0.0164928138256073,-0.0403338223695755,-0.07760873436927801,-0.00459897518157959,-0.09299102425575256,-0.00863559544086459,0.07074964046478269,0.05993951857090002,-0.07074964046478269,-0.05993951857089996,0.0034508705139160156,0.21758869290351862,-0.08303001150488853,0.3085711598396301,0.12794458866119396,-0.028695285320281982,0.2796797715127468,-0.0035021305084229626,-0.09434038400650019,0.44523766636848455,-0.06875289976596832,0.5476718544960022,0.264803946018219,0.0216022729873655,0.29611049592494965,0.04595071077346813,0.1884649395942688,-0.2200655937194822,0.012024104595184326,-0.05794304609298728
1656268636.png,0.14671976119279867,-0.05058176815509796,0.0017817318439484198,-0.04157829284667969,-0.009975671768188477,-0.0474792271852493,-0.06698918342590338,-0.045425206422805786,-0.07879507541656494,-0.055781483650207575,0.07451067119836807,0.061568394303321894,-0.07451067119836804,-0.061568394303321894,0.017722398042678833,0.19594806432723993,-0.07859847322106359,0.31017127633094793,0.11798208951950073,-0.03263986110687256,0.284466702491045,-0.037501394748687744,-0.07958012819290156,0.40941584110259993,-0.0666566118597984,0.5126270949840546,0.24553486704826355,0.020468056201934814,0.29088620096445084,0.028763711452484242,0.18189650774002075,-0.20070654153823841,-0.08119165897369385,0.17609798908233643
1656268637.png,0.17330673336982721,-0.0781693160533905,-0.010106563568115179,-0.040267184376716586,-0.016773462295532116,-0.04143682122230527,-0.07716429233551031,-0.012992262840271052,-0.09193977713584905,-0.020379424095153864,0.0721118152141571,0.043567389249801636,-0.0721118152141571,-0.043567389249801636,-0.01889634132385254,0.22238531708717346,-0.10754625499248505,0.31631377339363087,0.13810333609580994,-0.030754625797271617,0.2860330790281295,-0.03759974241256703,-0.0900417119264603,0.42553433775901794,-0.07157393544912338,0.5082300603389741,0.2517658621072769,0.06671488285064708,0.28401079028844833,0.08024162054061879,0.18525677919387806,-0.22348523139953635,-0.009441167116165106,-0.09457921981811546
1656268638.png,0.15616743266582483,-0.056381568312645014,0.00545871257781988,-0.03671006858348849,-0.015004068613052313,-0.047597095370292636,-0.05469623208045965,-0.032058790326118386,-0.0840226411819458,-0.05656123161315915,0.07293407618999487,0.05718694627285009,-0.07293407618999484,-0.05718694627285004,0.013952106237411499,0.23942759633064253,-0.09002017602324483,0.30772846937179554,0.11348497867584223,-0.06269145011901855,0.28728982433676714,-0.04468071460723877,-0.08788062632083898,0.4206735789775848,-0.07551246136426923,0.5079590678215028,0.2483394593000411,0.04922592639923096,0.3064060732722282,0.05934679508209206,0.180093675851822,-0.21804547309875477,-0.017251312732696478,0.011590123176574707
1656268639.png,0.1473118402063847,-0.06030923128128052,0.006593942642211914,-0.038619980216026334,-0.015149533748626653,-0.04874840378761294,-0.0512323677539826,-0.028718873858451843,-0.08036731183528906,-0.053235217928886386,0.07308745756745336,0.058173239231109675,-0.07308745756745336,-0.05817323923110962,0.0014433264732361395,0.20989355444908137,-0.07836218923330307,0.3267339766025543,0.11541703343391418,-0.013128280639648438,0.2829495072364807,-0.03618133068084717,-0.07741095125675196,0.4080849587917326,-0.061931334435939775,0.5198632776737213,0.2500526160001755,0.005810737609863503,0.2937738895416259,0.03155374526977539,0.18634891510009755,-0.173159658908844,0.012533813714981135,-0.03859567642211914
1656268640.png,0.15144621580839163,-0.06197419762611395,0.007465749979019165,-0.03589911758899683,-0.0164661705493927,-0.049954414367675726,-0.04904085397720337,-0.025584548711776733,-0.08269327878952021,-0.05108065903186798,0.07242300361394882,0.05395525693893438,-0.0724230036139488,-0.05395525693893438,-0.059870839118957464,0.21441265940666193,-0.08921502158045766,0.33503124117851263,0.15745487809181213,-0.024277448654174805,0.2853447161614895,-0.043387413024902344,-0.09269461035728449,0.41340443491935724,-0.06997685134410855,0.5148421227931979,0.43220651149749767,-0.15967750549316417,0.30405181646347046,0.006510376930236705,0.01050901412963845,-0.013665437698364036,-0.035817623138427734,-0.0028269290924072266
1656268641.png,0.17487371712923044,-0.06325958669185638,-0.011477082967758123,-0.04409089684486389,-0.021474480628967285,-0.04559241235256192,-0.0773230791091919,-0.012502551078796414,-0.09025189280509949,-0.02046975493431094,0.07178742438554764,0.04900480806827551,-0.07178742438554764,-0.04900480806827551,-0.05934585630893707,0.2189346849918365,-0.10215792804956436,0.3387559056282044,0.16096143424510956,-0.019864976406097412,0.28614615648984915,-0.04645019769668579,-0.09627974033355713,0.4072339236736297,-0.07182331383228302,0.5186237692832947,0.2606654465198517,0.05494791269302346,0.24387907981872559,0.06055486202240001,0.16960978507995605,-0.2008913755416868,-0.05512106418609619,0.03302299976348866
1656268642.png,0.1788529083132745,-0.05247092247009277,-0.01200965046882635,-0.04285044968128207,-0.017275631427765004,-0.042345449328422574,-0.07465946674346935,-0.013301610946655273,-0.08435320854187012,-0.018325999379157992,0.0618724450469017,0.046564787626266424,-0.06187244504690173,-0.046564787626266424,-0.07879742980003357,0.21862354874610906,-0.13672099262475965,0.3390552103519438,0.16387578845024114,-0.02583169937133789,0.2950108274817467,-0.04629790782928467,-0.11256740987300876,0.41320273280143743,-0.10514530539512633,0.518413573503494,0.39236728847026825,-0.13561010360717773,0.279976025223732,0.0227456092834476,0.04078984260559093,-0.013993501663208008,-0.03240785002708435,-0.06948292255401634
1656268643.png,0.18005085736513132,-0.06019504368305206,-0.012943923473358043,-0.04244820773601532,-0.017642438411712646,-0.04070350527763372,-0.07407167553901683,-0.010865449905395536,-0.08300307393074025,-0.015545725822448675,0.05962479859590525,0.051441714167594965,-0.059624798595905276,-0.05144171416759491,-0.07783764600753784,0.20545014739036555,-0.13552525639534002,0.3327247500419618,0.14918938279151928,-0.006274700164795033,0.2899288386106491,-0.02831530570983909,-0.10895505547523493,0.4166713058948515,-0.10456008464097978,0.5123632550239562,0.27928709983825684,0.001574993133545033,0.28757994621992117,0.054384052753448486,0.15112972259521495,-0.1611221432685852,-0.12727165222167977,0.1460028290748595
1656268644.png,0.16867462545633316,-0.045799076557159424,-0.003696829080581665,-0.042306944727897616,-0.014652371406555176,-0.043326899409294156,-0.07349780201911926,-0.030547425150871332,-0.08250007033348083,-0.04057721793651575,0.06276599317789078,0.05897027254104609,-0.06276599317789078,-0.05897027254104614,-0.08282205462455755,0.2022890746593476,-0.12804987654089928,0.34028515219688416,0.15465539693832403,-0.00805652141571045,0.29098404571413994,-0.029844939708709717,-0.11171901226043701,0.4089679419994356,-0.10154335200786592,0.519065946340561,0.27913832664489757,0.03362464904785145,0.27528381347656244,0.08552932739257801,0.17039790749549866,-0.19789695739746094,-0.047530740499496404,-0.07143181562423706
1656268645.png,0.13516362383961678,-0.09479610621929166,0.005651414394378718,-0.03821671009063721,-0.015854299068450928,-0.048104688525199946,-0.05540201067924502,-0.028913378715515164,-0.09126356244087216,-0.04997818171977997,0.08385539427399638,0.06719040870666504,-0.08385539427399637,-0.06719040870666504,-0.015038028359413147,0.23454394936561584,0.028387926518917084,0.3021819293498993,0.14182633161544791,0.007924795150756725,0.2400968372821808,-0.013508081436157227,-0.05384956300258639,0.4500778615474701,-0.03052917867898939,0.5526310503482817,0.2291468381881714,0.08475852012634266,0.2634785771369934,0.07870024442672752,0.20624417066574108,-0.3032083511352538,0.028402864933013916,0.009069979190826194
1656268646.png,0.14332659170031548,-0.0853266417980193,0.014351427555084229,-0.03494156897068024,-0.018364012241363525,-0.05041064321994784,-0.03351759910583496,-0.017345860600471524,-0.08644713461399081,-0.056236237287521335,0.08527923747897148,0.06787708401679993,-0.08527923747897148,-0.06787708401679987,0.06697133183479309,0.21217849850654613,-0.048788100481033325,0.31013515591621393,0.08144173026084905,-0.05946570634841919,0.21871118992567062,-0.03362458944320679,-0.07659272849559787,0.4147978127002717,-0.040790282189846046,0.5361646115779877,0.2544355243444443,-0.08666139841079712,0.25373847782611847,-0.05876260995864879,0.18437433242797857,-0.10069310665130615,0.016028106212616022,0.09102708101272605
1656268647.png,0.1687771454453469,-0.10019484162330625,-0.01182445883750921,-0.040277525782585144,-0.019287467002868652,-0.04213035106658938,-0.08135902881622309,-0.0009551495313644409,-0.09446239471435547,-0.006549879908561679,0.07055271416902542,0.05851085484027868,-0.0705527141690254,-0.05851085484027868,-0.05756817758083335,0.21772828698158248,-0.09554225951433179,0.31737935543060297,0.19231344759464267,-0.02976083755493164,0.279568187892437,-0.005822002887725719,-0.09168452024459833,0.3932738602161406,-0.05179114639759061,0.5294424891471863,0.45472344756126404,-0.13602614402770974,0.30960339307785034,-0.011462748050689697,-0.002349376678466797,-0.007714509963989369,0.007716715335845947,-0.08008211851119995
1656268648.png,0.14857018366456032,-0.05453886091709137,0.007013529539108276,-0.03896187245845789,-0.014451771974563599,-0.04689295589923864,-0.0584478378295899,-0.0355275124311448,-0.0826800316572189,-0.05835509300231928,0.07218082621693608,0.05272062122821802,-0.07218082621693611,-0.05272062122821808,-0.0018679052591323575,0.21776324510574346,-0.05111606791615486,0.306870013475418,0.08675879240036011,-0.003561675548553578,0.26456661149859423,0.0011093616485595703,-0.060457497835159274,0.4441202878952026,-0.044610656797885895,0.5371119678020477,0.26087026298046107,-0.018404722213745006,0.30518582463264465,0.01364666223526001,0.1901808679103853,-0.17341852188110352,0.01171925663948059,-0.014688670635223389
1656268649.png,0.14154921099543571,-0.07948938012123113,0.007545948028564398,-0.04015040397644043,-0.016949743032455444,-0.046903014183044434,-0.05426186323165888,-0.034348607063293485,-0.08344972133636472,-0.05853570997714996,0.07884031161665916,0.0668644905090332,-0.07884031161665915,-0.0668644905090332,-0.016438305377960233,0.22279497981071467,0.021616302430629716,0.2937863171100616,0.15347222983837136,-0.03158998489379883,0.24610941112041473,-0.004076063632965088,-0.06419667601585388,0.44490483403205855,-0.03763647377490999,0.548969894647598,0.23910655081272125,0.03495752811431907,0.24922531098127365,0.06865906715393066,0.21288827061653126,-0.2585300207138064,0.027920484542846735,-0.007101893424987682
1656268650.png,0.13470048084855082,-0.07751436531543732,0.010751157999038696,-0.03767229616642001,-0.01765501499176031,-0.04912635684013367,-0.03804486989974981,-0.02334800362586975,-0.0835102647542953,-0.05668623745441437,0.08431238308548927,0.06257052719593054,-0.08431238308548926,-0.06257052719593048,-0.014900863170623752,0.21147006750106806,-0.03340763971209524,0.30258670449256897,0.1407163143157959,-0.011937618255615234,0.274052757769823,-0.010069191455841175,-0.06402333080768585,0.4371723532676695,-0.03997580707073211,0.5300562083721161,0.26427580416202545,-0.011574268341064342,0.3197022005915642,0.044885098934173584,0.17897546291351313,-0.19259804487228405,-0.020871341228485163,0.02405381202697765
1656268651.png,0.13884427025914187,-0.07139100134372722,0.008701413869857788,-0.037235334515571594,-0.01653364300727833,-0.046378418803215,-0.041022330522537176,-0.02419993281364441,-0.0835210084915162,-0.059703141450881986,0.0775439627468586,0.055206671357154846,-0.0775439627468586,-0.0552066713571549,-0.01782390475273135,0.2084912359714507,-0.0027415528893470903,0.28860694169998163,0.14391180872917178,-0.00046885013580322266,0.260779932141304,-0.00025182962417591437,-0.04085230827331543,0.44756343960762024,-0.0028395503759384155,0.5461638569831846,0.24521717429161072,0.05300295352935769,0.29469623416662205,0.04711794853210449,0.18941780924797058,-0.2645098567008971,0.2522699832916261,-0.25075966119766213
1656268652.png,0.1362100765109062,-0.07477891445159907,0.00922995805740362,-0.03725938498973852,-0.014498770236968939,-0.04789932072162631,-0.04258206486701965,-0.028071671724319486,-0.08165395259857178,-0.05997404456138611,0.07955897599458692,0.0629018247127533,-0.07955897599458692,-0.0629018247127533,-0.01381762325763694,0.2307893931865692,0.03131067752838136,0.28861501812934875,0.1441351473331451,-0.02603292465209972,0.24206161499023438,-0.00409698486328125,-0.05851937830448145,0.45082297921180736,-0.03390914946794509,0.542954593896866,0.23766082525253296,0.05819469690322854,0.2487721517682076,0.0958217978477478,0.2673855423927306,-0.2846583127975463,0.014806777238845714,0.019619762897491122
1656268653.png,0.1429145485162735,-0.06712007522583008,0.007702857255935669,-0.039151325821876554,-0.01610580086708069,-0.047130554914474515,-0.05079191923141485,-0.03500524163246152,-0.0813803672790527,-0.06084616482257843,0.07514016330242154,0.05647486448287964,-0.07514016330242157,-0.05647486448287964,-0.019446104764938354,0.21902623772621144,0.01198665052652359,0.29071226716041554,0.15203136205673215,-0.014806270599365012,0.24461238831281656,-0.002555072307586448,-0.03887961804866785,0.4674227535724639,-0.01510456204414369,0.5498097240924835,0.250427946448326,0.05853110551834095,0.3065574169158935,0.07242429256439198,0.18380448222160345,-0.2816009521484373,0.2604776322841645,-0.27365732192993153
1656268654.png,0.14228129759430885,-0.07323312759399414,0.008616775274276733,-0.037909582257270785,-0.014282077550888062,-0.047842219471931485,-0.045516788959503174,-0.029172390699386652,-0.08113843202590942,-0.06013016402721402,0.0768234021961689,0.0635452568531037,-0.07682340219616891,-0.06354525685310364,-0.015164598822593717,0.22988697886466974,0.031735584139823914,0.2878241240978241,0.12456029653549192,-0.007234752178192139,0.22854200750589376,0.008677363395691029,-0.05425533652305603,0.4483230412006379,-0.030607119202613817,0.5437781512737274,0.23046110570430756,0.10092210769653331,0.263914592564106,0.11958193778991666,0.21429842710495006,-0.3228627443313601,0.010336548089981079,0.018266320228577215
1656268655.png,0.13947238773107523,-0.06630386412143702,0.00829684734344488,-0.037845835089683505,-0.016889572143554688,-0.04773686826229093,-0.04679548740386963,-0.032427668571472196,-0.08110454678535453,-0.05763927102088931,0.07757087796926498,0.052092596888542175,-0.07757087796926498,-0.052092596888542175,0.06964221596717834,0.20668497681617742,-0.03463118523359299,0.2945777773857117,0.07369902729988093,-0.020774364471435547,0.26910627633333206,0.0018900036811829724,-0.04510784149169922,0.4023527801036834,-0.007152855396270766,0.5200900435447693,0.3272230625152588,-0.16989970207214344,0.32791192829608923,-0.01457160711288441,0.1116034984588623,0.00959700345993042,0.22328403592109664,-0.16418248414993308
1656268656.png,0.15931136161088943,-0.08440515398979187,-0.007361322641372681,-0.04322575032711029,-0.015583842992782593,-0.045328885316848755,-0.076324462890625,-0.019778132438659696,-0.08438244462013245,-0.02643759548664093,0.0706197991967201,0.06576463580131531,-0.07061979919672012,-0.06576463580131531,-0.03877823054790497,0.20562908053398132,-0.0440089777112007,0.32111260294914246,0.1719354242086412,-0.033272385597229115,0.26657434552907944,-0.009070098400115967,-0.06683963537216184,0.4236442744731904,-0.03747284412384032,0.5419932901859282,0.2767227590084076,0.0018821954727171741,0.31852026283741003,0.02933049201965332,0.17638587951660156,-0.19113689661026,0.2500938475131988,-0.20631974935531605
1656268657.png,0.1751673817634582,-0.09262096881866455,-0.011165261268615667,-0.03886370360851282,-0.018753856420516912,-0.039349764585494995,-0.08291956782341003,-0.0058873444795609076,-0.09247130155563349,-0.013285636901855469,0.06671005487442017,0.054643318057060186,-0.06671005487442017,-0.05464331805706024,-0.04883997142314914,0.22055885195732133,-0.08890607953071594,0.33496469259262085,0.18427874147892,-0.03873932361602794,0.2878745496273041,-0.03224295377731323,-0.09066444635391235,0.4486073553562164,-0.07313105463981628,0.5307193398475647,0.28128927946090704,0.05142563581466675,0.32357457280158997,0.05481612682342529,0.18486884236335738,-0.24737334251403797,-0.012898087501525823,-0.08524167537689209
1656268658.png,0.17463449388742452,-0.07280351221561437,-0.009278684854507502,-0.04353427886962888,-0.018546491861343384,-0.04414892196655268,-0.07546830177307129,-0.01204180717468259,-0.08593088388442999,-0.021688386797904996,0.06638769060373312,0.052534833550453186,-0.06638769060373309,-0.052534833550453186,-0.05762460827827459,0.2249237596988678,-0.10104573518037793,0.34227222204208374,0.18057289719581593,-0.03724855184555054,0.28835671395063395,-0.05194205045700073,-0.09171476960182198,0.43250682950019836,-0.07863818854093547,0.5319206714630125,0.2713302671909332,0.04513227939605713,0.2853448763489723,0.061678707599640004,0.16703173518180847,-0.2181262969970703,-0.0037458539009093683,-0.124855637550354
1656268659.png,0.14322906360030174,-0.06639710068702687,0.0051385462284088135,-0.03995852172374725,-0.01452210545539856,-0.04505810141563418,-0.051472634077072144,-0.02781173586845398,-0.07914350926876063,-0.057309582829475375,0.07120312377810478,0.059078484773635864,-0.07120312377810478,-0.05907848477363581,-0.010855481028556796,0.21990445256233226,-0.0028680786490440507,0.29534742236137396,0.15359422564506528,-0.023737788200378418,0.2532240748405457,-0.009193420410156361,-0.05083191394805908,0.4459958374500276,-0.02819578349590303,0.5526276528835299,0.2544675320386886,0.0751689076423645,0.2869191989302636,0.0893126130104065,0.19149968028068548,-0.2847771644592285,0.008149802684783825,-0.009343326091766468
1656268660.png,0.1464270129799843,-0.057666391134262085,0.004904955625534002,-0.0400554686784744,-0.01413965225219721,-0.046516448259353665,-0.060651540756225586,-0.03778707981109622,-0.08010153472423562,-0.05710013210773468,0.07116555422544477,0.05557778477668768,-0.07116555422544478,-0.05557778477668762,0.07187329232692724,0.212579995393753,-0.03301940113306044,0.30453601479530334,0.08947578072547913,-0.02348083257675171,0.26399872452020645,0.0003007054328918457,-0.045943096280097906,0.4347602427005767,-0.01596517115831375,0.5389640033245088,0.40538290143013,-0.19827139377593994,0.31650329381227493,0.00540250539779652,0.031452953815460205,0.004462718963623047,0.2297300100326538,-0.19658082723617554
1656268661.png,0.1570278480648994,-0.10241223871707916,-0.005547136068344061,-0.03967449069023132,-0.01837465167045582,-0.04127328097820285,-0.07857325673103327,-0.004619553685188321,-0.09070658683776861,-0.013740494847297696,0.06823346763849253,0.06362408399581909,-0.06823346763849256,-0.06362408399581909,-0.010557949542999157,0.22144621610641468,-0.060647152364254026,0.2934425473213196,0.1393490731716156,-0.029924571514129528,0.26300410181283945,-0.004947781562805176,-0.07043629884719849,0.43858808279037476,-0.037449724972248105,0.5512780547142027,0.2955725491046907,0.04255563020706177,0.32329412549734104,0.041723132133484,0.19955220818519592,-0.24243921041488647,0.27786898612976074,-0.23511266708374012
1656268662.png,0.1519508808851242,-0.0411275178194046,0.0030839741230010986,-0.04322925209999079,-0.013823270797729492,-0.047632172703742925,-0.06003811955451971,-0.03673334419727328,-0.08136641979217529,-0.05856497585773471,0.06795604526996613,0.051778897643089294,-0.06795604526996614,-0.051778897643089294,-0.02554258704185486,0.21812072396278387,-0.022935427725315066,0.2995877861976624,0.1542166769504547,-0.01626664400100708,0.2444163635373115,-0.004624009132385254,-0.05237533152103421,0.44266501069068925,-0.03098904341459273,0.5371583104133608,0.24425260722637174,0.07109713554382302,0.271802507340908,0.0829404592514037,0.18518486618995667,-0.2674257159233092,0.27786421775817877,-0.2717825174331665
1656268663.png,0.14649274572730067,-0.05455434322357183,0.007555127143859919,-0.03761413693428042,-0.014457821846008356,-0.04697075486183161,-0.051726281642913874,-0.032101705670356695,-0.08315010368824,-0.058051064610481234,0.07335403189063072,0.05098915100097656,-0.07335403189063071,-0.05098915100097662,0.03614249825477597,0.22068563103675842,-0.04467556625604628,0.3029735982418061,0.08414527773857122,-0.0223771333694458,0.2670201361179352,0.0023505687713623047,-0.05063477158546445,0.43860915303230286,-0.028919868171215043,0.533158928155899,0.3248916566371918,-0.19940036535263062,0.3029620796442032,0.036657750606536976,0.1115151047706604,0.009663105010986328,0.2575511634349822,-0.2231135368347168
1656268664.png,0.1457923911511898,-0.052857145667076166,0.005776256322860718,-0.0363572686910629,-0.015025794506073054,-0.047687157988548196,-0.05312791466712952,-0.032982632517814636,-0.08319264650344846,-0.05594389140605929,0.07393765076994896,0.051047459244728144,-0.07393765076994895,-0.051047459244728144,0.04534846544265747,0.20389130711555475,-0.06793596781790258,0.29765033721923834,0.11073443293571467,-0.022423148155212513,0.28717152960598463,-0.015035152435302734,-0.05758894979953766,0.42217269539833074,-0.030239924788475064,0.522695779800415,0.26927448809146887,0.030281126499175803,0.2989661470055579,0.04734426736831665,0.17193311452865595,-0.20685529708862282,0.26043814420700084,-0.22724461555480957
1656268665.png,0.15202639997005457,-0.11106571555137634,-0.010987609624862615,-0.03956775367259982,-0.02114608883857716,-0.04018087685108185,-0.07654207944869995,-0.0015031099319458008,-0.09135273098945626,-0.009639352560043335,0.07160739600658417,0.061497569084167425,-0.07160739600658417,-0.061497569084167425,0.04434415698051447,0.22187712788581854,-0.0841485746204853,0.2985356748104095,0.10573697090148931,-0.034392595291137584,0.27928294613957405,-0.005362987518310547,-0.08080269396305084,0.4408822953701019,-0.057080764323472984,0.5376210510730741,0.24926196038722986,0.023006200790405384,0.29484762623906136,0.02833324670791615,0.19898506999015825,-0.2230878472328186,-0.0064745247364043634,-0.07215529680252053
1656268666.png,0.14445766806602478,-0.08879174292087552,0.0052988529205322266,-0.033170506358146695,-0.023157179355621282,-0.043614119291305625,-0.03956994414329529,-0.007763981819152832,-0.08783872425556188,-0.03196027874946589,0.07271096110343933,0.04923567175865179,-0.07271096110343936,-0.04923567175865179,0.03900605440139776,0.2155334055423735,-0.07600369304418561,0.29567733407020574,0.11582189798355103,-0.03925389051437367,0.28679346293210983,-0.010066747665405273,-0.06570875644683835,0.3976737558841705,-0.027971126139163957,0.4975792467594146,0.2808540165424346,-0.1818057894706726,0.29411689192056656,-0.03370404243469238,0.15314781665802008,0.03440004587173451,0.025564759969711304,-0.029120385646819957
1656268667.png,0.1311134211719036,-0.1561713814735413,-0.0038827657699585516,-0.0342610627412796,-0.019636332988739014,-0.04458124935626981,-0.06946988403797144,-0.012006983160972567,-0.10227023065090182,-0.022196948528289767,0.09571049734950068,0.042425125837326105,-0.09571049734950066,-0.04242512583732605,0.06297460198402402,0.21355327963829035,0.11742579191923141,0.2613641917705536,0.16724419593811046,0.013303995132446289,0.3051224946975708,0.053606033325195424,-0.03152894973754883,0.43198308348655695,0.019234906882047653,0.5181386172771455,0.27519431710243225,-0.1987716555595398,0.2572617940604686,-0.023701906204223744,0.15127384662628174,0.01693648099899292,0.1596530675888061,-0.16883623600006104
1656268668.png,0.14552100747823715,-0.12392024695873258,-0.008014529943466187,-0.03610885143280029,-0.01981025934219366,-0.04213909804821023,-0.07204368710517878,-0.014752581715583857,-0.09096446633338925,-0.01801379024982447,0.08726679533720016,0.03892929852008814,-0.08726679533720016,-0.038929298520088196,0.04618760943412781,0.22332531213760382,0.06288808584213254,0.2872660458087921,0.1459918618202209,0.0077893733978271484,0.31086908280849457,0.02830362319946289,-0.04924580454826355,0.44367986917495733,-0.01611141860485077,0.5351588428020476,0.23889520764350897,-0.05952352285385132,0.19668206572532654,-0.0615081787109375,0.091257333755493,-0.12494349479675293,0.20790758728981024,-0.14538824558258034
1656268669.png,0.1404782384634018,-0.039258107542991694,0.001432865858078003,-0.032612115144729614,-0.008808195590972956,-0.03486809134483332,-0.06089752912521362,-0.048731580376625006,-0.06748849153518671,-0.056999757885932895,0.07570590078830719,0.04426385462284088,-0.07570590078830719,-0.04426385462284088,0.03041335940361023,0.207316815853119,0.018546178936958313,0.2779165208339692,0.13713982701301575,0.011192023754119762,0.30386562645435333,0.026459991931915172,-0.07250715792179105,0.3924970030784606,-0.05205053091049196,0.5005167424678802,0.24992184340953819,-0.18244898319244374,0.2590084373950958,-0.12674039602279674,0.029328525066375788,0.01767861843109131,0.12738022208213817,-0.06298547983169545
1656268670.png,0.14559955149888992,-0.03038094937801361,0.0031997859477996826,-0.036818742752075195,-0.005866199731826838,-0.036258846521377563,-0.061152249574661255,-0.04890604317188263,-0.05811393260955805,-0.05475194752216342,0.07520211488008505,0.047655925154685974,-0.07520211488008502,-0.047655925154685974,0.03605860471725458,0.20725351572036743,0.019127801060676575,0.28452959656715393,0.1296880841255188,0.009029269218444824,0.3075990676879884,0.023405969142913707,-0.0667548179626466,0.40608423948287975,-0.05765506625175473,0.5066216886043546,0.25120195746421814,-0.1978633999824525,0.26832355558872234,-0.1276866793632505,0.00965139269828802,0.015936553478240856,0.1278511583805082,-0.06538498401641846
1656268671.png,0.14759186282753944,-0.11411432921886447,-0.009568065404892023,-0.03819282352924347,-0.02253186702728266,-0.04083004593849185,-0.07585600018501279,-0.011741712689399691,-0.08966268599033361,-0.0162091255187988,0.08651599660515785,0.042915344238281194,-0.08651599660515784,-0.04291534423828125,0.06436905264854431,0.2157116532325744,0.06315384060144423,0.2972877621650696,0.14241692423820496,0.01726949214935314,0.31813126802444464,0.023012936115264893,-0.054186269640922546,0.4475030303001402,-0.01671562343835832,0.5345498323440551,0.263924553990364,-0.21455270051956155,0.2065068930387497,-0.17819243669509877,0.05832391977310186,0.0133836269378661,0.2055057585239411,-0.02471458911895741
1656268672.png,0.1485241279006004,-0.03689958155155176,0.001200169324874878,-0.03599384427070629,-0.007994383573532049,-0.03820493817329418,-0.06290841102600092,-0.05180422961711878,-0.06555530428886414,-0.05307082831859583,0.08122655004262921,0.047064259648323004,-0.08122655004262921,-0.04706425964832306,0.04523634910583496,0.21009951829910284,0.03180757164955139,0.2829038202762604,0.13966378569602977,0.00977170467376709,0.32004471123218536,0.026303529739379883,-0.08591584861278528,0.4099776744842529,-0.05174925923347473,0.5084509551525116,0.22431986033916468,-0.10131984949111927,0.2159703522920609,-0.10110795497894287,0.1052838265895843,-0.07590091228485107,0.20010417699813837,-0.087399423122406
1656268673.png,0.1384300291538238,-0.007466316223144587,0.0034205317497253973,-0.04258698225021357,-0.009232044219970592,-0.04314893484115595,-0.06563618779182429,-0.04073479771614075,-0.06753188371658331,-0.05228918790817255,0.08906593918800354,0.04107981920242304,-0.08906593918800354,-0.041079819202423096,-0.017926007509231567,0.23062446713447576,-0.0055970847606658936,0.2774820625782013,0.13742259144783014,-0.005844891071319469,0.30679544806480413,0.025393128395080455,-0.1180507242679596,0.43579736351966875,-0.09500337392091752,0.5180772840976714,0.24505847692489624,-0.013953804969787709,0.2732508257031441,-0.03942883014678933,0.029892534017562866,-0.18594074249267567,0.1223686933517455,-0.1695016622543336
1656268674.png,0.15153181552886963,-0.0644875019788741,-0.004775583744049072,-0.036247372627258356,-0.010729968547821045,-0.04003956913948059,-0.06428140401840216,-0.03993272781372062,-0.06852620840072632,-0.04219929873943329,0.08417209982872009,0.046758249402046204,-0.08417209982872009,-0.04675824940204615,0.031312525272369385,0.2104734778404237,0.03485286235809326,0.28600636124610906,0.139150321483612,0.013047456741333008,0.306850105524063,0.02490943670272827,-0.06962084770202634,0.4356068968772888,-0.040238723158836365,0.5248571336269381,0.38054242730140675,-0.22583025693893422,0.25841303169727325,-0.040096938610077015,-0.08100831508636475,0.02416127920150757,0.13887643814086909,-0.16203266382217407
1656268675.png,0.15160137414932248,-0.11490342020988462,-0.00990805029869074,-0.04105798900127414,-0.020684301853179876,-0.04419259727001193,-0.07554540038108837,-0.01221323013305664,-0.0868839323520661,-0.013919666409492493,0.09212824702262881,0.032175555825233404,-0.0921282470226288,-0.032175555825233404,0.06776097416877735,0.22962412238121038,0.08209225535392757,0.2919513583183288,0.05004674196243286,-0.23739269375801086,0.31009215116500854,0.0225166678428651,-0.043607041239738575,0.4622207581996917,-0.0058314427733421464,0.5412828326225279,0.20423524081707006,-0.06675910949707031,0.2102534100413323,-0.04681253433227528,0.12299349904060353,-0.12392997741699208,0.21898132562637324,-0.16397833824157715
1656268676.png,0.14936587586998942,-0.11663809418678286,-0.00878646969795227,-0.0384374856948852,-0.019304275512695257,-0.04336717724800104,-0.07673779129982,-0.014009982347488459,-0.09196405112743386,-0.01651245355606079,0.09211770072579381,0.03752090036869049,-0.09211770072579381,-0.03752090036869049,0.05854719877243042,0.22640371322631836,0.0733241215348244,0.29440459609031666,0.05332037806510925,-0.23851084709167475,0.3156484365463256,0.030834853649139515,-0.05932930111885071,0.4713856577873229,-0.026942357420921326,0.5540148913860321,0.2459912002086641,-0.0296189785003661,0.19449656456708908,-0.05434983968734741,0.08731579780578602,-0.17306923866271973,0.24112504720687866,-0.15867751836776733
1656268677.png,0.15408997982740402,-0.10305808484554288,-0.007681041955947876,-0.037541538476944025,-0.015564680099487305,-0.03885729610919955,-0.07542157173156738,-0.01607155799865717,-0.08461111783981326,-0.020619109272956848,0.08990057557821274,0.03685143589973444,-0.08990057557821274,-0.03685143589973444,0.05033800005912781,0.22638931870460505,0.06727777421474457,0.28833320736885065,0.04660826921463007,-0.23878589272499073,0.3135181963443755,0.03221815824508678,-0.05224481225013736,0.46359929442405684,-0.01243051141500473,0.5346090495586395,0.20279905200004586,-0.046560168266296276,0.19744694977998734,-0.01622551679611206,0.10006216168403631,-0.15872716903686512,0.20781415700912476,-0.18601465225219727
1656268678.png,0.1566652581095695,-0.09963919222354892,-0.00809749960899342,-0.03782320022583002,-0.017927229404449407,-0.03948009014129636,-0.07560083270072943,-0.019033193588256864,-0.08592052757740024,-0.024800583720207242,0.08979644626379013,0.03753444552421564,-0.08979644626379013,-0.0375344455242157,0.0536531507968902,0.22491934895515447,0.06695368885993958,0.28981563448905945,0.04490742087364202,-0.23938962817192083,0.3147223740816115,0.02953141927719105,-0.048231542110443115,0.46190515160560625,-0.014972478151321397,0.5370582640171052,0.23438683152198786,-0.015379369258880948,0.18660883605480194,-0.017756402492523304,0.049512952566146795,-0.18754369020462025,0.22224685549736017,-0.187383770942688
1656268679.png,0.1568452008068562,-0.09878721833229065,-0.008110880851745605,-0.03558662533760068,-0.017814874649047907,-0.03961482644081116,-0.07562112808227545,-0.021609425544738825,-0.08676788210868838,-0.025862902402877835,0.08877186849713326,0.03852902352809906,-0.08877186849713324,-0.03852902352809906,0.0533236563205719,0.22551313042640686,0.06729195266962047,0.2931672930717468,0.04605233669281,-0.24035254120826727,0.31315115094184875,0.028660953044891357,-0.04815289378166196,0.46391454339027394,-0.017149172723293332,0.5392335653305054,0.2334490716457366,-0.017744958400726096,0.18748816847801208,-0.01876622438430775,0.06842112541198736,-0.187868893146515,0.220713883638382,-0.18751972913742077
1656268680.png,0.1576011031866073,-0.09872514009475705,-0.00801020860671997,-0.03601177036762243,-0.01784625649452204,-0.03973889350891116,-0.07628613710403437,-0.021541327238082886,-0.08730486035346988,-0.02491450309753418,0.0889601856470108,0.03827038407325739,-0.08896018564701082,-0.038270384073257446,0.0535192191600799,0.22517582774162298,0.06893415749073027,0.29193058609962463,0.04665637016296387,-0.23997908830642706,0.31179918348789215,0.028853237628936768,-0.04943087697029111,0.4625422656536104,-0.015894688665866852,0.5372606813907622,0.23491248488426195,-0.01684236526489269,0.1863577738404274,-0.016532778739929088,0.049391746520996094,-0.1870923638343811,0.22158551216125477,-0.18775677680969238
1656268681.png,0.1561041884124279,-0.09862796962261197,-0.008269697427749634,-0.03571069240570063,-0.01810139417648321,-0.03951506316661832,-0.07600066065788275,-0.020869851112365778,-0.08781503140926356,-0.0245039910078049,0.09011293575167656,0.03706169128417969,-0.09011293575167655,-0.03706169128417969,0.05295708775520319,0.2264691293239594,0.06649782508611678,0.2914231121540069,0.04483145475387584,-0.2394512295722962,0.3154060244560243,0.03099912405014038,-0.049931421875953674,0.46562990546226507,-0.014278069138526944,0.5382808148860931,0.23467357456684118,-0.015496969223022572,0.20135114341974258,-0.019266664981842152,0.06620794534683233,-0.1894109845161437,0.2063148021697998,-0.18536114692687977
1656268682.png,0.15535115823149684,-0.1015586405992508,-0.00761750340461731,-0.0378597229719162,-0.016160279512405396,-0.039335697889327975,-0.07647269964218134,-0.016152217984199524,-0.08950062096118927,-0.022184446454048184,0.09063225612044332,0.03628715872764582,-0.0906322561204433,-0.036287158727645874,0.05167189240455633,0.22929236292839056,0.0682786777615547,0.2907767593860626,0.04406103491783142,-0.24123245477676386,0.314599707722664,0.03376579284667969,-0.0493489056825637,0.4675918519496917,-0.014153949916362776,0.5388329327106477,0.23443461954593667,-0.019806861877441295,0.1886055022478103,-0.016346812248230203,0.08543267846107472,-0.1787492036819458,-0.03795224428176877,-0.0038231611251829944
1656268683.png,0.15889595076441765,-0.09719295799732211,-0.009002625942230225,-0.0362650603055954,-0.015706807374954224,-0.04057376086711881,-0.07741492986679077,-0.021714136004447937,-0.08446665108203885,-0.02230314910411829,0.0895564965903759,0.037554264068603516,-0.08955649659037593,-0.037554264068603516,0.05936497449874878,0.22163307666778564,0.06402287632226944,0.2933772802352905,0.04111677408218389,-0.23539969325065618,0.31304557621479046,0.028137922286987305,-0.06121073663234716,0.46849411725997914,-0.029263749718666063,0.5376740097999573,0.23088003695011144,-0.0507655143737793,0.21663848310709005,-0.04160541296005271,0.06584140658378612,-0.1508672833442688,0.20271825790405268,-0.1631997227668761
1656268684.png,0.15606492012739176,-0.06382825970649708,0.0004961788654327948,-0.037390321493148915,-0.014794468879699707,-0.039896577596664456,-0.07021465897560125,-0.0401815921068191,-0.0857227742671966,-0.0478055477142334,0.08793210238218307,0.03323018550872803,-0.08793210238218309,-0.03323018550872803,0.05969291925430298,0.22618871927261358,0.05726833641529082,0.2858890891075135,0.04833683371543884,-0.23044297099113453,0.3138214945793152,0.030847132205963246,-0.0717272013425827,0.4439386725425721,-0.04090388864278793,0.511465847492218,0.1866661161184311,-0.05520772933959961,0.23381058126687998,-0.0771847367286681,0.11856156587600708,-0.12408012151718151,0.19809994101524359,-0.10592442750930797
1656268685.png,0.15660675987601277,-0.06376016139984136,0.0010094642639160156,-0.039199233055114635,-0.016403019428253174,-0.04071326553821561,-0.07019668817520142,-0.03829570114612588,-0.0821683406829834,-0.04717525839805603,0.08830982074141505,0.03343239426612854,-0.08830982074141507,-0.033432394266128485,0.05668091773986811,0.22384050488471985,0.05856341868638991,0.28543820977210993,0.05118978023529053,-0.22902700304985052,0.3149355500936507,0.03449338674545288,-0.062332510948181236,0.4448794424533844,-0.03938924521207807,0.5246263444423673,0.1932458579540253,-0.05178344249725353,0.22024665772914886,-0.05681478977203347,0.09815111756324768,-0.1304473280906676,0.20949083566665644,-0.13654667139053334
1656268686.png,0.1598813906311988,-0.059515029191970825,-0.00207078456878651,-0.03798234462738037,-0.011830419301986694,-0.03777158260345456,-0.07416597008705145,-0.04522824287414551,-0.0745035707950592,-0.04926697909832006,0.08759493380784991,0.034109413623809814,-0.08759493380784991,-0.03410941362380976,0.06294062733650208,0.2226855456829071,0.059173017740249634,0.2865230739116668,0.047651708126068004,-0.22761192917823786,0.3134913891553878,0.031831562519073486,-0.06982268393039712,0.4422461688518523,-0.02715023607015611,0.5208328068256376,0.17076025903224953,-0.054880738258361816,0.2180485799908638,-0.1090201735496521,0.12803304195404036,-0.12705272436141957,0.19658696651458735,-0.08277988433837868
1656268687.png,0.15928419306874272,-0.06055141985416407,-0.0012432336807250421,-0.03744408488273626,-0.013201057910919245,-0.039707154035568265,-0.073472410440445,-0.043737053871154785,-0.0799998641014098,-0.048920795321464594,0.0879393704235554,0.034476861357688904,-0.0879393704235554,-0.034476861357688904,0.05821567773818964,0.22643408179283142,0.05560076981782916,0.2878705859184265,0.051424771547317505,-0.23090538382530212,0.3169681429862976,0.03203737735748291,-0.06959831714630138,0.44215360283851624,-0.027768082916736603,0.5212672352790831,0.20068335533142095,-0.04962259531021118,0.22030280530452728,-0.10705578327178955,0.12252220511436462,-0.12672919034957897,0.19778630137443537,-0.08239609003067005
1656268688.png,0.1631586700677871,-0.05442127585411077,-0.001743555068969671,-0.03845784068107605,-0.012043237686157227,-0.038751363754272405,-0.07566079497337347,-0.047655209898948586,-0.07874682545661921,-0.0496962517499924,0.08831049501895907,0.03582614660263067,-0.08831049501895907,-0.03582614660263067,0.06079259514808649,0.2209875881671905,0.057716339826583835,0.28748920559883123,0.04821044206619268,-0.22801679372787476,0.31715404987335205,0.03390246629714966,-0.07100513577461245,0.443867713212967,-0.03981553018093109,0.5241204798221588,0.19904956221580503,-0.05421757698059115,0.231842502951622,-0.0852663516998291,0.10176777839660645,-0.12673473358154275,0.19822266697883595,-0.10667955875396717
1656268689.png,0.1641067154705524,-0.056096345186233576,-0.002120226621627752,-0.03778357803821558,-0.012071490287780706,-0.03829288482666013,-0.07604232430458074,-0.04639554023742676,-0.07844075560569769,-0.04836280643939969,0.08798106387257576,0.0363045334815979,-0.08798106387257577,-0.0363045334815979,0.06022730469703674,0.21970465779304504,0.05523663014173509,0.28698286414146423,0.048339635133743286,-0.22778901457786566,0.3166414648294448,0.03333640098571777,-0.07197679579257968,0.4420625865459442,-0.028457216918468448,0.5265802443027496,0.20122312009334561,-0.07906579971313477,0.23631325364112854,-0.11237120628356934,0.09721553325653082,-0.10443633794784546,0.17831692099571228,-0.08255273103714
1656268690.png,0.16355323046445847,-0.055364146828651484,-0.001853853464126587,-0.037744402885436956,-0.0117542445659638,-0.03840689361095423,-0.07541859149932861,-0.045502543449401855,-0.07772907614707941,-0.04727919399738312,0.08823876827955252,0.03598155081272125,-0.08823876827955249,-0.03598155081272125,0.05995604395866394,0.21835699677467357,0.053845703601837186,0.2892143726348877,0.0478693544864654,-0.2254070937633516,0.3161626011133195,0.030431985855102428,-0.06141553819179543,0.4381308853626251,-0.02813588082790372,0.5112178325653076,0.1605154722929001,-0.053096652030944935,0.23589730262756348,-0.09802198410034169,0.12674075365066528,-0.12818217277526844,0.17699128389358515,-0.08344459533691417
1656268691.png,0.1634325385093689,-0.05620677769184118,-0.0017527639865875244,-0.03785160183906555,-0.01197224855422968,-0.03848358988761896,-0.07588431239128118,-0.04642269015312192,-0.07912224531173717,-0.048583850264549255,0.08692455291748047,0.03657813370227808,-0.08692455291748048,-0.03657813370227814,0.06640386581420898,0.2224831879138947,0.059218585491180406,0.28709667921066284,0.04356551170349121,-0.23145180940628046,0.31470787525177,0.03312993049621571,-0.07053038477897641,0.43883553147315985,-0.04130463302135466,0.5224295854568483,0.17034295201301577,-0.05495643615722656,0.2300644069910049,-0.08387374877929699,0.12851741909980768,-0.12797486782073975,0.20022481679916382,-0.10793226957321167
1656268692.png,0.16234292462468147,-0.05735389888286585,-0.001795947551727295,-0.03819558024406439,-0.011493116617202759,-0.039143577218055836,-0.07512325048446655,-0.04697299003601074,-0.07691746950149536,-0.04929542541503901,0.08827798441052437,0.03967620432376856,-0.08827798441052438,-0.039676204323768616,0.058929711580276434,0.22331497073173529,0.05679468065500261,0.2884889245033264,0.048540681600570734,-0.236806720495224,0.3150753974914551,0.03322499990463257,-0.07459446787834165,0.43772545456886297,-0.041574262082576724,0.528111159801483,0.17082330584526054,-0.05892503261566173,0.2319402694702148,-0.09019482135772705,0.12876486778259272,-0.12726670503616322,0.19492214918136608,-0.10583931207656849
1656268693.png,0.16316657513380048,-0.05471271276473999,-0.002456486225128174,-0.039911180734634455,-0.011661022901535034,-0.03900608420372009,-0.07485151290893544,-0.04613599181175221,-0.07761785387992853,-0.04979713261127472,0.08726831525564191,0.03728321194648743,-0.08726831525564191,-0.03728321194648743,0.06586012244224548,0.22233524918556213,0.05352695286273956,0.2875819504261016,0.04375454783439647,-0.231866866350174,0.31815925240516657,0.03278750181198131,-0.07232645153999329,0.43850937485694885,-0.04118700325489043,0.5240072906017302,0.17165607213974005,-0.056332767009734996,0.23089951276779175,-0.08653926849365212,0.1287822723388672,-0.12720566987991344,0.19586962461471558,-0.10653895139694225
1656268694.png,0.16241317242383962,-0.05789649486541748,-0.002000331878662165,-0.03807651996612549,-0.012116789817810059,-0.03887338936328888,-0.07556331157684332,-0.046195611357688904,-0.07907727360725408,-0.04865045845508578,0.08842792361974716,0.03959965705871582,-0.08842792361974718,-0.03959965705871582,0.058935731649398804,0.2235744297504425,0.05460160970687865,0.28783461451530457,0.04823768138885498,-0.2372345328330993,0.3166578561067581,0.03262948989868164,-0.07290811836719513,0.43584057688713074,-0.028737686574459062,0.5256213843822479,0.19933645427227015,-0.07780307531356823,0.2355343177914619,-0.08778446912765492,0.10361373424530035,-0.10197436809539784,0.1784626841545105,-0.10603219270706188
1656268695.png,0.1624628752470016,-0.05487947165966034,-0.0017031431198119562,-0.03830140829086304,-0.012132257223129217,-0.03917925059795385,-0.07504242658615107,-0.04620181024074552,-0.07848864793777466,-0.04885809123516077,0.0882960706949234,0.037144407629966736,-0.08829607069492341,-0.037144407629966736,0.05891421437263489,0.2183714509010315,0.057303324341774,0.2875390946865082,0.04832926392555231,-0.22707310318946844,0.3159353584051134,0.03307849168777466,-0.07214960455894476,0.4403640031814575,-0.028302155435085283,0.5255814492702484,0.19921362400054937,-0.07800745964050315,0.21807342022657394,-0.0884706974029541,0.12033486366271973,-0.10783678293228127,0.1997604370117187,-0.10571175813674938
1656268696.png,0.16397840529680255,-0.05687248706817627,-0.0022669434547424316,-0.03760759532451627,-0.012103110551834106,-0.03830802440643302,-0.07525706291198725,-0.04491344094276434,-0.0783090889453888,-0.047151133418083246,0.08675066381692884,0.03762221336364746,-0.08675066381692884,-0.03762221336364746,0.06190627813339239,0.21719449758529674,0.05529153347015378,0.2877500653266907,0.04795357584953314,-0.22698813676834112,0.3157467097043992,0.032913923263549805,-0.07195967435836786,0.4383786320686339,-0.041584864258766174,0.5137686133384705,0.17164850234985352,-0.0552598237991333,0.24807780981063837,-0.09996277093887329,0.12869542837142944,-0.1284365653991698,0.17878261208534246,-0.08280211687088013
1656268697.png,0.1628715917468072,-0.05510635673999781,-0.0023252964019775946,-0.039890006184578025,-0.011870265007019098,-0.03850704431533819,-0.0749246776103974,-0.04443204402923584,-0.07795557379722595,-0.048749536275863675,0.08727668970823288,0.03684996068477625,-0.08727668970823285,-0.036849960684776306,0.062042623758316096,0.21825250983238226,0.05582785606384283,0.28833287954330433,0.04736536741256714,-0.2269397377967835,0.3164265900850296,0.03144699335098278,-0.07073369622230527,0.4371152222156525,-0.04118039458990096,0.5117117762565613,0.1693039536476136,-0.054076850414276234,0.2474295273423195,-0.09902137517929077,0.12931367754936213,-0.12760615348815907,0.1795041561126709,-0.08246254920959473
1656268698.png,0.1620957367122174,-0.05460965633392334,-0.0021440684795380194,-0.04030351340770719,-0.011831134557724055,-0.039144545793533325,-0.07557383179664606,-0.044872954487800626,-0.0788210928440094,-0.0487986505031586,0.08785353228449821,0.03754153847694397,-0.08785353228449821,-0.03754153847694397,0.059204548597335815,0.2176225483417511,0.057941220700740786,0.28901222348213185,0.04865095019340515,-0.22622582316398626,0.3136746883392335,0.03126758337020885,-0.07476477324962613,0.44142356514930725,-0.041195571422576904,0.5162639915943147,0.20216552913188937,-0.08029121160507213,0.23023971170186996,-0.10083955526351929,0.09966129064559931,-0.10596996545791615,0.19624614715576166,-0.0844085216522219
1656268699.png,0.16358057409524918,-0.05571380257606512,-0.002243280410766657,-0.03997944295406333,-0.012142270803451594,-0.03860098123550415,-0.07591509819030762,-0.04433421790599823,-0.07921603322029108,-0.048678651452064486,0.08849547058343887,0.03676983714103693,-0.08849547058343887,-0.03676983714103699,0.059500664472579956,0.21711882948875433,0.060321420431137085,0.28888043761253357,0.04818570613861073,-0.2262656688690185,0.3118696063756942,0.030444085597991943,-0.07024154067039487,0.43925622105598455,-0.028442524373531355,0.5232947766780853,0.16789138317108152,-0.056023597717285156,0.23650065809488297,-0.08643639087677013,0.12901690602302562,-0.12791579961776733,0.17851844429969788,-0.10656756162643422
1656268700.png,0.16401575133204457,-0.05903530120849615,-0.0024586617946624756,-0.037811949849128695,-0.01293116807937622,-0.03868691623210899,-0.07590535283088684,-0.0428742170333862,-0.0795806348323822,-0.045741274952888544,0.08731306716799739,0.0378029346466065,-0.0873130671679974,-0.0378029346466065,0.060298711061477606,0.21612215042114252,0.053308539092540755,0.28814524412155157,0.0480526983737945,-0.2258432805538177,0.31526249647140514,0.031305670738220215,-0.07340209186077123,0.4382002353668211,-0.04137300699949263,0.5260004997253418,0.1876428872346878,-0.07861334085464478,0.24808265268802643,-0.11190485954284668,0.11383962631225586,-0.10459917783737183,0.17790630459785461,-0.0840613842010497
1656268701.png,0.16309852525591859,-0.056279912590980585,-0.0020037591457368054,-0.03774645924568171,-0.012373834848403986,-0.038360476493835394,-0.07493400573730469,-0.04488541185855868,-0.0781857967376709,-0.04802787303924558,0.08703077957034108,0.037471875548362676,-0.08703077957034107,-0.03747187554836273,0.06558543443679815,0.22042161226272589,0.05576663464307781,0.28854134678840637,0.04387405514717102,-0.22958463430404663,0.3129945695400239,0.031144559383392334,-0.07045274972915647,0.43647408485412614,-0.04169345647096635,0.5125524103641511,0.18555468320846566,-0.07751101255416881,0.5141423940658568,-0.21465134620666515,0.09602504968643183,-0.10509371757507335,-0.08831679821014388,0.03059774637222279
1656268702.png,0.16330523043870926,-0.05600436031818384,-0.002077728509902954,-0.039891511201858576,-0.01208871603012085,-0.03886590898036962,-0.07585477828979498,-0.044097140431404114,-0.07910469174385071,-0.04836265742778781,0.08775249868631363,0.037767186760902405,-0.08775249868631363,-0.03776718676090235,0.05950692296028143,0.21658623218536377,0.05795314908027646,0.28811988234519953,0.048979461193084606,-0.22682404518127447,0.3104647248983383,0.03031778335571289,-0.07381872832775116,0.43780285120010387,-0.04311907291412352,0.5130039751529694,0.18705184757709503,-0.08008849620819114,0.2511779516935348,-0.09949284791946422,0.11726236343383789,-0.10400998592376698,0.1759846508502962,-0.08512938022613525
1656268703.png,0.16376252472400668,-0.05632005631923681,-0.0029207766056060236,-0.04129743576049799,-0.01287189126014704,-0.03914336860179887,-0.07605916261672985,-0.043127849698066684,-0.07679432630538946,-0.04935279488563546,0.08744473755359647,0.03670798242092138,-0.08744473755359648,-0.036707982420921326,0.05971714854240423,0.2160451710224151,0.05779927968978883,0.2868592143058777,0.04956263303756714,-0.2265693843364716,0.31179890036582947,0.03196793794631958,-0.0626701265573501,0.4385595023632049,-0.0307837277650833,0.5233123302459718,0.1774778813123703,-0.05662858486175537,0.25750587880611425,-0.08923166990280162,0.11540013551712036,-0.12691742181777943,0.15891414880752547,-0.10563921928405762
1656268704.png,0.16075723990797997,-0.08176502585411077,-0.005176186561584473,-0.03926976025104517,-0.018751084804534912,-0.03978069126605982,-0.07422366738319403,-0.028440684080123874,-0.09034751355648044,-0.03480546176433566,0.09017791971564293,0.03863447904586792,-0.09017791971564294,-0.03863447904586792,0.05576685070991516,0.2202555239200592,0.05225028842687608,0.287748247385025,0.0463176965713501,-0.23873773217201233,0.3171160519123077,0.02861875295639038,-0.07793189585208896,0.4523134529590608,-0.03754841536283492,0.5268209278583527,0.20662374794483188,-0.07128679752349854,0.21620993316173553,-0.08760654926300049,0.12087464332580566,-0.12612736225128185,0.21129876375198364,-0.1104937195777893
1656268705.png,0.16310853138566017,-0.07571664452552795,-0.0033479332923889715,-0.03945176303386688,-0.018183231353759766,-0.03901720046997073,-0.07589039206504816,-0.03126239776611328,-0.09064072370529175,-0.0385288000106811,0.08935708180069923,0.03513169288635254,-0.08935708180069923,-0.035131692886352595,0.05927625298500061,0.22676292061805736,0.05496726185083389,0.28679212927818293,0.047308653593063354,-0.23821499943733226,0.3156380653381348,0.02899742126464855,-0.06355708837509155,0.4528283178806304,-0.03499969840049745,0.5199576318264008,0.19586181640625,-0.06753927469253529,0.23145393282175064,-0.08563178777694702,0.10232418775558472,-0.12306284904479992,0.19584554433822626,-0.106356680393219
1656268706.png,0.1609381586313248,-0.0726486444473266,-0.0025226175785065807,-0.037427946925163325,-0.01608768105506908,-0.03782856464385992,-0.07384127378463734,-0.03494194149971011,-0.08920219540596003,-0.04245901107788089,0.0899988263845444,0.03469851613044739,-0.08999882638454441,-0.03469851613044739,0.06368649005889887,0.22203239798545837,0.059607878327369704,0.2854405343532561,0.04247203469276428,-0.2318798303604126,0.3112810105085373,0.029993534088134877,-0.06366513669490817,0.4542507231235504,-0.03660614788532256,0.5218512117862701,0.1800270229578018,-0.07012492418289185,0.2326093465089798,-0.059149205684661754,0.11854153871536255,-0.12303394079208374,0.19618436694145203,-0.1356230378150941
1656268707.png,0.16003540158271792,-0.0720148384571076,-0.002031385898590088,-0.03788654506206504,-0.01592808961868286,-0.038207545876502935,-0.07348829507827759,-0.03584830462932587,-0.0885407924652099,-0.04413449764251712,0.08883076906204221,0.03491035103797918,-0.08883076906204222,-0.034910351037979126,0.06021055579185486,0.22452238202095026,0.059295237064361586,0.28760024905204784,0.047610670328140314,-0.23462647199630743,0.3120590448379517,0.028004050254821555,-0.062279924750328036,0.4551893174648283,-0.038079045712947845,0.5223596990108489,0.16612060368061068,-0.045958757400512695,0.2326852306723594,-0.059123694896697776,0.1304306983947754,-0.14730125665664662,0.19714072346687322,-0.13554519414901745
1656268708.png,0.15852299332618708,-0.06801028549671179,-0.0006323754787444513,-0.03875486552715304,-0.014901995658874456,-0.03900191187858584,-0.07336577773094177,-0.038080140948295566,-0.08671653270721436,-0.04539962112903595,0.08877211809158325,0.035435751080513,-0.08877211809158325,-0.035435751080513,0.059914141893386785,0.21640819311141962,0.05439938604831693,0.2887003123760223,0.04777392745018011,-0.22684472799301147,0.31665320694446564,0.027761220932006836,-0.059975445270538386,0.43653821945190413,-0.022649265825748444,0.5206526219844818,0.1636816263198853,-0.029053986072540283,0.23189664632081985,-0.05996239185333263,0.12897470593452454,-0.15090906620025613,0.18306663632392883,-0.13280272483825661
1656268709.png,0.15856961533427244,-0.07076741755008703,-0.0008152127265930731,-0.03875176608562464,-0.015928924083709772,-0.03885830938816065,-0.07228922843933105,-0.03653495013713837,-0.08775277435779574,-0.0453780442476272,0.08912168070673943,0.03578712046146393,-0.08912168070673944,-0.03578712046146393,0.05898207426071167,0.220894455909729,0.05527352541685103,0.286205917596817,0.04834067821502691,-0.23157405853271484,0.3166329562664032,0.02901226282119751,-0.06249766051769254,0.4504026770591735,-0.03714440762996672,0.5203339159488678,0.17997170984745023,-0.06725198030471802,0.23042763024568558,-0.030704915523529053,0.11769679188728333,-0.12407398223876942,0.20111960172653187,-0.16180425882339478
1656268710.png,0.15927001833915708,-0.07125476002693171,-0.0014938414096832275,-0.038384363055229215,-0.015684366226196234,-0.03809238970279699,-0.07316577434539795,-0.03575038909912115,-0.0879384577274323,-0.04312260448932648,0.08864617347717288,0.03593984246253967,-0.08864617347717287,-0.03593984246253967,0.06012183427810658,0.21412250399589539,0.05478192865848537,0.28436872363090515,0.047385394573211836,-0.22561189532279968,0.3164396435022354,0.030418872833251842,-0.06524246931076055,0.4510689079761505,-0.039099097251892104,0.5214979350566864,0.18272912502288818,-0.04333186149597168,0.23206716775894165,-0.05698370933532715,0.11785471439361572,-0.1486719250679015,0.19625884294509882,-0.13816088438034058
1656268711.png,0.15791514515876764,-0.06794618070125574,-0.0007926523685454767,-0.03872446715831762,-0.015326768159866333,-0.03902773559093481,-0.07252034544944763,-0.03807544708251953,-0.0868935883045196,-0.045428305864334106,0.08902987837791443,0.03544567525386805,-0.08902987837791441,-0.0354456752538681,0.06382864713668818,0.22020992636680609,0.054997056722641005,0.2865597605705261,0.044125467538833674,-0.2303566038608551,0.3167969286441803,0.030442416667938232,-0.06221865117549896,0.44983682036399825,-0.026724778115749387,0.5202036499977112,0.16559703648090368,-0.04220026731491067,0.21937420219182968,-0.03240036964416504,0.12861090898513788,-0.15172672271728527,0.1969886422157287,-0.16047203540802013
